  PFT NAME                  HGT_MIN          DBH    BLEAF_MIN    BROOT_MIN BSAPWOOD_MIN   BALIVE_MIN    BDEAD_MIN     BLEAF_BL     BROOT_BL  BSAPWOOD_BL    BALIVE_BL     BDEAD_BL    BLEAF_MAX    BROOT_MAX BSAPWOOD_MAX   BALIVE_MAX    BDEAD_MAX    INIT_DENS MIN_REC_SIZE MIN_COH_SIZE  NEGL_NPLANT          SLA VEG_HCAP_MIN      LAI_MIN      HGT_MAX     DBH_CRIT  ONE_PLANT_C
    1 C4_grass          5.00000E-01  1.21182E-01  2.05195E-02  2.05195E-02  5.97170E-05  4.10987E-02  1.84920E-04  5.45027E-02  5.45027E-02  4.75850E-04  1.09481E-01  8.94805E-03  5.45027E-02  5.45027E-02  4.75849E-04  1.09481E-01  1.33099E-01  1.00000E-01  4.12836E-04  4.12836E-05  2.83643E-05  2.27000E+01  7.49789E+00  7.76321E-03  1.50000E+00  5.97138E-01  4.12836E-02
    2 Early_tropical    5.00000E-01  1.21182E-01  2.90794E-02  2.90794E-02  5.97170E-05  5.82186E-02  4.90038E-04  4.43843E+00  4.43843E+00  6.38028E-01  9.51489E+00  3.17552E+02  5.47179E+01  5.47179E+01  7.86574E+00  1.17301E+02  7.97144E+04  1.00000E-01  5.87086E-04  5.87086E-05  1.22567E-10  1.60179E+01  1.06257E+01  7.76321E-03  3.50000E+01  9.62578E+01  5.87086E-02
    3 Mid_tropical      5.00000E-01  1.21182E-01  4.00000E-02  4.00000E-02  5.97170E-05  8.00597E-02  6.56466E-04  6.88228E+00  6.88228E+00  7.19231E-01  1.44838E+01  4.87580E+02  7.52667E+01  7.52667E+01  7.86574E+00  1.58399E+02  1.06787E+05  1.00000E-01  8.07162E-04  8.07162E-05  1.25790E-10  1.16448E+01  1.46161E+01  7.76321E-03  3.50000E+01  9.62578E+01  8.07162E-02
    4 Late_tropical     5.00000E-01  1.21182E-01  4.82017E-02  4.82017E-02  5.97170E-05  9.64630E-02  8.32140E-04  2.14378E+00  2.14378E+00  1.85915E-01  4.47347E+00  1.32421E+02  9.06995E+01  9.06995E+01  7.86574E+00  1.89265E+02  1.35364E+05  1.00000E-01  9.72952E-04  9.72952E-05  1.19627E-10  9.66342E+00  1.76130E+01  7.76321E-03  3.50000E+01  9.62578E+01  9.72952E-02
    5 C3_grass          1.50000E-01  5.02385E-01  2.00954E-02  2.00954E-02  1.70038E-05  4.02078E-02  2.51192E-06  1.59772E-01  1.59772E-01  4.09100E-04  3.19954E-01  1.99715E-05  1.59772E-01  1.59772E-01  4.09100E-04  3.19954E-01  5.99146E-05  1.00000E-01  4.02103E-04  4.02103E-05  2.09420E-05  2.20000E+01  9.16551E+00  7.36831E-03  4.53910E-01  3.99431E+00  4.02103E-02
    6 North_pine        1.50000E+00  1.90435E-01  5.14543E-04  1.78186E-04  1.18741E-06  6.93917E-04  1.79623E-03  5.79521E+00  2.00688E+00  2.41730E-01  8.04382E+00  1.06977E+02  4.66791E+01  1.61650E+01  1.94708E+00  6.47912E+01  1.46179E+04  1.00000E-01  2.49015E-05  2.49015E-06  2.82663E-11  6.00000E+00  2.34683E-01  5.14543E-05  2.71129E+01  7.77030E+01  2.49015E-03
    7 South_pine        1.50000E+00  1.90435E-01  5.14543E-04  1.78186E-04  1.78111E-06  6.94510E-04  1.79623E-03  5.79521E+00  2.00688E+00  3.62596E-01  8.16469E+00  1.06977E+02  4.66791E+01  1.61650E+01  2.92063E+00  6.57647E+01  1.46179E+04  1.00000E-01  2.49074E-05  2.49074E-06  2.82712E-11  9.00000E+00  2.34683E-01  7.71815E-05  2.71129E+01  7.77030E+01  2.49074E-03
    8 Late_conifer      1.50000E+00  1.98302E-01  1.49106E-03  5.16355E-04  5.73486E-06  2.01315E-03  2.47971E-03  3.91883E+00  1.35709E+00  2.28771E-01  5.50469E+00  5.89557E+01  2.48945E+01  8.62096E+00  1.45328E+00  3.49687E+01  6.69241E+03  1.00000E-01  4.49287E-05  4.49287E-06  1.11308E-10  1.00000E+01  6.80074E-01  2.48511E-04  2.27672E+01  6.40401E+01  4.49287E-03
    9 Early_hardwood    1.50000E+00  1.35560E-01  1.96240E-04  2.21241E-04  2.26430E-06  4.19745E-04  3.57601E-05  6.90489E-01  7.78458E-01  1.20343E-01  1.58929E+00  3.62068E+01  4.71001E+00  5.31006E+00  8.20890E-01  1.08410E+01  2.41495E+04  1.00000E-01  4.55505E-06  4.55505E-07  3.14223E-12  3.00000E+01  8.95049E-02  9.81199E-05  2.26572E+01  4.34928E+01  4.55505E-04
   10 Mid_hardwood      1.50000E+00  1.60647E-01  1.67786E-03  1.89162E-03  1.56170E-05  3.58509E-03  9.04376E-04  1.84492E+00  2.07996E+00  2.87971E-01  4.21285E+00  1.23696E+02  9.12407E+00  1.02865E+01  1.42417E+00  2.08347E+01  2.73603E+04  1.00000E-01  4.48947E-05  4.48947E-06  2.73270E-11  2.42000E+01  7.65271E-01  6.76736E-04  2.51548E+01  5.93171E+01  4.48947E-03
   11 Late_hardwood     1.50000E+00  1.58926E-01  3.52118E-04  3.96978E-04  8.12580E-06  7.57222E-04  1.86763E-03  1.23115E+00  1.38799E+00  4.42531E-01  3.06167E+00  7.60446E+01  8.24530E+00  9.29575E+00  2.96374E+00  2.05048E+01  1.07110E+04  1.00000E-01  2.62485E-05  2.62485E-06  4.07653E-11  6.00000E+01  1.60601E-01  3.52118E-04  2.33640E+01  5.31459E+01  2.62485E-03
   12 C3_pasture        1.50000E-01  5.02385E-01  2.00954E-02  2.00954E-02  1.70038E-05  4.02078E-02  2.51192E-06  1.59772E-01  1.59772E-01  4.09100E-04  3.19954E-01  1.99715E-05  1.59772E-01  1.59772E-01  4.09100E-04  3.19954E-01  5.99146E-05  1.00000E-01  4.02103E-04  4.02103E-05  2.09420E-05  2.20000E+01  9.16551E+00  7.36831E-03  4.53910E-01  3.99431E+00  4.02103E-02
   13 C3_crop           1.50000E-01  5.02385E-01  2.00954E-02  2.00954E-02  1.70038E-05  4.02078E-02  2.51192E-06  1.59772E-01  1.59772E-01  4.09100E-04  3.19954E-01  1.99715E-05  1.59772E-01  1.59772E-01  4.09100E-04  3.19954E-01  5.99146E-05  1.00000E-01  4.02103E-04  4.02103E-05  2.09420E-05  2.20000E+01  9.16551E+00  7.36831E-03  4.53910E-01  3.99431E+00  4.02103E-02
   14 C4_pasture        5.00000E-01  1.21182E-01  2.05195E-02  2.05195E-02  5.97170E-05  4.10987E-02  1.84920E-04  5.45027E-02  5.45027E-02  4.75850E-04  1.09481E-01  8.94805E-03  5.45027E-02  5.45027E-02  4.75849E-04  1.09481E-01  1.33099E-01  1.00000E-01  4.12836E-04  4.12836E-05  2.83643E-05  2.27000E+01  7.49789E+00  7.76321E-03  1.50000E+00  5.97138E-01  4.12836E-02
   15 C4_crop           5.00000E-01  1.21182E-01  2.05195E-02  2.05195E-02  5.97170E-05  4.10987E-02  1.84920E-04  5.45027E-02  5.45027E-02  4.75850E-04  1.09481E-01  8.94805E-03  5.45027E-02  5.45027E-02  4.75849E-04  1.09481E-01  1.33099E-01  1.00000E-01  4.12836E-04  4.12836E-05  2.83643E-05  2.27000E+01  7.49789E+00  7.76321E-03  1.50000E+00  5.97138E-01  4.12836E-02
   16 Subtrop_C3_grass  5.00000E-01  1.21182E-01  2.05195E-02  2.05195E-02  5.97170E-05  4.10987E-02  1.84920E-04  5.45027E-02  5.45027E-02  4.75850E-04  1.09481E-01  8.94805E-03  5.45027E-02  5.45027E-02  4.75849E-04  1.09481E-01  1.33099E-01  1.00000E-01  4.12836E-04  4.12836E-05  2.83643E-05  2.27000E+01  7.49789E+00  7.76321E-03  1.50000E+00  5.97138E-01  4.12836E-02
   17 Liana             5.00000E-01  4.10921E-01  1.00000E-01  1.00000E-01  1.54673E-04  2.00155E-01  8.29171E-03  7.66640E+01  7.66640E+01  8.30047E+00  1.61628E+02  2.82498E+02  5.67809E+03  5.67809E+03  6.14771E+02  1.19710E+04  5.24228E+04  1.00000E-01  2.08446E-03  2.08446E-04  5.39510E-10  1.20645E+01  3.65403E+01  2.01074E-02  3.50000E+01  8.58534E+01  2.08446E-01
