-14.39224  -7.98331
-14.38972  -7.98331
-14.38611  -7.97947
-14.38193  -7.97666
-14.37637  -7.97804
-14.37081  -7.97970
-14.36388  -7.97970
-14.35918  -7.97775
-14.35500  -7.97500
-14.35001  -7.97305
-14.34526  -7.97529
-14.34027  -7.97334
-14.33609  -7.97053
-14.33053  -7.96916
-14.32555  -7.96721
-14.32165  -7.96474
-14.31695  -7.96280
-14.31140  -7.96136
-14.30836  -7.95724
-14.30555  -7.95334
-14.30137  -7.95053
-14.29667  -7.94859
-14.29306  -7.94526
-14.29415  -7.93971
-14.29833  -7.93695
-14.30166  -7.93335
-14.30664  -7.93140
-14.31197  -7.93002
-14.31695  -7.92779
-14.31804  -7.92223
-14.31942  -7.91805
-14.32223  -7.91387
-14.32612  -7.91111
-14.33111  -7.90917
-14.33529  -7.90613
-14.34085  -7.90470
-14.34497  -7.90751
-14.34835  -7.90527
-14.35110  -7.90109
-14.35225  -7.89582
-14.35586  -7.89221
-14.35918  -7.89026
-14.36331  -7.89278
-14.36806  -7.89335
-14.37081  -7.88917
-14.37362  -7.88499
-14.37832  -7.88304
-14.38193  -7.88361
-14.38611  -7.88636
-14.38886  -7.89026
-14.39224  -7.89364
-14.39585  -7.89776
-14.39860  -7.90195
-14.40084  -7.90665
-14.40221  -7.91192
-14.40582  -7.91530
-14.40639  -7.92137
-14.40668  -7.92836
-14.41081  -7.93111
-14.41447  -7.93443
-14.41613  -7.93999
-14.41447  -7.94526
-14.41252  -7.95030
-14.41058  -7.95500
-14.41058  -7.96194
-14.41224  -7.96721
-14.41224  -7.97414
-14.40972  -7.97832
-14.40473  -7.97918
-14.39224  -7.98331
