-61.86804  17.69225
-61.86609  17.68778
-61.86220  17.68446
-61.85944  17.68056
-61.85612  17.67666
-61.85331  17.67248
-61.84942  17.66916
-61.84724  17.66475
-61.84501  17.66028
-61.84277  17.65581
-61.84054  17.65140
-61.83916  17.64641
-61.83973  17.64000
-61.84054  17.63335
-61.84169  17.62642
-61.84335  17.62057
-61.84277  17.61473
-61.83973  17.61083
-61.83389  17.60997
-61.83057  17.61387
-61.82891  17.61971
-61.82668  17.62498
-61.82501  17.63111
-61.82364  17.63776
-61.82277  17.64446
-61.82249  17.65082
-61.82306  17.65638
-61.82364  17.66194
-61.82553  17.66664
-61.82776  17.67111
-61.83166  17.67443
-61.83641  17.67724
-61.84025  17.68056
-61.84415  17.68388
-61.84891  17.68669
-61.85360  17.68944
-61.85641  17.69334
-61.85859  17.69781
-61.85916  17.70331
-61.85887  17.70972
-61.85664  17.71471
-61.85389  17.71918
-61.85028  17.72279
-61.84558  17.72502
-61.83916  17.72474
-61.83418  17.72193
-61.82971  17.71918
-61.82668  17.71528
-61.82364  17.71139
-61.82169  17.70692
-61.81945  17.70251
-61.82083  17.69781
-61.82581  17.69637
-61.83194  17.69586
-61.83138  17.69168
-61.82639  17.68887
-61.82111  17.68669
-61.81390  17.68554
-61.80943  17.68641
-61.80748  17.69030
-61.80639  17.69557
-61.80336  17.69998
-61.79888  17.70222
-61.79304  17.70279
-61.78720  17.70056
-61.78358  17.69723
-61.78055  17.69334
-61.77751  17.68944
-61.77470  17.68554
-61.77139  17.68165
-61.76748  17.67804
-61.76525  17.67363
-61.76164  17.67031
-61.75889  17.66641
-61.75500  17.66303
-61.75110  17.65970
-61.74692  17.65638
-61.74331  17.65306
-61.74027  17.64916
-61.73804  17.64469
-61.73695  17.63971
-61.73529  17.63472
-61.73391  17.62945
-61.73167  17.62498
-61.73053  17.62000
-61.73001  17.61444
-61.72915  17.60860
-61.72944  17.60252
-61.73001  17.59611
-61.73030  17.58998
-61.73053  17.58390
-61.73139  17.57697
-61.73082  17.57141
-61.73111  17.56528
-61.73082  17.55944
-61.73082  17.55331
-61.73111  17.54723
-61.73277  17.54110
-61.73889  17.54053
-61.74279  17.54391
-61.74554  17.54775
-61.75196  17.54947
-61.75723  17.54803
-61.76141  17.54529
-61.76720  17.54471
-61.76944  17.54918
-61.77167  17.55359
-61.77390  17.55835
-61.77751  17.56224
-61.78221  17.56500
-61.78696  17.56780
-61.79137  17.57055
-61.79780  17.57221
-61.80169  17.57554
-61.80639  17.57835
-61.81109  17.58109
-61.81556  17.58390
-61.82191  17.58557
-61.82833  17.58694
-61.83469  17.58860
-61.83945  17.58665
-61.84277  17.58276
-61.84753  17.58081
-61.85302  17.58304
-61.85527  17.58751
-61.85664  17.59250
-61.85612  17.59892
-61.85584  17.60499
-61.85750  17.60997
-61.85778  17.61553
-61.85778  17.62195
-61.85750  17.62808
-61.85778  17.63364
-61.85778  17.64000
-61.85836  17.64555
-61.85887  17.65111
-61.85944  17.65695
-61.86168  17.66137
-61.86391  17.66583
-61.86580  17.67031
-61.86890  17.67414
-61.87113  17.67861
-61.87251  17.68388
-61.87389  17.68887
-61.87446  17.69443
-61.87526  17.69861
-61.87309  17.70388
-61.86804  17.70113
-61.86609  17.69666
-61.86804  17.69225
