-41.850  -2.800
-41.850  -2.900
-41.800  -2.933
-41.800  -2.950
-41.800  -2.983
-41.833  -3.017
-41.850  -3.050
-41.883  -3.067
-41.900  -3.100
-41.917  -3.117
-41.933  -3.183
-41.967  -3.167
-41.967  -3.217
-42.000  -3.250
-42.033  -3.250
-42.133  -3.267
-42.100  -3.300
-42.133  -3.317
-42.133  -3.350
-42.167  -3.383
-42.200  -3.400
-42.217  -3.433
-42.250  -3.433
-42.283  -3.450
-42.317  -3.450
-42.333  -3.433
-42.350  -3.450
-42.400  -3.450
-42.400  -3.467
-42.417  -3.467
-42.433  -3.450
-42.450  -3.450
-42.450  -3.467
-42.483  -3.483
-42.483  -3.450
-42.500  -3.433
-42.517  -3.450
-42.517  -3.467
-42.533  -3.500
-42.583  -3.567
-42.617  -3.567
-42.633  -3.633
-42.667  -3.650
-42.683  -3.683
-42.667  -3.717
-42.683  -3.750
-42.667  -3.783
-42.700  -3.817
-42.717  -3.883
-42.733  -3.917
-42.767  -3.933
-42.783  -3.967
-42.817  -4.000
-42.833  -4.017
-42.850  -4.067
-42.867  -4.100
-42.900  -4.133
-42.883  -4.150
-42.883  -4.167
-42.933  -4.167
-42.983  -4.217
-42.983  -4.300
-42.950  -4.333
-42.967  -4.367
-42.950  -4.383
-42.917  -4.383
-42.867  -4.433
-42.867  -4.467
-42.850  -4.500
-42.867  -4.517
-42.867  -4.567
-42.900  -4.633
-42.933  -4.667
-42.950  -4.683
-42.950  -4.700
-42.917  -4.733
-42.933  -4.750
-42.950  -4.783
-42.933  -4.817
-42.900  -4.833
-42.883  -4.900
-42.867  -4.933
-42.850  -4.983
-42.850  -5.000
-42.850  -5.050
-42.817  -5.083
-42.800  -5.183
-42.833  -5.250
-42.800  -5.300
-42.817  -5.317
-42.833  -5.350
-42.867  -5.383
-42.900  -5.400
-42.917  -5.433
-42.967  -5.450
-42.967  -5.467
-43.017  -5.567
-43.033  -5.583
-43.083  -5.600
-43.100  -5.617
-43.100  -5.633
-43.083  -5.650
-43.083  -5.700
-43.067  -5.733
-43.100  -5.750
-43.083  -5.817
-43.100  -5.833
-43.067  -5.867
-43.100  -5.900
-43.083  -5.950
-43.050  -6.000
-43.067  -6.050
-43.050  -6.083
-43.033  -6.117
-42.983  -6.117
-42.967  -6.183
-42.933  -6.183
-42.917  -6.217
-42.867  -6.233
-42.850  -6.267
-42.850  -6.300
-42.867  -6.317
-42.850  -6.333
-42.833  -6.333
-42.833  -6.350
-42.850  -6.367
-42.850  -6.400
-42.867  -6.417
-42.867  -6.467
-42.883  -6.500
-42.883  -6.533
-42.900  -6.583
-42.917  -6.617
-42.917  -6.633
-42.917  -6.667
-42.983  -6.717
-43.000  -6.767
-43.050  -6.767
-43.067  -6.750
-43.100  -6.767
-43.150  -6.783
-43.200  -6.767
-43.233  -6.767
-43.283  -6.800
-43.350  -6.800
-43.367  -6.817
-43.383  -6.833
-43.400  -6.833
-43.467  -6.850
-43.500  -6.800
-43.550  -6.800
-43.567  -6.767
-43.600  -6.750
-43.650  -6.717
-43.683  -6.700
-43.750  -6.700
-43.783  -6.700
-43.817  -6.733
-43.833  -6.733
-43.917  -6.767
-43.967  -6.750
-44.000  -6.750
-44.050  -6.767
-44.067  -6.783
-44.083  -6.817
-44.117  -6.817
-44.133  -6.850
-44.167  -6.900
-44.183  -6.917
-44.200  -6.967
-44.250  -7.000
-44.267  -7.033
-44.283  -7.083
-44.300  -7.117
-44.317  -7.117
-44.400  -7.117
-44.433  -7.150
-44.483  -7.167
-44.533  -7.217
-44.567  -7.233
-44.617  -7.300
-44.667  -7.333
-44.683  -7.383
-44.717  -7.400
-44.733  -7.383
-44.750  -7.350
-44.767  -7.367
-44.800  -7.367
-44.817  -7.350
-44.833  -7.383
-44.850  -7.383
-44.867  -7.417
-44.883  -7.433
-44.900  -7.417
-44.933  -7.467
-44.983  -7.483
-45.017  -7.500
-45.050  -7.517
-45.083  -7.500
-45.100  -7.517
-45.133  -7.533
-45.150  -7.517
-45.167  -7.533
-45.183  -7.550
-45.217  -7.567
-45.233  -7.550
-45.267  -7.567
-45.317  -7.583
-45.350  -7.600
-45.367  -7.617
-45.383  -7.617
-45.400  -7.650
-45.417  -7.667
-45.450  -7.683
-45.467  -7.700
-45.467  -7.717
-45.483  -7.733
-45.483  -7.750
-45.517  -7.833
-45.533  -7.867
-45.517  -7.883
-45.533  -7.900
-45.517  -7.917
-45.533  -7.933
-45.567  -8.000
-45.583  -8.017
-45.567  -8.050
-45.567  -8.067
-45.583  -8.117
-45.583  -8.167
-45.617  -8.200
-45.650  -8.250
-45.717  -8.400
-45.733  -8.450
-45.750  -8.517
-45.783  -8.583
-45.767  -8.600
-45.767  -8.617
-45.800  -8.617
-45.817  -8.650
-45.817  -8.667
-45.833  -8.700
-45.850  -8.700
-45.867  -8.733
-45.917  -8.767
-45.950  -8.817
-45.950  -8.833
-45.967  -8.850
-45.967  -8.867
-45.983  -8.950
-45.950  -8.983
-45.933  -9.067
-45.900  -9.250
-45.900  -9.317
-45.883  -9.350
-45.833  -9.383
-45.800  -9.450
-45.783  -9.483
-45.833  -9.550
-45.833  -9.633
-45.833  -9.683
-45.817  -9.767
-45.867  -9.867
-45.833  -9.950
-45.867 -10.033
-45.883 -10.100
-45.917 -10.167
-46.000 -10.250
-46.000 -10.283
-46.033 -10.250
-46.117 -10.233
-46.217 -10.200
-46.233 -10.183
-46.283 -10.183
-46.333 -10.183
-46.350 -10.167
-46.400 -10.100
-46.400 -10.083
-46.433 -10.050
-46.467  -9.983
-46.467  -9.933
-46.400  -9.900
-46.383  -9.883
-46.383  -9.850
-46.467  -9.850
-46.517  -9.800
-46.567  -9.800
-46.583  -9.750
-46.617  -9.750
-46.650  -9.733
-46.667  -9.700
-46.650  -9.683
-46.600  -9.633
-46.583  -9.600
-46.550  -9.550
-46.567  -9.533
-46.567  -9.483
-46.633  -9.450
-46.650  -9.433
-46.667  -9.417
-46.750  -9.417
-46.767  -9.367
-46.850  -9.300
-46.817  -9.267
-46.817  -9.233
-46.850  -9.200
-46.867  -9.150
-46.933  -9.117
-46.950  -9.083
-47.000  -9.067
-47.033  -9.033
-47.050  -9.000
-47.033  -8.967
-46.983  -8.933
-46.950  -8.867
-46.917  -8.867
-46.900  -8.817
-46.900  -8.800
-46.917  -8.750
-46.917  -8.717
-46.883  -8.700
-46.883  -8.650
-46.850  -8.600
-46.817  -8.533
-46.800  -8.483
-46.783  -8.467
-46.767  -8.383
-46.717  -8.383
-46.717  -8.367
-46.667  -8.333
-46.567  -8.317
-46.533  -8.300
-46.500  -8.267
-46.500  -8.183
-46.517  -8.167
-46.500  -8.100
-46.483  -8.067
-46.483  -8.033
-46.500  -8.000
-46.500  -7.983
-46.550  -7.950
-46.567  -7.917
-46.600  -7.900
-46.733  -7.917
-46.750  -7.933
-46.833  -7.967
-46.867  -7.967
-46.883  -7.983
-46.950  -8.000
-47.000  -8.050
-47.033  -8.050
-47.050  -8.000
-47.083  -7.983
-47.100  -7.983
-47.100  -7.950
-47.117  -7.950
-47.117  -7.933
-47.133  -7.917
-47.183  -7.850
-47.217  -7.817
-47.250  -7.800
-47.250  -7.767
-47.267  -7.733
-47.300  -7.733
-47.317  -7.717
-47.317  -7.700
-47.283  -7.700
-47.317  -7.683
-47.333  -7.667
-47.317  -7.667
-47.317  -7.650
-47.350  -7.600
-47.367  -7.617
-47.350  -7.650
-47.383  -7.650
-47.383  -7.600
-47.400  -7.583
-47.400  -7.567
-47.433  -7.550
-47.417  -7.517
-47.450  -7.517
-47.467  -7.533
-47.483  -7.533
-47.483  -7.500
-47.500  -7.433
-47.517  -7.433
-47.567  -7.450
-47.583  -7.433
-47.533  -7.400
-47.483  -7.383
-47.467  -7.333
-47.483  -7.300
-47.550  -7.267
-47.600  -7.267
-47.617  -7.300
-47.650  -7.300
-47.667  -7.267
-47.683  -7.233
-47.733  -7.217
-47.750  -7.183
-47.733  -7.150
-47.700  -7.133
-47.650  -7.150
-47.633  -7.133
-47.600  -7.083
-47.567  -7.033
-47.550  -7.017
-47.533  -6.967
-47.517  -6.933
-47.500  -6.900
-47.500  -6.867
-47.533  -6.817
-47.500  -6.767
-47.483  -6.633
-47.433  -6.517
-47.417  -6.483
-47.433  -6.433
-47.417  -6.400
-47.400  -6.333
-47.367  -6.250
-47.400  -6.200
-47.417  -6.150
-47.433  -6.083
-47.417  -6.050
-47.433  -6.000
-47.433  -5.967
-47.417  -5.933
-47.433  -5.850
-47.467  -5.767
-47.483  -5.750
-47.483  -5.700
-47.467  -5.667
-47.500  -5.517
-47.550  -5.467
-47.600  -5.467
-47.700  -5.400
-47.750  -5.383
-47.817  -5.383
-47.850  -5.367
-47.867  -5.317
-47.867  -5.283
-47.883  -5.250
-47.900  -5.250
-47.950  -5.233
-48.000  -5.233
-48.067  -5.267
-48.117  -5.267
-48.167  -5.267
-48.200  -5.267
-48.233  -5.233
-48.267  -5.217
-48.317  -5.200
-48.333  -5.183
-48.383  -5.167
-48.483  -5.183
-48.517  -5.200
-48.533  -5.233
-48.567  -5.300
-48.600  -5.333
-48.650  -5.317
-48.683  -5.333
-48.700  -5.367
-48.683  -5.383
-48.683  -5.383
-48.733  -5.383
-48.757  -5.349
-48.276  -5.000
-48.000  -4.800
-47.730  -4.603
-47.717  -4.600
-47.683  -4.617
-47.650  -4.600
-47.583  -4.533
-47.550  -4.467
-47.500  -4.433
-47.467  -4.333
-47.467  -4.317
-47.450  -4.317
-47.367  -4.233
-47.350  -4.183
-47.333  -4.167
-47.333  -4.100
-47.317  -4.067
-47.317  -4.050
-47.283  -4.050
-47.217  -4.000
-47.217  -4.000
-47.183  -3.950
-47.150  -3.900
-47.117  -3.867
-47.100  -3.850
-47.067  -3.767
-47.067  -3.733
-47.050  -3.700
-47.050  -3.617
-47.033  -3.567
-47.017  -3.533
-47.000  -3.533
-46.983  -3.517
-46.983  -3.500
-46.967  -3.483
-46.950  -3.417
-46.950  -3.383
-46.917  -3.367
-46.867  -3.333
-46.817  -3.300
-46.833  -3.283
-46.800  -3.233
-46.783  -3.233
-46.767  -3.200
-46.767  -3.183
-46.733  -3.150
-46.750  -3.133
-46.733  -3.117
-46.717  -3.117
-46.700  -3.100
-46.683  -3.100
-46.683  -3.000
-46.667  -2.983
-46.667  -2.900
-46.683  -2.883
-46.650  -2.883
-46.650  -2.850
-46.617  -2.850
-46.617  -2.833
-46.600  -2.850
-46.583  -2.833
-46.617  -2.817
-46.600  -2.783
-46.633  -2.800
-46.650  -2.750
-46.667  -2.733
-46.683  -2.717
-46.667  -2.700
-46.633  -2.667
-46.633  -2.633
-46.600  -2.667
-46.583  -2.633
-46.517  -2.617
-46.517  -2.583
-46.483  -2.567
-46.500  -2.550
-46.483  -2.533
-46.417  -2.533
-46.433  -2.500
-46.433  -2.400
-46.400  -2.367
-46.417  -2.367
-46.467  -2.383
-46.467  -2.367
-46.433  -2.317
-46.417  -2.267
-46.433  -2.233
-46.383  -2.250
-46.350  -2.217
-46.333  -2.183
-46.283  -2.150
-46.300  -2.133
-46.267  -2.100
-46.267  -2.050
-46.250  -2.017
-46.233  -1.933
-46.217  -1.917
-46.233  -1.867
-46.217  -1.817
-46.267  -1.783
-46.317  -1.783
-46.317  -1.733
-46.250  -1.717
-46.233  -1.717
-46.217  -1.733
-46.200  -1.700
-46.167  -1.700
-46.150  -1.667
-46.150  -1.617
-46.133  -1.550
-46.150  -1.500
-46.167  -1.483
-46.167  -1.467
-46.133  -1.417
-46.150  -1.417
-46.133  -1.383
-46.100  -1.317
-46.133  -1.333
-46.133  -1.300
-46.150  -1.300
-46.150  -1.267
-46.133  -1.217
-46.100  -1.200
-46.083  -1.183
-46.050  -1.150
-46.050  -1.133
-46.033  -1.117
-46.033  -1.067
-46.000  -1.050
-46.000  -1.050
-45.967  -1.050
-45.967  -1.117
-45.950  -1.117
-45.950  -1.217
-45.933  -1.200
-45.933  -1.183
-45.883  -1.083
-45.867  -1.050
-45.850  -1.050
-45.833  -1.083
-45.867  -1.133
-45.883  -1.133
-45.900  -1.167
-45.867  -1.150
-45.867  -1.200
-45.900  -1.233
-45.850  -1.217
-45.867  -1.250
-45.833  -1.233
-45.833  -1.200
-45.817  -1.217
-45.833  -1.183
-45.800  -1.167
-45.800  -1.233
-45.783  -1.233
-45.767  -1.217
-45.767  -1.200
-45.733  -1.133
-45.683  -1.133
-45.683  -1.150
-45.733  -1.200
-45.733  -1.233
-45.717  -1.267
-45.700  -1.217
-45.683  -1.200
-45.667  -1.217
-45.667  -1.267
-45.650  -1.267
-45.650  -1.233
-45.633  -1.233
-45.633  -1.283
-45.650  -1.350
-45.700  -1.367
-45.633  -1.367
-45.617  -1.333
-45.633  -1.300
-45.617  -1.283
-45.600  -1.267
-45.583  -1.267
-45.583  -1.300
-45.550  -1.267
-45.550  -1.300
-45.517  -1.300
-45.517  -1.400
-45.500  -1.383
-45.500  -1.350
-45.483  -1.333
-45.483  -1.317
-45.450  -1.317
-45.467  -1.300
-45.433  -1.283
-45.417  -1.300
-45.417  -1.333
-45.450  -1.367
-45.483  -1.367
-45.483  -1.433
-45.500  -1.467
-45.483  -1.483
-45.467  -1.467
-45.433  -1.417
-45.417  -1.400
-45.383  -1.400
-45.383  -1.367
-45.367  -1.350
-45.350  -1.333
-45.367  -1.317
-45.350  -1.300
-45.317  -1.333
-45.300  -1.367
-45.300  -1.417
-45.383  -1.450
-45.383  -1.467
-45.317  -1.467
-45.300  -1.500
-45.333  -1.567
-45.350  -1.633
-45.367  -1.700
-45.350  -1.733
-45.283  -1.733
-45.267  -1.750
-45.250  -1.783
-45.250  -1.833
-45.233  -1.850
-45.183  -1.850
-45.167  -1.883
-45.167  -1.867
-45.200  -1.850
-45.233  -1.833
-45.233  -1.783
-45.267  -1.717
-45.267  -1.683
-45.250  -1.683
-45.233  -1.650
-45.250  -1.600
-45.250  -1.550
-45.183  -1.483
-45.150  -1.467
-45.133  -1.500
-45.133  -1.450
-45.117  -1.417
-45.117  -1.367
-45.100  -1.350
-45.100  -1.400
-45.100  -1.450
-45.083  -1.450
-45.067  -1.433
-45.067  -1.483
-45.033  -1.483
-45.000  -1.483
-44.983  -1.500
-44.983  -1.517
-45.017  -1.517
-45.017  -1.533
-45.000  -1.533
-44.967  -1.517
-44.950  -1.550
-45.000  -1.567
-45.017  -1.567
-45.017  -1.583
-44.950  -1.567
-44.950  -1.550
-44.967  -1.500
-44.950  -1.467
-44.950  -1.483
-44.933  -1.483
-44.883  -1.433
-44.867  -1.417
-44.850  -1.400
-44.817  -1.417
-44.833  -1.433
-44.850  -1.450
-44.833  -1.467
-44.850  -1.483
-44.883  -1.500
-44.900  -1.533
-44.917  -1.550
-44.900  -1.567
-44.917  -1.600
-44.867  -1.600
-44.850  -1.617
-44.833  -1.567
-44.800  -1.600
-44.767  -1.550
-44.767  -1.533
-44.733  -1.517
-44.767  -1.583
-44.767  -1.600
-44.700  -1.550
-44.700  -1.567
-44.683  -1.550
-44.667  -1.567
-44.650  -1.633
-44.667  -1.650
-44.717  -1.633
-44.733  -1.650
-44.800  -1.700
-44.767  -1.700
-44.750  -1.717
-44.700  -1.717
-44.750  -1.783
-44.683  -1.767
-44.650  -1.767
-44.650  -1.750
-44.650  -1.717
-44.600  -1.733
-44.617  -1.750
-44.633  -1.783
-44.633  -1.800
-44.600  -1.767
-44.583  -1.767
-44.583  -1.783
-44.617  -1.783
-44.617  -1.817
-44.567  -1.783
-44.567  -1.850
-44.533  -1.817
-44.533  -1.850
-44.550  -1.867
-44.567  -1.883
-44.517  -1.883
-44.483  -1.950
-44.500  -1.950
-44.483  -2.000
-44.567  -2.017
-44.517  -2.017
-44.500  -2.050
-44.500  -2.067
-44.533  -2.083
-44.550  -2.083
-44.567  -2.117
-44.600  -2.150
-44.583  -2.167
-44.650  -2.233
-44.667  -2.250
-44.700  -2.233
-44.717  -2.233
-44.683  -2.283
-44.733  -2.267
-44.700  -2.300
-44.667  -2.283
-44.650  -2.283
-44.683  -2.367
-44.650  -2.367
-44.667  -2.333
-44.633  -2.300
-44.617  -2.250
-44.550  -2.217
-44.517  -2.150
-44.450  -2.150
-44.400  -2.217
-44.383  -2.283
-44.367  -2.300
-44.367  -2.350
-44.383  -2.367
-44.383  -2.383
-44.400  -2.417
-44.467  -2.417
-44.500  -2.383
-44.517  -2.400
-44.483  -2.417
-44.517  -2.450
-44.500  -2.450
-44.467  -2.433
-44.450  -2.450
-44.500  -2.533
-44.550  -2.517
-44.533  -2.550
-44.583  -2.650
-44.617  -2.700
-44.633  -2.750
-44.650  -2.800
-44.633  -2.850
-44.650  -2.883
-44.667  -2.917
-44.667  -2.967
-44.667  -3.017
-44.617  -3.017
-44.617  -3.083
-44.717  -3.167
-44.717  -3.183
-44.783  -3.200
-44.800  -3.217
-44.767  -3.267
-44.750  -3.283
-44.800  -3.283
-44.783  -3.317
-44.750  -3.317
-44.733  -3.283
-44.750  -3.233
-44.700  -3.200
-44.650  -3.200
-44.633  -3.183
-44.600  -3.117
-44.583  -3.117
-44.517  -3.050
-44.517  -3.033
-44.483  -3.017
-44.467  -3.000
-44.433  -2.950
-44.417  -2.917
-44.400  -2.867
-44.400  -2.783
-44.383  -2.767
-44.383  -2.767
-44.317  -2.783
-44.300  -2.800
-44.283  -2.783
-44.250  -2.783
-44.233  -2.800
-44.233  -2.783
-44.183  -2.767
-44.183  -2.817
-44.183  -2.850
-44.167  -2.817
-44.150  -2.783
-44.133  -2.783
-44.117  -2.750
-44.083  -2.767
-44.067  -2.717
-44.017  -2.650
-43.950  -2.617
-43.950  -2.600
-43.933  -2.567
-43.917  -2.550
-43.900  -2.567
-43.900  -2.583
-43.883  -2.633
-43.867  -2.600
-43.850  -2.567
-43.817  -2.583
-43.800  -2.583
-43.783  -2.567
-43.750  -2.567
-43.717  -2.550
-43.700  -2.533
-43.667  -2.500
-43.650  -2.483
-43.617  -2.533
-43.600  -2.517
-43.550  -2.483
-43.550  -2.467
-43.550  -2.433
-43.533  -2.417
-43.517  -2.433
-43.517  -2.450
-43.517  -2.467
-43.500  -2.483
-43.467  -2.500
-43.450  -2.550
-43.433  -2.550
-43.450  -2.517
-43.450  -2.467
-43.467  -2.433
-43.450  -2.433
-43.433  -2.450
-43.383  -2.450
-43.433  -2.433
-43.467  -2.383
-43.500  -2.383
-43.450  -2.350
-43.433  -2.333
-43.383  -2.333
-43.383  -2.350
-43.367  -2.333
-43.317  -2.333
-43.233  -2.367
-43.133  -2.400
-43.017  -2.467
-42.767  -2.567
-42.750  -2.550
-42.717  -2.550
-42.667  -2.617
-42.567  -2.683
-42.500  -2.683
-42.500  -2.700
-42.533  -2.717
-42.467  -2.717
-42.483  -2.700
-42.367  -2.717
-42.350  -2.750
-42.283  -2.750
-42.233  -2.817
-42.217  -2.800
-42.200  -2.817
-42.167  -2.817
-42.183  -2.783
-42.150  -2.783
-42.117  -2.767
-42.100  -2.800
-42.067  -2.817
-42.033  -2.800
-42.017  -2.817
-42.017  -2.733
-42.033  -2.733
-42.033  -2.700
-42.000  -2.700
-41.833  -2.717
-41.817  -2.733
-41.850  -2.767
-41.850  -2.800
NA NA
-45.633  -1.217
-45.633  -1.117
-45.617  -1.117
-45.600  -1.133
-45.617  -1.183
-45.633  -1.217
NA NA
-44.383  -2.750
-44.383  -2.667
-44.350  -2.633
-44.367  -2.567
-44.350  -2.533
-44.317  -2.533
-44.283  -2.567
-44.300  -2.550
-44.300  -2.483
-44.183  -2.467
-44.167  -2.450
-44.133  -2.433
-44.083  -2.417
-44.033  -2.417
-44.017  -2.467
-44.050  -2.450
-44.033  -2.517
-44.033  -2.567
-44.067  -2.567
-44.100  -2.600
-44.100  -2.633
-44.150  -2.683
-44.183  -2.700
-44.217  -2.717
-44.233  -2.733
-44.250  -2.733
-44.317  -2.767
-44.383  -2.750
NA NA
-44.600  -3.000
-44.650  -2.967
-44.600  -2.917
-44.567  -2.917
-44.567  -2.967
-44.550  -2.917
-44.567  -2.883
-44.583  -2.833
-44.567  -2.767
-44.500  -2.733
-44.467  -2.750
-44.467  -2.883
-44.483  -2.917
-44.483  -2.967
-44.550  -2.983
-44.583  -3.033
-44.600  -3.000
