-48.683  -5.383
-48.683  -5.333
-48.650  -5.317
-48.600  -5.333
-48.567  -5.300
-48.533  -5.233
-48.517  -5.200
-48.483  -5.183
-48.383  -5.167
-48.333  -5.183
-48.317  -5.200
-48.267  -5.217
-48.233  -5.233
-48.200  -5.267
-48.167  -5.267
-48.117  -5.267
-48.067  -5.267
-48.000  -5.233
-47.950  -5.233
-47.900  -5.250
-47.883  -5.250
-47.867  -5.283
-47.867  -5.317
-47.850  -5.367
-47.817  -5.383
-47.750  -5.383
-47.700  -5.400
-47.600  -5.467
-47.550  -5.467
-47.500  -5.517
-47.467  -5.667
-47.483  -5.700
-47.483  -5.750
-47.467  -5.767
-47.433  -5.850
-47.417  -5.933
-47.433  -5.967
-47.433  -6.000
-47.417  -6.050
-47.433  -6.083
-47.417  -6.150
-47.400  -6.200
-47.367  -6.250
-47.400  -6.333
-47.417  -6.400
-47.433  -6.433
-47.417  -6.483
-47.433  -6.517
-47.483  -6.633
-47.500  -6.767
-47.533  -6.817
-47.500  -6.867
-47.500  -6.900
-47.517  -6.933
-47.533  -6.967
-47.550  -7.017
-47.567  -7.033
-47.600  -7.083
-47.633  -7.133
-47.650  -7.150
-47.700  -7.133
-47.733  -7.150
-47.750  -7.183
-47.733  -7.217
-47.683  -7.233
-47.667  -7.267
-47.650  -7.300
-47.617  -7.300
-47.600  -7.267
-47.550  -7.267
-47.483  -7.300
-47.467  -7.333
-47.483  -7.383
-47.533  -7.400
-47.583  -7.433
-47.567  -7.450
-47.517  -7.433
-47.500  -7.433
-47.483  -7.500
-47.483  -7.533
-47.467  -7.533
-47.450  -7.517
-47.417  -7.517
-47.433  -7.550
-47.400  -7.567
-47.400  -7.583
-47.383  -7.600
-47.383  -7.650
-47.350  -7.650
-47.367  -7.617
-47.350  -7.600
-47.317  -7.650
-47.317  -7.667
-47.333  -7.667
-47.317  -7.683
-47.283  -7.700
-47.317  -7.700
-47.317  -7.717
-47.300  -7.733
-47.267  -7.733
-47.250  -7.767
-47.250  -7.800
-47.217  -7.817
-47.183  -7.850
-47.133  -7.917
-47.117  -7.933
-47.117  -7.950
-47.100  -7.950
-47.100  -7.983
-47.083  -7.983
-47.050  -8.000
-47.033  -8.050
-47.000  -8.050
-46.950  -8.000
-46.883  -7.983
-46.867  -7.967
-46.833  -7.967
-46.750  -7.933
-46.733  -7.917
-46.600  -7.900
-46.567  -7.917
-46.550  -7.950
-46.500  -7.983
-46.500  -8.000
-46.483  -8.033
-46.483  -8.067
-46.500  -8.100
-46.517  -8.167
-46.500  -8.183
-46.500  -8.267
-46.533  -8.300
-46.567  -8.317
-46.667  -8.333
-46.717  -8.367
-46.717  -8.383
-46.767  -8.383
-46.783  -8.467
-46.800  -8.483
-46.817  -8.533
-46.850  -8.600
-46.883  -8.650
-46.883  -8.700
-46.917  -8.717
-46.917  -8.750
-46.900  -8.800
-46.900  -8.817
-46.917  -8.867
-46.950  -8.867
-46.983  -8.933
-47.033  -8.967
-47.050  -9.000
-47.033  -9.033
-47.000  -9.067
-46.950  -9.083
-46.933  -9.117
-46.867  -9.150
-46.850  -9.200
-46.817  -9.233
-46.817  -9.267
-46.850  -9.300
-46.767  -9.367
-46.750  -9.417
-46.667  -9.417
-46.650  -9.433
-46.633  -9.450
-46.567  -9.483
-46.567  -9.533
-46.550  -9.550
-46.583  -9.600
-46.600  -9.633
-46.650  -9.683
-46.667  -9.700
-46.650  -9.733
-46.617  -9.750
-46.583  -9.750
-46.567  -9.800
-46.517  -9.800
-46.467  -9.850
-46.383  -9.850
-46.383  -9.883
-46.400  -9.900
-46.467  -9.933
-46.467  -9.983
-46.433 -10.050
-46.400 -10.083
-46.400 -10.100
-46.350 -10.167
-46.333 -10.183
-46.283 -10.183
-46.233 -10.183
-46.217 -10.200
-46.117 -10.233
-46.033 -10.250
-46.000 -10.283
-46.004 -10.262
-45.867 -10.300
-45.783 -10.317
-45.783 -10.317
-45.817 -10.350
-45.833 -10.450
-45.867 -10.483
-46.050 -10.567
-46.083 -10.583
-46.117 -10.617
-46.183 -10.667
-46.267 -10.783
-46.267 -10.833
-46.233 -10.900
-46.267 -10.933
-46.317 -10.950
-46.400 -11.000
-46.450 -11.117
-46.483 -11.183
-46.533 -11.217
-46.567 -11.250
-46.616 -11.289
-46.567 -11.383
-46.500 -11.417
-46.483 -11.483
-46.433 -11.517
-46.350 -11.500
-46.167 -11.533
-46.100 -11.567
-46.067 -11.617
-46.083 -11.633
-46.117 -11.667
-46.267 -11.733
-46.283 -11.783
-46.267 -11.833
-46.233 -11.850
-46.133 -11.850
-46.083 -11.883
-46.067 -11.917
-46.100 -11.950
-46.167 -12.000
-46.367 -12.000
-46.367 -12.000
-46.367 -12.000
-46.367 -12.017
-46.383 -12.017
-46.383 -12.017
-46.383 -12.033
-46.383 -12.033
-46.367 -12.033
-46.367 -12.050
-46.367 -12.050
-46.367 -12.050
-46.383 -12.067
-46.383 -12.067
-46.367 -12.067
-46.367 -12.067
-46.367 -12.083
-46.367 -12.083
-46.367 -12.083
-46.350 -12.083
-46.350 -12.100
-46.367 -12.117
-46.367 -12.117
-46.367 -12.133
-46.367 -12.133
-46.367 -12.150
-46.383 -12.150
-46.383 -12.167
-46.367 -12.167
-46.367 -12.167
-46.367 -12.167
-46.367 -12.183
-46.383 -12.183
-46.383 -12.183
-46.367 -12.183
-46.350 -12.183
-46.367 -12.200
-46.350 -12.200
-46.350 -12.200
-46.350 -12.217
-46.350 -12.217
-46.350 -12.233
-46.367 -12.233
-46.367 -12.233
-46.367 -12.233
-46.367 -12.250
-46.367 -12.250
-46.350 -12.250
-46.367 -12.267
-46.367 -12.283
-46.367 -12.283
-46.350 -12.283
-46.350 -12.283
-46.333 -12.283
-46.317 -12.283
-46.317 -12.300
-46.317 -12.300
-46.333 -12.300
-46.350 -12.317
-46.333 -12.317
-46.350 -12.317
-46.350 -12.333
-46.333 -12.333
-46.333 -12.333
-46.317 -12.333
-46.333 -12.333
-46.317 -12.333
-46.317 -12.350
-46.300 -12.350
-46.300 -12.350
-46.300 -12.350
-46.283 -12.367
-46.283 -12.367
-46.283 -12.367
-46.283 -12.383
-46.300 -12.400
-46.300 -12.400
-46.283 -12.400
-46.283 -12.400
-46.267 -12.400
-46.250 -12.400
-46.250 -12.417
-46.250 -12.433
-46.250 -12.433
-46.250 -12.450
-46.250 -12.450
-46.250 -12.467
-46.250 -12.483
-46.250 -12.483
-46.233 -12.483
-46.217 -12.483
-46.200 -12.483
-46.183 -12.467
-46.167 -12.467
-46.167 -12.467
-46.150 -12.467
-46.150 -12.467
-46.150 -12.483
-46.150 -12.483
-46.150 -12.500
-46.150 -12.500
-46.150 -12.500
-46.150 -12.517
-46.150 -12.517
-46.167 -12.517
-46.183 -12.517
-46.217 -12.517
-46.217 -12.533
-46.233 -12.533
-46.233 -12.533
-46.233 -12.533
-46.250 -12.533
-46.250 -12.533
-46.250 -12.550
-46.250 -12.567
-46.267 -12.567
-46.267 -12.583
-46.267 -12.583
-46.267 -12.583
-46.267 -12.583
-46.267 -12.600
-46.267 -12.600
-46.267 -12.600
-46.283 -12.617
-46.283 -12.617
-46.283 -12.633
-46.283 -12.633
-46.267 -12.633
-46.267 -12.633
-46.267 -12.633
-46.267 -12.633
-46.267 -12.633
-46.250 -12.633
-46.250 -12.650
-46.250 -12.650
-46.250 -12.667
-46.267 -12.667
-46.283 -12.667
-46.283 -12.683
-46.283 -12.683
-46.283 -12.683
-46.283 -12.683
-46.283 -12.700
-46.267 -12.700
-46.267 -12.700
-46.267 -12.700
-46.250 -12.717
-46.267 -12.717
-46.267 -12.733
-46.267 -12.750
-46.267 -12.750
-46.267 -12.767
-46.267 -12.767
-46.283 -12.783
-46.267 -12.783
-46.267 -12.783
-46.267 -12.800
-46.267 -12.800
-46.267 -12.800
-46.267 -12.800
-46.267 -12.817
-46.267 -12.817
-46.250 -12.817
-46.250 -12.833
-46.267 -12.833
-46.283 -12.850
-46.283 -12.867
-46.283 -12.867
-46.283 -12.883
-46.283 -12.883
-46.283 -12.883
-46.283 -12.900
-46.283 -12.900
-46.283 -12.917
-46.283 -12.917
-46.283 -12.933
-46.300 -12.933
-46.300 -12.950
-46.283 -12.950
-46.283 -12.933
-46.267 -12.933
-46.267 -12.933
-46.267 -12.933
-46.267 -12.933
-46.267 -12.917
-46.250 -12.917
-46.250 -12.933
-46.233 -12.933
-46.217 -12.933
-46.217 -12.933
-46.183 -12.917
-46.183 -12.917
-46.183 -12.917
-46.150 -12.917
-46.150 -12.900
-46.133 -12.900
-46.133 -12.900
-46.133 -12.933
-46.167 -12.950
-46.183 -12.933
-46.183 -12.950
-46.200 -12.950
-46.217 -12.950
-46.250 -12.967
-46.267 -12.967
-46.300 -12.967
-46.333 -12.967
-46.350 -12.967
-46.367 -12.983
-46.383 -12.983
-46.383 -12.967
-46.383 -12.967
-46.367 -12.933
-46.367 -12.933
-46.383 -12.883
-46.383 -12.883
-46.400 -12.883
-46.417 -12.867
-46.417 -12.850
-46.417 -12.850
-46.450 -12.900
-46.467 -12.967
-46.550 -12.967
-46.617 -12.967
-46.633 -12.983
-46.683 -12.983
-46.750 -13.000
-46.817 -13.017
-46.817 -13.033
-46.833 -13.033
-46.833 -13.050
-46.850 -13.067
-46.850 -13.083
-46.867 -13.083
-46.883 -13.067
-46.883 -13.067
-46.900 -13.083
-46.933 -13.100
-46.933 -13.117
-46.933 -13.117
-46.950 -13.117
-46.950 -13.133
-46.967 -13.133
-46.983 -13.150
-46.983 -13.150
-46.983 -13.150
-46.983 -13.133
-47.017 -13.150
-47.017 -13.150
-47.050 -13.183
-47.067 -13.183
-47.067 -13.183
-47.083 -13.200
-47.083 -13.200
-47.083 -13.200
-47.117 -13.200
-47.133 -13.200
-47.133 -13.217
-47.150 -13.217
-47.167 -13.217
-47.167 -13.217
-47.167 -13.200
-47.200 -13.217
-47.217 -13.217
-47.233 -13.217
-47.250 -13.233
-47.250 -13.250
-47.250 -13.250
-47.267 -13.250
-47.267 -13.283
-47.283 -13.283
-47.283 -13.267
-47.283 -13.267
-47.300 -13.267
-47.317 -13.267
-47.333 -13.267
-47.367 -13.250
-47.367 -13.250
-47.383 -13.267
-47.383 -13.283
-47.400 -13.283
-47.417 -13.300
-47.417 -13.300
-47.417 -13.283
-47.433 -13.267
-47.433 -13.267
-47.433 -13.250
-47.417 -13.250
-47.417 -13.250
-47.433 -13.233
-47.450 -13.250
-47.467 -13.233
-47.467 -13.233
-47.467 -13.200
-47.483 -13.200
-47.500 -13.217
-47.517 -13.217
-47.533 -13.217
-47.567 -13.217
-47.567 -13.200
-47.583 -13.183
-47.567 -13.167
-47.567 -13.150
-47.583 -13.133
-47.600 -13.133
-47.617 -13.133
-47.617 -13.133
-47.633 -13.133
-47.633 -13.133
-47.650 -13.133
-47.650 -13.133
-47.650 -13.133
-47.650 -13.150
-47.650 -13.167
-47.683 -13.200
-47.667 -13.217
-47.667 -13.217
-47.683 -13.317
-47.700 -13.350
-47.700 -13.350
-47.683 -13.367
-47.667 -13.383
-47.650 -13.400
-47.617 -13.417
-47.633 -13.450
-47.650 -13.467
-47.667 -13.500
-47.667 -13.500
-47.683 -13.500
-47.700 -13.467
-47.733 -13.433
-47.767 -13.400
-47.800 -13.367
-47.817 -13.333
-47.833 -13.333
-47.850 -13.350
-47.867 -13.333
-47.883 -13.350
-47.917 -13.333
-47.933 -13.333
-47.950 -13.333
-47.950 -13.333
-47.950 -13.333
-47.950 -13.333
-47.967 -13.350
-47.967 -13.350
-47.967 -13.350
-47.967 -13.350
-47.967 -13.350
-47.967 -13.350
-47.983 -13.333
-47.983 -13.333
-47.983 -13.333
-47.983 -13.317
-47.983 -13.317
-47.983 -13.317
-48.000 -13.300
-48.017 -13.300
-48.017 -13.283
-48.017 -13.283
-48.033 -13.283
-48.033 -13.267
-48.050 -13.267
-48.067 -13.267
-48.067 -13.250
-48.067 -13.250
-48.083 -13.250
-48.083 -13.250
-48.083 -13.250
-48.083 -13.283
-48.083 -13.283
-48.083 -13.300
-48.100 -13.300
-48.100 -13.300
-48.117 -13.300
-48.117 -13.300
-48.133 -13.300
-48.133 -13.317
-48.150 -13.317
-48.167 -13.300
-48.167 -13.300
-48.150 -13.283
-48.167 -13.250
-48.167 -13.250
-48.167 -13.250
-48.167 -13.233
-48.150 -13.217
-48.167 -13.217
-48.183 -13.200
-48.167 -13.183
-48.167 -13.183
-48.150 -13.150
-48.167 -13.150
-48.183 -13.167
-48.183 -13.167
-48.200 -13.167
-48.200 -13.183
-48.200 -13.183
-48.217 -13.183
-48.233 -13.183
-48.233 -13.183
-48.250 -13.183
-48.250 -13.200
-48.250 -13.200
-48.267 -13.200
-48.267 -13.217
-48.283 -13.217
-48.283 -13.217
-48.283 -13.217
-48.283 -13.217
-48.300 -13.233
-48.300 -13.233
-48.300 -13.233
-48.300 -13.250
-48.317 -13.250
-48.317 -13.250
-48.317 -13.233
-48.333 -13.233
-48.333 -13.233
-48.333 -13.233
-48.333 -13.250
-48.333 -13.250
-48.333 -13.250
-48.350 -13.250
-48.367 -13.250
-48.383 -13.267
-48.383 -13.267
-48.400 -13.283
-48.400 -13.283
-48.417 -13.283
-48.433 -13.283
-48.450 -13.283
-48.500 -13.167
-48.500 -13.150
-48.500 -13.133
-48.500 -13.133
-48.517 -13.133
-48.533 -13.133
-48.533 -13.150
-48.550 -13.200
-48.550 -13.217
-48.567 -13.267
-48.567 -13.300
-48.583 -13.317
-48.600 -13.317
-48.617 -13.300
-48.600 -13.267
-48.600 -13.267
-48.600 -13.267
-48.617 -13.250
-48.617 -13.250
-48.617 -13.233
-48.600 -13.217
-48.583 -13.217
-48.583 -13.183
-48.600 -13.167
-48.600 -13.167
-48.583 -13.150
-48.583 -13.133
-48.600 -13.117
-48.600 -13.117
-48.600 -13.100
-48.600 -13.100
-48.617 -13.100
-48.617 -13.083
-48.633 -13.067
-48.633 -13.067
-48.650 -13.050
-48.650 -13.033
-48.650 -13.033
-48.667 -13.033
-48.667 -13.017
-48.683 -13.017
-48.683 -13.017
-48.700 -13.017
-48.700 -13.017
-48.717 -13.017
-48.733 -13.017
-48.733 -13.000
-48.750 -12.983
-48.750 -12.967
-48.750 -12.950
-48.750 -12.933
-48.750 -12.933
-48.767 -12.933
-48.783 -12.900
-48.800 -12.900
-48.800 -12.900
-48.817 -12.883
-48.817 -12.867
-48.833 -12.867
-48.833 -12.867
-48.850 -12.867
-48.850 -12.850
-48.850 -12.833
-48.850 -12.833
-48.867 -12.833
-48.883 -12.817
-48.883 -12.833
-48.883 -12.833
-48.883 -12.833
-48.883 -12.833
-48.917 -12.900
-49.017 -12.967
-49.067 -12.917
-49.067 -12.917
-49.083 -12.917
-49.117 -12.900
-49.117 -12.900
-49.117 -12.883
-49.100 -12.867
-49.100 -12.867
-49.100 -12.867
-49.100 -12.850
-49.100 -12.850
-49.100 -12.850
-49.133 -12.850
-49.133 -12.833
-49.133 -12.817
-49.150 -12.800
-49.150 -12.817
-49.167 -12.817
-49.167 -12.817
-49.167 -12.833
-49.183 -12.833
-49.200 -12.850
-49.217 -12.867
-49.233 -12.883
-49.233 -12.883
-49.233 -12.883
-49.233 -12.883
-49.250 -12.900
-49.250 -12.900
-49.267 -12.900
-49.267 -12.900
-49.267 -12.917
-49.283 -12.933
-49.283 -12.950
-49.283 -12.950
-49.300 -12.967
-49.317 -12.983
-49.300 -13.000
-49.317 -13.000
-49.317 -13.017
-49.317 -13.017
-49.333 -13.050
-49.350 -13.067
-49.350 -13.100
-49.367 -13.117
-49.367 -13.117
-49.350 -13.133
-49.350 -13.150
-49.367 -13.167
-49.350 -13.167
-49.350 -13.183
-49.350 -13.200
-49.367 -13.217
-49.333 -13.233
-49.383 -13.283
-49.950 -12.967
-49.967 -12.967
-49.967 -12.967
-49.983 -12.967
-50.000 -12.967
-50.000 -12.967
-50.017 -12.967
-50.033 -12.950
-50.050 -12.950
-50.050 -12.933
-50.067 -12.933
-50.083 -12.933
-50.100 -12.917
-50.100 -12.917
-50.100 -12.917
-50.117 -12.917
-50.133 -12.917
-50.167 -12.917
-50.167 -12.917
-50.183 -12.917
-50.200 -12.900
-50.217 -12.900
-50.233 -12.900
-50.233 -12.883
-50.250 -12.867
-50.267 -12.867
-50.283 -12.867
-50.300 -12.867
-50.300 -12.850
-50.317 -12.850
-50.317 -12.850
-50.317 -12.833
-50.317 -12.817
-50.317 -12.817
-50.317 -12.817
-50.317 -12.800
-50.317 -12.783
-50.317 -12.767
-50.317 -12.767
-50.317 -12.767
-50.317 -12.767
-50.300 -12.750
-50.300 -12.733
-50.300 -12.733
-50.300 -12.733
-50.317 -12.717
-50.317 -12.717
-50.317 -12.717
-50.300 -12.717
-50.300 -12.717
-50.300 -12.717
-50.300 -12.717
-50.300 -12.717
-50.300 -12.717
-50.300 -12.700
-50.283 -12.700
-50.283 -12.700
-50.283 -12.700
-50.283 -12.700
-50.283 -12.700
-50.283 -12.683
-50.283 -12.683
-50.283 -12.667
-50.283 -12.667
-50.267 -12.667
-50.267 -12.650
-50.267 -12.650
-50.267 -12.650
-50.250 -12.650
-50.250 -12.650
-50.250 -12.633
-50.250 -12.617
-50.250 -12.600
-50.250 -12.600
-50.250 -12.600
-50.233 -12.600
-50.233 -12.600
-50.233 -12.600
-50.217 -12.583
-50.217 -12.583
-50.217 -12.583
-50.217 -12.583
-50.217 -12.567
-50.217 -12.567
-50.217 -12.550
-50.233 -12.533
-50.233 -12.517
-50.233 -12.500
-50.217 -12.500
-50.217 -12.500
-50.217 -12.483
-50.217 -12.483
-50.200 -12.483
-50.200 -12.483
-50.200 -12.467
-50.200 -12.467
-50.183 -12.467
-50.183 -12.467
-50.167 -12.450
-50.167 -12.433
-50.167 -12.433
-50.183 -12.433
-50.183 -12.450
-50.183 -12.450
-50.200 -12.450
-50.200 -12.450
-50.200 -12.433
-50.217 -12.433
-50.217 -12.450
-50.217 -12.450
-50.217 -12.450
-50.217 -12.450
-50.217 -12.450
-50.217 -12.467
-50.233 -12.467
-50.217 -12.467
-50.217 -12.467
-50.233 -12.467
-50.233 -12.467
-50.250 -12.483
-50.267 -12.483
-50.267 -12.483
-50.283 -12.500
-50.300 -12.500
-50.300 -12.517
-50.317 -12.517
-50.317 -12.517
-50.333 -12.517
-50.333 -12.533
-50.333 -12.533
-50.333 -12.550
-50.333 -12.550
-50.333 -12.550
-50.333 -12.550
-50.350 -12.533
-50.350 -12.533
-50.350 -12.550
-50.350 -12.550
-50.350 -12.567
-50.350 -12.567
-50.350 -12.567
-50.350 -12.567
-50.367 -12.567
-50.367 -12.567
-50.367 -12.567
-50.367 -12.567
-50.367 -12.567
-50.367 -12.583
-50.367 -12.583
-50.383 -12.583
-50.383 -12.583
-50.383 -12.583
-50.383 -12.583
-50.383 -12.600
-50.383 -12.600
-50.383 -12.600
-50.383 -12.600
-50.400 -12.600
-50.400 -12.617
-50.400 -12.617
-50.400 -12.617
-50.400 -12.633
-50.400 -12.633
-50.400 -12.633
-50.400 -12.633
-50.417 -12.633
-50.417 -12.633
-50.417 -12.650
-50.417 -12.650
-50.417 -12.667
-50.417 -12.683
-50.433 -12.683
-50.433 -12.683
-50.433 -12.683
-50.433 -12.683
-50.433 -12.683
-50.450 -12.700
-50.450 -12.717
-50.450 -12.717
-50.450 -12.717
-50.467 -12.717
-50.467 -12.717
-50.483 -12.717
-50.483 -12.733
-50.483 -12.733
-50.483 -12.733
-50.483 -12.750
-50.483 -12.750
-50.483 -12.750
-50.500 -12.750
-50.500 -12.767
-50.500 -12.767
-50.483 -12.767
-50.483 -12.783
-50.483 -12.783
-50.500 -12.800
-50.500 -12.800
-50.500 -12.817
-50.500 -12.817
-50.500 -12.817
-50.483 -12.833
-50.483 -12.833
-50.500 -12.850
-50.500 -12.850
-50.517 -12.867
-50.517 -12.867
-50.533 -12.850
-50.550 -12.850
-50.600 -12.850
-50.600 -12.817
-50.617 -12.817
-50.633 -12.833
-50.633 -12.800
-50.617 -12.783
-50.633 -12.767
-50.633 -12.733
-50.650 -12.733
-50.667 -12.667
-50.700 -12.650
-50.717 -12.617
-50.700 -12.600
-50.683 -12.600
-50.683 -12.550
-50.667 -12.500
-50.650 -12.467
-50.633 -12.450
-50.633 -12.367
-50.650 -12.333
-50.633 -12.283
-50.650 -12.233
-50.683 -12.200
-50.667 -12.083
-50.700 -12.050
-50.683 -12.000
-50.667 -11.950
-50.667 -11.917
-50.650 -11.883
-50.683 -11.867
-50.683 -11.833
-50.700 -11.783
-50.717 -11.733
-50.700 -11.700
-50.667 -11.650
-50.667 -11.600
-50.733 -11.550
-50.750 -11.500
-50.683 -11.283
-50.650 -11.217
-50.667 -11.133
-50.617 -11.067
-50.617 -10.917
-50.600 -10.867
-50.633 -10.833
-50.583 -10.767
-50.583 -10.717
-50.600 -10.683
-50.567 -10.650
-50.550 -10.600
-50.533 -10.583
-50.517 -10.517
-50.500 -10.483
-50.483 -10.400
-50.433 -10.383
-50.433 -10.367
-50.417 -10.283
-50.400 -10.167
-50.383 -10.117
-50.333 -10.067
-50.317 -10.050
-50.267  -9.917
-50.233  -9.867
-50.206  -9.841
-50.206  -9.841
-50.200  -9.783
-50.150  -9.700
-50.133  -9.633
-50.100  -9.567
-50.100  -9.467
-50.067  -9.400
-50.050  -9.317
-49.983  -9.233
-49.950  -9.200
-49.917  -9.183
-49.900  -9.150
-49.883  -9.117
-49.850  -9.067
-49.850  -9.033
-49.817  -9.000
-49.800  -8.967
-49.767  -8.933
-49.717  -8.883
-49.667  -8.850
-49.600  -8.850
-49.517  -8.717
-49.483  -8.650
-49.417  -8.567
-49.400  -8.533
-49.367  -8.450
-49.283  -8.383
-49.267  -8.283
-49.233  -8.233
-49.217  -8.117
-49.183  -8.050
-49.200  -8.000
-49.167  -7.950
-49.167  -7.867
-49.167  -7.833
-49.150  -7.800
-49.183  -7.783
-49.233  -7.767
-49.283  -7.717
-49.317  -7.683
-49.367  -7.633
-49.383  -7.583
-49.367  -7.500
-49.333  -7.433
-49.267  -7.367
-49.233  -7.317
-49.183  -7.250
-49.200  -7.183
-49.200  -7.033
-49.200  -6.983
-49.200  -6.933
-49.183  -6.917
-49.083  -6.850
-49.033  -6.817
-49.000  -6.800
-48.933  -6.767
-48.867  -6.750
-48.817  -6.733
-48.767  -6.717
-48.683  -6.667
-48.667  -6.633
-48.650  -6.583
-48.650  -6.500
-48.617  -6.483
-48.583  -6.433
-48.533  -6.400
-48.517  -6.367
-48.467  -6.350
-48.433  -6.367
-48.383  -6.383
-48.367  -6.333
-48.400  -6.333
-48.417  -6.300
-48.417  -6.267
-48.433  -6.233
-48.433  -6.200
-48.417  -6.167
-48.383  -6.150
-48.317  -6.133
-48.300  -6.067
-48.333  -6.033
-48.333  -6.000
-48.283  -5.967
-48.233  -5.950
-48.233  -5.917
-48.250  -5.883
-48.267  -5.850
-48.283  -5.833
-48.300  -5.800
-48.283  -5.750
-48.267  -5.733
-48.183  -5.717
-48.167  -5.700
-48.133  -5.650
-48.167  -5.600
-48.200  -5.567
-48.250  -5.550
-48.283  -5.533
-48.300  -5.517
-48.350  -5.450
-48.367  -5.417
-48.400  -5.400
-48.450  -5.400
-48.500  -5.417
-48.550  -5.433
-48.600  -5.417
-48.633  -5.400
-48.683  -5.383
