-46.033 -14.867
-46.017 -14.850
-46.033 -14.833
-46.033 -14.833
-46.033 -14.817
-46.033 -14.817
-46.017 -14.817
-46.017 -14.800
-46.017 -14.800
-46.000 -14.783
-46.000 -14.767
-46.000 -14.767
-46.000 -14.750
-46.000 -14.750
-46.000 -14.733
-46.000 -14.717
-46.000 -14.717
-46.000 -14.717
-46.000 -14.700
-46.000 -14.700
-46.000 -14.683
-46.017 -14.683
-46.017 -14.683
-46.017 -14.667
-46.017 -14.667
-46.017 -14.650
-46.017 -14.650
-46.000 -14.650
-46.000 -14.650
-46.000 -14.650
-46.000 -14.650
-46.000 -14.650
-46.000 -14.650
-45.983 -14.650
-45.983 -14.650
-45.983 -14.633
-45.983 -14.633
-45.983 -14.617
-45.983 -14.617
-45.983 -14.600
-45.983 -14.600
-46.000 -14.600
-46.000 -14.600
-46.000 -14.600
-46.000 -14.600
-46.000 -14.600
-45.983 -14.583
-46.000 -14.583
-45.983 -14.583
-45.983 -14.583
-45.983 -14.583
-45.983 -14.567
-45.983 -14.550
-45.983 -14.550
-45.967 -14.550
-45.967 -14.533
-45.967 -14.533
-45.967 -14.517
-45.983 -14.517
-46.000 -14.517
-46.000 -14.517
-46.000 -14.500
-46.000 -14.500
-46.000 -14.500
-45.983 -14.500
-46.000 -14.500
-46.000 -14.500
-46.000 -14.500
-46.000 -14.500
-46.000 -14.500
-45.983 -14.500
-45.983 -14.500
-45.983 -14.483
-45.983 -14.483
-46.000 -14.483
-46.000 -14.483
-46.000 -14.467
-46.000 -14.467
-46.000 -14.450
-46.000 -14.450
-46.000 -14.433
-46.000 -14.433
-46.000 -14.433
-46.000 -14.417
-46.000 -14.417
-46.000 -14.417
-46.017 -14.417
-46.000 -14.400
-46.000 -14.400
-46.000 -14.400
-46.000 -14.417
-46.000 -14.417
-46.000 -14.417
-45.983 -14.417
-45.983 -14.417
-45.967 -14.417
-45.967 -14.417
-45.967 -14.417
-45.950 -14.417
-45.950 -14.400
-45.933 -14.400
-45.917 -14.400
-45.917 -14.383
-45.917 -14.367
-45.900 -14.367
-45.900 -14.350
-45.900 -14.350
-45.900 -14.333
-45.900 -14.333
-45.917 -14.333
-45.933 -14.333
-45.933 -14.333
-45.933 -14.317
-45.950 -14.317
-45.950 -14.317
-45.950 -14.300
-45.950 -14.300
-45.950 -14.283
-45.950 -14.283
-45.950 -14.283
-45.967 -14.267
-45.967 -14.267
-45.983 -14.267
-45.983 -14.267
-45.983 -14.250
-46.000 -14.250
-46.000 -14.250
-46.017 -14.250
-46.017 -14.250
-46.017 -14.233
-46.033 -14.233
-46.033 -14.233
-46.050 -14.217
-46.050 -14.217
-46.050 -14.200
-46.050 -14.200
-46.050 -14.183
-46.067 -14.183
-46.083 -14.200
-46.083 -14.200
-46.100 -14.183
-46.100 -14.183
-46.117 -14.183
-46.100 -14.167
-46.100 -14.167
-46.117 -14.150
-46.117 -14.150
-46.117 -14.150
-46.133 -14.150
-46.150 -14.150
-46.183 -14.150
-46.183 -14.133
-46.200 -14.133
-46.200 -14.117
-46.200 -14.117
-46.217 -14.117
-46.233 -14.100
-46.250 -14.100
-46.267 -14.083
-46.250 -14.083
-46.233 -14.083
-46.233 -14.083
-46.233 -14.083
-46.217 -14.067
-46.217 -14.050
-46.233 -14.050
-46.233 -14.050
-46.233 -14.050
-46.217 -14.033
-46.200 -14.017
-46.200 -14.017
-46.200 -14.000
-46.200 -14.000
-46.200 -14.000
-46.200 -14.000
-46.217 -13.967
-46.217 -13.967
-46.217 -13.967
-46.217 -13.967
-46.250 -13.933
-46.250 -13.933
-46.267 -13.933
-46.250 -13.917
-46.250 -13.900
-46.250 -13.883
-46.250 -13.883
-46.233 -13.867
-46.233 -13.850
-46.233 -13.850
-46.217 -13.833
-46.233 -13.833
-46.250 -13.817
-46.267 -13.817
-46.267 -13.817
-46.250 -13.800
-46.250 -13.800
-46.267 -13.800
-46.267 -13.783
-46.267 -13.783
-46.267 -13.783
-46.250 -13.767
-46.233 -13.767
-46.217 -13.767
-46.217 -13.767
-46.233 -13.733
-46.233 -13.733
-46.233 -13.733
-46.250 -13.733
-46.250 -13.733
-46.250 -13.733
-46.250 -13.717
-46.233 -13.717
-46.233 -13.700
-46.233 -13.700
-46.233 -13.700
-46.233 -13.683
-46.250 -13.683
-46.250 -13.683
-46.250 -13.667
-46.250 -13.667
-46.233 -13.667
-46.233 -13.650
-46.233 -13.650
-46.217 -13.633
-46.200 -13.617
-46.183 -13.617
-46.167 -13.600
-46.150 -13.583
-46.150 -13.583
-46.167 -13.567
-46.200 -13.567
-46.200 -13.567
-46.200 -13.567
-46.217 -13.567
-46.217 -13.567
-46.233 -13.550
-46.233 -13.550
-46.233 -13.533
-46.233 -13.517
-46.233 -13.517
-46.217 -13.500
-46.217 -13.500
-46.217 -13.500
-46.217 -13.500
-46.217 -13.483
-46.217 -13.483
-46.217 -13.483
-46.217 -13.483
-46.217 -13.467
-46.217 -13.467
-46.200 -13.467
-46.200 -13.450
-46.200 -13.450
-46.200 -13.450
-46.217 -13.450
-46.217 -13.450
-46.217 -13.433
-46.217 -13.433
-46.217 -13.433
-46.217 -13.433
-46.217 -13.433
-46.233 -13.433
-46.233 -13.417
-46.233 -13.417
-46.217 -13.400
-46.200 -13.400
-46.200 -13.383
-46.183 -13.383
-46.167 -13.383
-46.167 -13.367
-46.133 -13.367
-46.133 -13.367
-46.117 -13.350
-46.117 -13.350
-46.100 -13.350
-46.100 -13.333
-46.083 -13.317
-46.067 -13.317
-46.067 -13.317
-46.067 -13.317
-46.050 -13.300
-46.033 -13.283
-46.033 -13.267
-46.033 -13.267
-46.033 -13.267
-46.033 -13.267
-46.050 -13.250
-46.050 -13.250
-46.050 -13.250
-46.067 -13.250
-46.067 -13.267
-46.083 -13.267
-46.100 -13.267
-46.100 -13.267
-46.100 -13.283
-46.117 -13.283
-46.117 -13.283
-46.133 -13.283
-46.150 -13.300
-46.150 -13.300
-46.167 -13.300
-46.183 -13.300
-46.200 -13.317
-46.200 -13.300
-46.217 -13.317
-46.217 -13.317
-46.233 -13.333
-46.250 -13.333
-46.267 -13.333
-46.267 -13.333
-46.267 -13.333
-46.267 -13.333
-46.283 -13.333
-46.283 -13.317
-46.283 -13.317
-46.283 -13.300
-46.283 -13.300
-46.300 -13.300
-46.300 -13.300
-46.300 -13.300
-46.300 -13.283
-46.300 -13.283
-46.300 -13.267
-46.283 -13.267
-46.300 -13.267
-46.283 -13.250
-46.300 -13.250
-46.317 -13.250
-46.317 -13.250
-46.317 -13.233
-46.317 -13.233
-46.300 -13.217
-46.300 -13.217
-46.300 -13.200
-46.300 -13.200
-46.300 -13.183
-46.300 -13.183
-46.300 -13.167
-46.300 -13.167
-46.300 -13.167
-46.300 -13.167
-46.300 -13.167
-46.300 -13.167
-46.300 -13.150
-46.300 -13.150
-46.283 -13.150
-46.283 -13.133
-46.283 -13.133
-46.283 -13.117
-46.300 -13.117
-46.300 -13.117
-46.300 -13.117
-46.300 -13.100
-46.317 -13.100
-46.317 -13.083
-46.317 -13.083
-46.300 -13.083
-46.300 -13.067
-46.300 -13.067
-46.283 -13.067
-46.283 -13.050
-46.283 -13.050
-46.267 -13.033
-46.267 -13.033
-46.267 -13.033
-46.267 -13.017
-46.267 -13.000
-46.267 -13.000
-46.250 -13.000
-46.233 -13.000
-46.233 -13.000
-46.233 -13.000
-46.233 -12.983
-46.217 -12.983
-46.217 -13.000
-46.217 -13.000
-46.217 -13.000
-46.200 -13.000
-46.200 -13.000
-46.183 -12.983
-46.183 -12.983
-46.167 -12.983
-46.167 -12.967
-46.150 -12.967
-46.133 -12.967
-46.117 -12.950
-46.117 -12.950
-46.117 -12.950
-46.117 -12.933
-46.117 -12.933
-46.100 -12.933
-46.100 -12.917
-46.100 -12.917
-46.117 -12.900
-46.133 -12.900
-46.133 -12.900
-46.133 -12.900
-46.150 -12.900
-46.150 -12.917
-46.183 -12.917
-46.183 -12.917
-46.183 -12.917
-46.217 -12.933
-46.217 -12.933
-46.233 -12.933
-46.250 -12.933
-46.250 -12.917
-46.267 -12.917
-46.267 -12.933
-46.267 -12.933
-46.267 -12.933
-46.267 -12.933
-46.283 -12.933
-46.283 -12.950
-46.300 -12.950
-46.300 -12.933
-46.283 -12.933
-46.283 -12.917
-46.283 -12.917
-46.283 -12.900
-46.283 -12.900
-46.283 -12.883
-46.283 -12.883
-46.283 -12.883
-46.283 -12.867
-46.283 -12.867
-46.283 -12.850
-46.267 -12.833
-46.250 -12.833
-46.250 -12.817
-46.267 -12.817
-46.267 -12.817
-46.267 -12.800
-46.267 -12.800
-46.267 -12.800
-46.267 -12.800
-46.267 -12.783
-46.267 -12.783
-46.283 -12.783
-46.267 -12.767
-46.267 -12.767
-46.267 -12.750
-46.267 -12.750
-46.267 -12.733
-46.267 -12.717
-46.250 -12.717
-46.267 -12.700
-46.267 -12.700
-46.267 -12.700
-46.283 -12.700
-46.283 -12.683
-46.283 -12.683
-46.283 -12.683
-46.283 -12.683
-46.283 -12.667
-46.267 -12.667
-46.250 -12.667
-46.250 -12.650
-46.250 -12.650
-46.250 -12.633
-46.267 -12.633
-46.267 -12.633
-46.267 -12.633
-46.267 -12.633
-46.267 -12.633
-46.283 -12.633
-46.283 -12.633
-46.283 -12.617
-46.283 -12.617
-46.267 -12.600
-46.267 -12.600
-46.267 -12.600
-46.267 -12.583
-46.267 -12.583
-46.267 -12.583
-46.267 -12.583
-46.267 -12.567
-46.250 -12.567
-46.250 -12.550
-46.250 -12.533
-46.250 -12.533
-46.233 -12.533
-46.233 -12.533
-46.233 -12.533
-46.217 -12.533
-46.217 -12.517
-46.183 -12.517
-46.167 -12.517
-46.150 -12.517
-46.150 -12.517
-46.150 -12.500
-46.150 -12.500
-46.150 -12.500
-46.150 -12.483
-46.150 -12.483
-46.150 -12.467
-46.150 -12.467
-46.167 -12.467
-46.167 -12.467
-46.183 -12.467
-46.200 -12.483
-46.217 -12.483
-46.233 -12.483
-46.250 -12.483
-46.250 -12.483
-46.250 -12.467
-46.250 -12.450
-46.250 -12.450
-46.250 -12.433
-46.250 -12.433
-46.250 -12.417
-46.250 -12.400
-46.267 -12.400
-46.283 -12.400
-46.283 -12.400
-46.300 -12.400
-46.300 -12.400
-46.283 -12.383
-46.283 -12.367
-46.283 -12.367
-46.283 -12.367
-46.300 -12.350
-46.300 -12.350
-46.300 -12.350
-46.317 -12.350
-46.317 -12.333
-46.333 -12.333
-46.317 -12.333
-46.333 -12.333
-46.333 -12.333
-46.350 -12.333
-46.350 -12.317
-46.333 -12.317
-46.350 -12.317
-46.333 -12.300
-46.317 -12.300
-46.317 -12.300
-46.317 -12.283
-46.333 -12.283
-46.350 -12.283
-46.350 -12.283
-46.367 -12.283
-46.367 -12.283
-46.367 -12.267
-46.350 -12.250
-46.367 -12.250
-46.367 -12.250
-46.367 -12.233
-46.367 -12.233
-46.367 -12.233
-46.350 -12.233
-46.350 -12.217
-46.350 -12.217
-46.350 -12.200
-46.350 -12.200
-46.367 -12.200
-46.350 -12.183
-46.367 -12.183
-46.383 -12.183
-46.383 -12.183
-46.367 -12.183
-46.367 -12.167
-46.367 -12.167
-46.367 -12.167
-46.383 -12.167
-46.383 -12.150
-46.367 -12.150
-46.367 -12.133
-46.367 -12.133
-46.367 -12.117
-46.367 -12.117
-46.350 -12.100
-46.350 -12.083
-46.367 -12.083
-46.367 -12.083
-46.367 -12.083
-46.367 -12.067
-46.367 -12.067
-46.383 -12.067
-46.383 -12.067
-46.367 -12.050
-46.367 -12.050
-46.367 -12.050
-46.367 -12.033
-46.383 -12.033
-46.383 -12.033
-46.383 -12.017
-46.383 -12.017
-46.367 -12.017
-46.367 -12.000
-46.367 -12.000
-46.367 -12.000
-46.167 -12.000
-46.100 -11.950
-46.067 -11.917
-46.083 -11.883
-46.133 -11.850
-46.233 -11.850
-46.267 -11.833
-46.283 -11.783
-46.267 -11.733
-46.117 -11.667
-46.083 -11.633
-46.067 -11.617
-46.100 -11.567
-46.167 -11.533
-46.350 -11.500
-46.433 -11.517
-46.483 -11.483
-46.500 -11.417
-46.567 -11.383
-46.616 -11.289
-46.567 -11.250
-46.533 -11.217
-46.483 -11.183
-46.450 -11.117
-46.400 -11.000
-46.317 -10.950
-46.267 -10.933
-46.233 -10.900
-46.267 -10.833
-46.267 -10.783
-46.183 -10.667
-46.117 -10.617
-46.083 -10.583
-46.050 -10.567
-45.867 -10.483
-45.833 -10.450
-45.817 -10.350
-45.783 -10.317
-45.717 -10.300
-45.617 -10.300
-45.567 -10.333
-45.550 -10.333
-45.517 -10.367
-45.483 -10.417
-45.450 -10.567
-45.433 -10.600
-45.367 -10.667
-45.350 -10.733
-45.317 -10.767
-45.283 -10.783
-45.250 -10.817
-45.183 -10.817
-45.117 -10.833
-45.067 -10.850
-44.983 -10.900
-44.933 -10.900
-44.930 -10.928
-44.867 -10.883
-44.817 -10.850
-44.733 -10.783
-44.683 -10.750
-44.667 -10.717
-44.650 -10.700
-44.617 -10.650
-44.517 -10.633
-44.450 -10.617
-44.383 -10.583
-44.367 -10.567
-44.317 -10.567
-44.283 -10.600
-44.267 -10.617
-44.233 -10.617
-44.200 -10.617
-44.067 -10.567
-44.050 -10.500
-44.033 -10.483
-44.033 -10.417
-44.017 -10.400
-43.983 -10.433
-43.950 -10.433
-43.917 -10.417
-43.933 -10.367
-43.833 -10.350
-43.850 -10.300
-43.833 -10.250
-43.783 -10.183
-43.767 -10.067
-43.717 -10.067
-43.683 -10.050
-43.667 -10.000
-43.700  -9.967
-43.700  -9.950
-43.700  -9.933
-43.717  -9.917
-43.683  -9.883
-43.683  -9.867
-43.683  -9.850
-43.667  -9.833
-43.733  -9.800
-43.750  -9.783
-43.783  -9.767
-43.817  -9.683
-43.850  -9.633
-43.850  -9.550
-43.817  -9.467
-43.800  -9.450
-43.700  -9.417
-43.650  -9.383
-43.617  -9.333
-43.600  -9.300
-43.533  -9.300
-43.517  -9.250
-43.467  -9.250
-43.417  -9.283
-43.383  -9.350
-43.333  -9.383
-43.300  -9.400
-43.267  -9.417
-43.250  -9.400
-43.183  -9.417
-43.167  -9.383
-43.133  -9.383
-43.083  -9.383
-43.067  -9.400
-43.033  -9.417
-42.983  -9.417
-42.967  -9.483
-42.950  -9.517
-42.900  -9.517
-42.867  -9.533
-42.817  -9.600
-42.783  -9.600
-42.733  -9.583
-42.733  -9.517
-42.717  -9.517
-42.700  -9.550
-42.633  -9.533
-42.600  -9.500
-42.550  -9.483
-42.533  -9.500
-42.500  -9.500
-42.500  -9.467
-42.433  -9.433
-42.317  -9.300
-42.283  -9.300
-42.233  -9.283
-42.183  -9.283
-42.133  -9.283
-42.050  -9.233
-42.000  -9.233
-41.917  -9.267
-41.900  -9.250
-41.817  -9.200
-41.767  -9.133
-41.733  -9.100
-41.733  -9.033
-41.700  -9.017
-41.650  -8.983
-41.600  -8.967
-41.567  -8.967
-41.550  -8.950
-41.483  -8.867
-41.417  -8.783
-41.350  -8.700
-41.333  -8.733
-41.283  -8.733
-41.217  -8.700
-41.117  -8.700
-41.117  -8.767
-41.033  -8.783
-41.033  -8.850
-41.017  -8.833
-41.000  -8.833
-40.950  -8.850
-40.917  -8.850
-40.850  -8.967
-40.850  -9.033
-40.867  -9.117
-40.833  -9.133
-40.783  -9.183
-40.700  -9.183
-40.683  -9.317
-40.767  -9.450
-40.700  -9.450
-40.633  -9.483
-40.567  -9.450
-40.533  -9.417
-40.500  -9.400
-40.483  -9.417
-40.433  -9.350
-40.400  -9.367
-40.367  -9.367
-40.283  -9.167
-40.300  -9.133
-40.267  -9.067
-40.250  -9.050
-40.217  -9.050
-40.167  -9.083
-40.117  -9.083
-40.083  -9.067
-40.000  -9.050
-39.983  -9.050
-39.883  -8.933
-39.917  -8.867
-39.900  -8.833
-39.883  -8.817
-39.833  -8.800
-39.800  -8.817
-39.767  -8.800
-39.750  -8.783
-39.683  -8.783
-39.683  -8.717
-39.700  -8.667
-39.633  -8.650
-39.483  -8.600
-39.467  -8.567
-39.417  -8.550
-39.367  -8.533
-39.300  -8.567
-39.267  -8.583
-39.267  -8.617
-39.233  -8.650
-39.217  -8.683
-39.167  -8.700
-39.033  -8.733
-39.000  -8.750
-38.950  -8.800
-38.900  -8.800
-38.883  -8.783
-38.800  -8.800
-38.717  -8.867
-38.700  -8.883
-38.700  -8.933
-38.667  -8.983
-38.633  -8.983
-38.617  -8.967
-38.600  -8.867
-38.567  -8.817
-38.500  -8.850
-38.483  -8.883
-38.500  -8.917
-38.517  -8.933
-38.517  -8.950
-38.483  -9.017
-38.467  -9.033
-38.417  -9.050
-38.400  -9.033
-38.333  -8.983
-38.300  -9.050
-38.333  -9.083
-38.333  -9.150
-38.283  -9.183
-38.300  -9.200
-38.233  -9.333
-38.200  -9.417
-38.117  -9.433
-38.017  -9.500
-38.067  -9.550
-38.067  -9.600
-38.067  -9.617
-38.017  -9.650
-38.050  -9.717
-38.017  -9.817
-38.000  -9.833
-38.000  -9.933
-37.983  -9.967
-37.883  -9.967
-37.833 -10.000
-37.833 -10.017
-37.767 -10.133
-37.783 -10.217
-37.817 -10.383
-37.833 -10.400
-37.867 -10.433
-37.817 -10.517
-37.833 -10.533
-37.833 -10.583
-37.817 -10.600
-37.817 -10.700
-38.017 -10.767
-38.050 -10.750
-38.067 -10.717
-38.117 -10.717
-38.183 -10.700
-38.217 -10.717
-38.250 -10.783
-38.250 -10.867
-38.167 -11.017
-38.100 -11.083
-38.100 -11.117
-38.083 -11.167
-38.083 -11.200
-38.000 -11.200
-38.000 -11.350
-37.967 -11.400
-37.933 -11.400
-37.900 -11.433
-37.900 -11.433
-37.867 -11.433
-37.867 -11.467
-37.817 -11.500
-37.767 -11.533
-37.733 -11.550
-37.700 -11.550
-37.667 -11.567
-37.650 -11.517
-37.617 -11.533
-37.583 -11.517
-37.583 -11.533
-37.483 -11.533
-37.417 -11.483
-37.383 -11.467
-37.333 -11.450
-37.383 -11.500
-37.400 -11.533
-37.467 -11.667
-37.500 -11.717
-37.533 -11.750
-37.550 -11.783
-37.617 -11.967
-37.667 -12.000
-37.617 -12.000
-37.733 -12.183
-37.833 -12.317
-37.917 -12.417
-37.967 -12.517
-37.983 -12.533
-38.000 -12.583
-38.017 -12.583
-38.350 -12.967
-38.400 -12.967
-38.467 -13.017
-38.533 -13.017
-38.517 -12.967
-38.517 -12.950
-38.533 -12.933
-38.533 -12.917
-38.500 -12.917
-38.483 -12.833
-38.500 -12.817
-38.517 -12.767
-38.483 -12.783
-38.467 -12.783
-38.467 -12.767
-38.500 -12.750
-38.500 -12.733
-38.533 -12.733
-38.567 -12.717
-38.600 -12.733
-38.633 -12.700
-38.633 -12.667
-38.650 -12.633
-38.700 -12.633
-38.700 -12.600
-38.717 -12.600
-38.733 -12.667
-38.733 -12.683
-38.767 -12.717
-38.750 -12.733
-38.783 -12.817
-38.817 -12.850
-38.800 -12.850
-38.783 -12.867
-38.717 -12.867
-38.767 -12.917
-38.767 -12.967
-38.783 -13.000
-38.800 -13.033
-38.833 -13.067
-38.867 -13.083
-38.900 -13.117
-38.867 -13.117
-38.833 -13.133
-38.817 -13.150
-38.933 -13.217
-38.967 -13.267
-38.967 -13.333
-38.950 -13.383
-39.000 -13.367
-39.033 -13.367
-39.033 -13.350
-39.050 -13.367
-39.067 -13.417
-39.067 -13.483
-39.100 -13.533
-39.100 -13.583
-39.083 -13.583
-39.067 -13.567
-39.017 -13.583
-38.967 -13.683
-39.000 -13.750
-39.000 -13.783
-38.983 -13.833
-39.000 -13.850
-39.050 -13.817
-39.067 -13.767
-39.100 -13.750
-39.117 -13.717
-39.133 -13.733
-39.117 -13.750
-39.117 -13.767
-39.067 -13.783
-39.067 -13.817
-39.033 -13.850
-39.000 -13.867
-39.017 -13.900
-39.050 -13.883
-39.100 -13.883
-39.083 -13.900
-39.067 -13.917
-39.083 -13.917
-39.083 -13.967
-39.067 -14.000
-39.067 -13.950
-39.000 -13.967
-39.000 -14.000
-39.033 -14.017
-39.000 -14.017
-38.983 -14.067
-39.017 -14.100
-38.967 -14.067
-38.983 -14.033
-38.967 -14.000
-38.983 -13.933
-38.983 -13.917
-38.950 -13.883
-38.933 -13.900
-38.933 -13.933
-38.950 -14.000
-38.950 -14.050
-38.983 -14.183
-39.000 -14.250
-39.000 -14.267
-38.983 -14.300
-39.000 -14.333
-39.033 -14.450
-39.050 -14.583
-39.067 -14.650
-39.083 -14.750
-39.033 -14.783
-39.067 -14.800
-39.067 -14.817
-39.033 -14.817
-39.033 -14.867
-39.017 -15.000
-39.017 -15.167
-39.000 -15.300
-38.967 -15.467
-38.983 -15.467
-38.967 -15.483
-38.967 -15.583
-38.950 -15.633
-38.967 -15.650
-38.950 -15.667
-38.950 -15.700
-38.933 -15.700
-38.883 -15.817
-38.917 -15.850
-38.950 -15.833
-38.967 -15.817
-39.000 -15.833
-38.967 -15.833
-38.950 -15.850
-38.917 -15.867
-38.883 -15.850
-38.917 -15.917
-38.933 -16.000
-38.967 -16.183
-39.017 -16.267
-39.000 -16.333
-39.033 -16.383
-39.083 -16.467
-39.100 -16.583
-39.117 -16.717
-39.150 -16.867
-39.150 -16.933
-39.167 -16.983
-39.200 -17.100
-39.217 -17.333
-39.200 -17.433
-39.217 -17.533
-39.183 -17.633
-39.200 -17.750
-39.250 -17.800
-39.283 -17.867
-39.367 -17.883
-39.433 -17.917
-39.550 -18.083
-39.650 -18.250
-39.668 -18.333
-40.150 -18.000
-40.150 -18.000
-40.179 -17.980
-40.179 -17.980
-40.250 -17.950
-40.264 -17.922
-40.212 -17.896
-40.167 -17.854
-40.183 -17.800
-40.283 -17.717
-40.367 -17.633
-40.400 -17.567
-40.483 -17.567
-40.500 -17.517
-40.483 -17.417
-40.550 -17.433
-40.500 -17.367
-40.533 -17.350
-40.600 -17.433
-40.633 -17.400
-40.550 -17.283
-40.583 -17.233
-40.583 -17.100
-40.567 -17.067
-40.500 -16.883
-40.450 -16.900
-40.250 -16.850
-40.300 -16.750
-40.283 -16.667
-40.250 -16.567
-40.167 -16.567
-40.133 -16.483
-40.050 -16.367
-40.000 -16.350
-39.900 -16.200
-39.867 -16.150
-39.867 -16.100
-39.967 -16.000
-39.967 -16.000
-40.000 -15.983
-40.017 -15.983
-40.067 -15.967
-40.083 -15.917
-40.117 -15.900
-40.183 -15.900
-40.183 -15.867
-40.217 -15.867
-40.217 -15.833
-40.233 -15.817
-40.367 -15.817
-40.433 -15.800
-40.450 -15.767
-40.450 -15.750
-40.467 -15.750
-40.483 -15.767
-40.517 -15.800
-40.533 -15.783
-40.550 -15.800
-40.583 -15.783
-40.583 -15.750
-40.583 -15.733
-40.617 -15.717
-40.650 -15.700
-40.683 -15.700
-40.750 -15.750
-40.767 -15.733
-40.783 -15.700
-40.800 -15.683
-40.800 -15.650
-40.817 -15.650
-40.867 -15.683
-40.883 -15.700
-40.917 -15.683
-40.933 -15.650
-40.967 -15.650
-41.017 -15.717
-41.033 -15.733
-41.100 -15.750
-41.150 -15.767
-41.150 -15.783
-41.200 -15.767
-41.217 -15.750
-41.233 -15.750
-41.267 -15.750
-41.317 -15.733
-41.332 -15.744
-41.358 -15.500
-41.797 -15.086
-41.800 -15.083
-41.817 -15.100
-41.867 -15.100
-41.883 -15.150
-41.917 -15.150
-41.950 -15.167
-42.000 -15.150
-42.067 -15.150
-42.117 -15.133
-42.183 -15.117
-42.217 -15.067
-42.267 -15.100
-42.317 -15.100
-42.333 -15.067
-42.367 -15.050
-42.450 -15.017
-42.467 -15.000
-42.517 -14.983
-42.617 -14.933
-42.650 -14.933
-42.683 -14.917
-42.700 -14.917
-42.717 -14.900
-42.717 -14.883
-42.733 -14.883
-42.750 -14.867
-42.817 -14.900
-42.817 -14.833
-42.950 -14.733
-42.950 -14.717
-43.017 -14.700
-43.050 -14.683
-43.100 -14.683
-43.100 -14.667
-43.117 -14.683
-43.133 -14.667
-43.200 -14.633
-43.217 -14.667
-43.283 -14.650
-43.333 -14.667
-43.383 -14.700
-43.450 -14.717
-43.467 -14.767
-43.500 -14.767
-43.483 -14.783
-43.533 -14.800
-43.600 -14.750
-43.633 -14.750
-43.683 -14.733
-43.733 -14.717
-43.733 -14.717
-43.733 -14.700
-43.833 -14.683
-43.883 -14.667
-43.883 -14.517
-43.800 -14.333
-43.900 -14.300
-43.917 -14.317
-44.000 -14.267
-44.067 -14.283
-44.117 -14.267
-44.150 -14.283
-44.183 -14.267
-44.216 -14.233
-44.250 -14.250
-44.350 -14.267
-44.483 -14.317
-44.650 -14.383
-44.683 -14.433
-44.817 -14.500
-44.850 -14.567
-44.900 -14.617
-44.983 -14.650
-45.033 -14.683
-45.067 -14.750
-45.117 -14.750
-45.200 -14.733
-45.317 -14.833
-45.333 -14.833
-45.400 -14.917
-45.417 -14.900
-45.450 -14.933
-45.483 -14.933
-45.550 -14.917
-45.550 -14.950
-45.600 -15.000
-45.633 -15.017
-45.667 -15.067
-45.733 -15.117
-45.817 -15.117
-45.850 -15.150
-45.950 -15.133
-45.983 -15.200
-46.017 -15.217
-46.017 -15.217
-46.050 -15.233
-46.100 -15.233
-46.050 -15.150
-46.050 -15.133
-45.967 -15.017
-45.967 -14.983
-45.983 -14.917
-46.034 -14.867
NA NA
-38.683 -12.883
-38.633 -12.917
-38.600 -12.967
-38.650 -13.033
-38.717 -13.067
-38.783 -13.133
-38.800 -13.133
-38.783 -13.050
-38.733 -13.017
-38.667 -12.967
-38.683 -12.950
-38.667 -12.950
-38.700 -12.900
-38.683 -12.883
NA NA
-38.817 -13.067
-38.817 -13.117
-38.867 -13.100
-38.817 -13.067
NA NA
-38.917 -13.367
-38.900 -13.433
-38.900 -13.467
-38.917 -13.483
-38.917 -13.500
-38.933 -13.533
-38.933 -13.583
-38.983 -13.600
-39.067 -13.567
-39.083 -13.533
-39.033 -13.467
-39.033 -13.417
-39.033 -13.400
-38.967 -13.400
-38.917 -13.367
NA NA
-38.933 -13.583
-38.917 -13.583
-38.917 -13.633
-38.900 -13.633
-38.917 -13.667
-38.967 -13.667
-38.983 -13.600
-38.983 -13.600
NA NA
-38.7044 -17.9612
-38.7042 -17.9614
-38.7039 -17.9614
-38.7037 -17.9614
-38.7034 -17.9614
-38.7032 -17.9614
-38.7029 -17.9614
-38.7027 -17.9614
-38.7024 -17.9613
-38.7022 -17.9612
-38.7020 -17.9612
-38.7017 -17.9611
-38.7015 -17.9610
-38.7012 -17.9610
-38.7010 -17.9610
-38.7008 -17.9610
-38.7006 -17.9611
-38.7003 -17.9612
-38.7001 -17.9613
-38.6999 -17.9614
-38.6997 -17.9615
-38.6994 -17.9615
-38.6992 -17.9616
-38.6990 -17.9616
-38.6987 -17.9616
-38.6985 -17.9616
-38.6983 -17.9617
-38.6981 -17.9618
-38.6979 -17.9620
-38.6978 -17.9621
-38.6975 -17.9623
-38.6973 -17.9624
-38.6972 -17.9626
-38.6970 -17.9627
-38.6968 -17.9629
-38.6967 -17.9629
-38.6965 -17.9631
-38.6963 -17.9631
-38.6960 -17.9633
-38.6959 -17.9634
-38.6957 -17.9635
-38.6955 -17.9637
-38.6952 -17.9637
-38.6950 -17.9637
-38.6947 -17.9637
-38.6945 -17.9637
-38.6942 -17.9637
-38.6939 -17.9637
-38.6937 -17.9637
-38.6936 -17.9637
-38.6933 -17.9637
-38.6930 -17.9637
-38.6928 -17.9638
-38.6926 -17.9639
-38.6924 -17.9641
-38.6923 -17.9643
-38.6921 -17.9644
-38.6920 -17.9646
-38.6918 -17.9647
-38.6917 -17.9649
-38.6916 -17.9650
-38.6915 -17.9653
-38.6916 -17.9654
-38.6919 -17.9654
-38.6921 -17.9653
-38.6924 -17.9653
-38.6927 -17.9652
-38.6929 -17.9652
-38.6931 -17.9652
-38.6933 -17.9652
-38.6935 -17.9653
-38.6937 -17.9653
-38.6940 -17.9653
-38.6942 -17.9653
-38.6945 -17.9653
-38.6947 -17.9652
-38.6949 -17.9652
-38.6951 -17.9652
-38.6954 -17.9652
-38.6957 -17.9652
-38.6959 -17.9652
-38.6962 -17.9653
-38.6963 -17.9655
-38.6966 -17.9655
-38.6968 -17.9655
-38.6971 -17.9654
-38.6973 -17.9652
-38.6973 -17.9651
-38.6974 -17.9648
-38.6974 -17.9645
-38.6976 -17.9643
-38.6977 -17.9642
-38.6980 -17.9640
-38.6982 -17.9639
-38.6984 -17.9637
-38.6986 -17.9636
-38.6988 -17.9635
-38.6990 -17.9635
-38.6992 -17.9634
-38.6994 -17.9633
-38.6997 -17.9633
-38.6999 -17.9633
-38.7002 -17.9632
-38.7004 -17.9632
-38.7006 -17.9633
-38.7008 -17.9635
-38.7010 -17.9637
-38.7013 -17.9639
-38.7015 -17.9640
-38.7016 -17.9641
-38.7020 -17.9642
-38.7022 -17.9643
-38.7024 -17.9644
-38.7025 -17.9644
-38.7028 -17.9644
-38.7031 -17.9644
-38.7033 -17.9645
-38.7036 -17.9646
-38.7039 -17.9647
-38.7042 -17.9647
-38.7045 -17.9646
-38.7047 -17.9646
-38.7049 -17.9645
-38.7052 -17.9644
-38.7053 -17.9642
-38.7056 -17.9641
-38.7057 -17.9639
-38.7058 -17.9637
-38.7060 -17.9635
-38.7061 -17.9633
-38.7063 -17.9631
-38.7064 -17.9629
-38.7065 -17.9626
-38.7066 -17.9623
-38.7066 -17.9621
-38.7065 -17.9619
-38.7063 -17.9617
-38.7062 -17.9616
-38.7059 -17.9615
-38.7052 -17.9614
-38.7050 -17.9614
-38.7048 -17.9615
-38.7046 -17.9613
-38.7046 -17.9612
-38.7044 -17.9612
      NA       NA
-38.7102 -17.9642
-38.7099 -17.9642
-38.7097 -17.9643
-38.7095 -17.9645
-38.7093 -17.9646
-38.7091 -17.9648
-38.7090 -17.9649
-38.7089 -17.9651
-38.7088 -17.9653
-38.7087 -17.9656
-38.7087 -17.9658
-38.7087 -17.9660
-38.7088 -17.9663
-38.7087 -17.9665
-38.7086 -17.9667
-38.7085 -17.9670
-38.7086 -17.9672
-38.7087 -17.9673
-38.7089 -17.9675
-38.7091 -17.9675
-38.7094 -17.9674
-38.7096 -17.9673
-38.7097 -17.9671
-38.7098 -17.9669
-38.7099 -17.9668
-38.7101 -17.9667
-38.7103 -17.9665
-38.7105 -17.9664
-38.7107 -17.9664
-38.7109 -17.9664
-38.7111 -17.9662
-38.7114 -17.9661
-38.7116 -17.9660
-38.7118 -17.9658
-38.7120 -17.9656
-38.7121 -17.9655
-38.7122 -17.9652
-38.7122 -17.9650
-38.7119 -17.9649
-38.7117 -17.9647
-38.7115 -17.9646
-38.7113 -17.9644
-38.7111 -17.9643
-38.7109 -17.9642
-38.7107 -17.9641
-38.7105 -17.9641
-38.7103 -17.9641
-38.7102 -17.9642
      NA       NA
-38.7106 -17.9703
-38.7104 -17.9703
-38.7102 -17.9704
-38.7100 -17.9704
-38.7098 -17.9703
-38.7096 -17.9702
-38.7094 -17.9702
-38.7092 -17.9702
-38.7090 -17.9701
-38.7089 -17.9699
-38.7087 -17.9697
-38.7086 -17.9696
-38.7084 -17.9695
-38.7082 -17.9693
-38.7080 -17.9692
-38.7078 -17.9692
-38.7076 -17.9693
-38.7074 -17.9694
-38.7072 -17.9695
-38.7071 -17.9697
-38.7069 -17.9698
-38.7070 -17.9700
-38.7073 -17.9700
-38.7075 -17.9701
-38.7077 -17.9701
-38.7079 -17.9701
-38.7081 -17.9701
-38.7083 -17.9702
-38.7084 -17.9704
-38.7084 -17.9707
-38.7082 -17.9708
-38.7080 -17.9710
-38.7079 -17.9711
-38.7079 -17.9714
-38.7080 -17.9716
-38.7081 -17.9717
-38.7083 -17.9719
-38.7085 -17.9719
-38.7088 -17.9719
-38.7090 -17.9719
-38.7092 -17.9719
-38.7094 -17.9719
-38.7097 -17.9718
-38.7100 -17.9718
-38.7103 -17.9717
-38.7105 -17.9717
-38.7107 -17.9716
-38.7109 -17.9714
-38.7110 -17.9714
-38.7112 -17.9716
-38.7114 -17.9717
-38.7116 -17.9718
-38.7118 -17.9718
-38.7120 -17.9718
-38.7122 -17.9718
-38.7125 -17.9717
-38.7127 -17.9716
-38.7130 -17.9715
-38.7132 -17.9715
-38.7134 -17.9714
-38.7136 -17.9714
-38.7139 -17.9714
-38.7140 -17.9715
-38.7142 -17.9716
-38.7144 -17.9715
-38.7146 -17.9713
-38.7145 -17.9711
-38.7143 -17.9710
-38.7141 -17.9709
-38.7139 -17.9709
-38.7136 -17.9710
-38.7133 -17.9710
-38.7131 -17.9709
-38.7129 -17.9707
-38.7127 -17.9706
-38.7126 -17.9705
-38.7124 -17.9703
-38.7122 -17.9703
-38.7120 -17.9701
-38.7118 -17.9700
-38.7116 -17.9700
-38.7114 -17.9700
-38.7112 -17.9700
-38.7110 -17.9700
-38.7108 -17.9701
-38.7106 -17.9703
      NA       NA
-38.6990 -17.9802
-38.6987 -17.9801
-38.6984 -17.9800
-38.6983 -17.9799
-38.6981 -17.9797
-38.6979 -17.9796
-38.6977 -17.9796
-38.6975 -17.9796
-38.6973 -17.9796
-38.6971 -17.9797
-38.6969 -17.9798
-38.6968 -17.9799
-38.6966 -17.9801
-38.6966 -17.9803
-38.6967 -17.9805
-38.6969 -17.9806
-38.6970 -17.9807
-38.6972 -17.9808
-38.6974 -17.9810
-38.6975 -17.9812
-38.6976 -17.9813
-38.6979 -17.9813
-38.6981 -17.9813
-38.6983 -17.9813
-38.6985 -17.9814
-38.6987 -17.9815
-38.6989 -17.9817
-38.6991 -17.9818
-38.6993 -17.9819
-38.6994 -17.9820
-38.6996 -17.9820
-38.6998 -17.9819
-38.7000 -17.9818
-38.7003 -17.9817
-38.7004 -17.9815
-38.7006 -17.9814
-38.7008 -17.9812
-38.7009 -17.9811
-38.7010 -17.9809
-38.7012 -17.9807
-38.7013 -17.9806
-38.7013 -17.9804
-38.7012 -17.9802
-38.7010 -17.9801
-38.7008 -17.9801
-38.7006 -17.9801
-38.7004 -17.9802
-38.7002 -17.9803
-38.7000 -17.9804
-38.6998 -17.9804
-38.6995 -17.9804
-38.6993 -17.9803
-38.6993 -17.9802
-38.6990 -17.9802
      NA       NA
-39.2606 -17.9732
-39.2592 -17.9739
-39.2580 -17.9742
-39.2568 -17.9748
-39.2559 -17.9754
-39.2548 -17.9762
-39.2542 -17.9777
-39.2533 -17.9788
-39.2524 -17.9797
-39.2515 -17.9808
-39.2506 -17.9817
-39.2495 -17.9823
-39.2483 -17.9829
-39.2471 -17.9832
-39.2463 -17.9838
-39.2457 -17.9849
-39.2451 -17.9863
-39.2448 -17.9874
-39.2448 -17.9885
-39.2448 -17.9897
-39.2442 -17.9911
-39.2439 -17.9919
-39.2428 -17.9927
-39.2416 -17.9936
-39.2408 -17.9945
-39.2396 -17.9950
-39.2385 -17.9956
-39.2376 -17.9962
-39.2362 -17.9968
-39.2353 -17.9976
-39.2342 -17.9985
-39.2336 -17.9993
-39.2327 -18.0001
-39.2319 -18.0013
-39.2313 -18.0024
-39.2310 -18.0035
-39.2316 -18.0045
-39.2325 -18.0050
-39.2336 -18.0058
-39.2345 -18.0066
-39.2356 -18.0071
-39.2368 -18.0076
-39.2382 -18.0076
-39.2396 -18.0076
-39.2405 -18.0078
-39.2419 -18.0075
-39.2413 -18.0070
-39.2422 -18.0064
-39.2433 -18.0061
-39.2445 -18.0058
-39.2456 -18.0058
-39.2468 -18.0055
-39.2476 -18.0055
-39.2491 -18.0049
-39.2502 -18.0046
-39.2514 -18.0043
-39.2525 -18.0040
-39.2534 -18.0037
-39.2548 -18.0034
-39.2562 -18.0031
-39.2574 -18.0030
-39.2585 -18.0030
-39.2597 -18.0027
-39.2611 -18.0021
-39.2623 -18.0016
-39.2634 -18.0010
-39.2646 -18.0007
-39.2660 -17.9998
-39.2669 -17.9993
-39.2684 -17.9987
-39.2695 -17.9981
-39.2710 -17.9978
-39.2721 -17.9975
-39.2733 -17.9966
-39.2739 -17.9958
-39.2748 -17.9947
-39.2754 -17.9938
-39.2765 -17.9930
-39.2774 -17.9916
-39.2778 -17.9905
-39.2781 -17.9893
-39.2781 -17.9882
-39.2787 -17.9868
-39.2788 -17.9857
-39.2788 -17.9846
-39.2782 -17.9835
-39.2771 -17.9827
-39.2762 -17.9819
-39.2751 -17.9811
-39.2742 -17.9805
-39.2731 -17.9803
-39.2722 -17.9797
-39.2714 -17.9789
-39.2705 -17.9778
-39.2694 -17.9770
-39.2682 -17.9762
-39.2671 -17.9753
-39.2662 -17.9745
-39.2650 -17.9737
-39.2639 -17.9732
-39.2630 -17.9726
-39.2618 -17.9724
-39.2606 -17.9732
      NA       NA
-39.2033 -17.9377
-39.2015 -17.9377
-39.2003 -17.9378
-39.1992 -17.9384
-39.1980 -17.9387
-39.1968 -17.9390
-39.1956 -17.9394
-39.1938 -17.9409
-39.1933 -17.9418
-39.1930 -17.9430
-39.1930 -17.9442
-39.1931 -17.9454
-39.1937 -17.9466
-39.1941 -17.9477
-39.1950 -17.9489
-39.1953 -17.9501
-39.1954 -17.9513
-39.1957 -17.9524
-39.1958 -17.9539
-39.1958 -17.9553
-39.1959 -17.9568
-39.1959 -17.9583
-39.1960 -17.9597
-39.1963 -17.9609
-39.1972 -17.9617
-39.1984 -17.9623
-39.1988 -17.9634
-39.1985 -17.9646
-39.1980 -17.9657
-39.1986 -17.9669
-39.1992 -17.9680
-39.1984 -17.9689
-39.1972 -17.9695
-39.1960 -17.9701
-39.1952 -17.9710
-39.1943 -17.9718
-39.1941 -17.9730
-39.1941 -17.9741
-39.1945 -17.9753
-39.1951 -17.9764
-39.1957 -17.9772
-39.1963 -17.9780
-39.1975 -17.9789
-39.1987 -17.9791
-39.1998 -17.9785
-39.2010 -17.9779
-39.2022 -17.9776
-39.2031 -17.9784
-39.2045 -17.9784
-39.2057 -17.9781
-39.2071 -17.9772
-39.2083 -17.9766
-39.2094 -17.9760
-39.2103 -17.9757
-39.2115 -17.9754
-39.2126 -17.9754
-39.2141 -17.9750
-39.2153 -17.9753
-39.2164 -17.9753
-39.2173 -17.9747
-39.2185 -17.9735
-39.2190 -17.9723
-39.2196 -17.9712
-39.2202 -17.9700
-39.2204 -17.9689
-39.2198 -17.9678
-39.2189 -17.9669
-39.2177 -17.9661
-39.2165 -17.9661
-39.2154 -17.9659
-39.2142 -17.9650
-39.2136 -17.9642
-39.2127 -17.9633
-39.2117 -17.9622
-39.2108 -17.9614
-39.2105 -17.9602
-39.2105 -17.9590
-39.2117 -17.9584
-39.2128 -17.9581
-39.2134 -17.9572
-39.2143 -17.9560
-39.2157 -17.9554
-39.2169 -17.9548
-39.2181 -17.9539
-39.2187 -17.9527
-39.2192 -17.9515
-39.2186 -17.9504
-39.2174 -17.9501
-39.2165 -17.9492
-39.2165 -17.9481
-39.2162 -17.9469
-39.2156 -17.9460
-39.2143 -17.9451
-39.2143 -17.9440
-39.2149 -17.9431
-39.2158 -17.9418
-39.2161 -17.9406
-39.2154 -17.9395
-39.2145 -17.9386
-39.2136 -17.9377
-39.2124 -17.9371
-39.2112 -17.9369
-39.2100 -17.9369
-39.2091 -17.9369
-39.2075 -17.9370
-39.2064 -17.9376
-39.2052 -17.9379
-39.2043 -17.9380
-39.2033 -17.9377
      NA       NA
-39.1277 -17.9018
-39.1263 -17.9021
-39.1251 -17.9027
-39.1240 -17.9031
-39.1228 -17.9037
-39.1211 -17.9043
-39.1199 -17.9052
-39.1190 -17.9055
-39.1173 -17.9064
-39.1162 -17.9070
-39.1147 -17.9077
-39.1139 -17.9086
-39.1134 -17.9097
-39.1126 -17.9106
-39.1126 -17.9121
-39.1136 -17.9129
-39.1145 -17.9140
-39.1158 -17.9148
-39.1167 -17.9157
-39.1182 -17.9156
-39.1191 -17.9162
-39.1201 -17.9173
-39.1213 -17.9179
-39.1222 -17.9181
-39.1236 -17.9184
-39.1246 -17.9192
-39.1255 -17.9200
-39.1267 -17.9209
-39.1279 -17.9208
-39.1291 -17.9211
-39.1302 -17.9210
-39.1314 -17.9210
-39.1329 -17.9210
-39.1343 -17.9209
-39.1358 -17.9203
-39.1369 -17.9200
-39.1378 -17.9194
-39.1392 -17.9188
-39.1404 -17.9182
-39.1415 -17.9179
-39.1427 -17.9173
-39.1435 -17.9167
-39.1444 -17.9156
-39.1452 -17.9144
-39.1455 -17.9132
-39.1457 -17.9121
-39.1448 -17.9112
-39.1436 -17.9107
-39.1421 -17.9102
-39.1409 -17.9093
-39.1402 -17.9082
-39.1396 -17.9070
-39.1392 -17.9053
-39.1383 -17.9039
-39.1373 -17.9030
-39.1361 -17.9025
-39.1352 -17.9022
-39.1337 -17.9017
-39.1325 -17.9008
-39.1300 -17.9003
-39.1277 -17.9018

