-61.52249  16.39307
-61.52335  16.39725
-61.52473  16.40252
-61.52667  16.40751
-61.52805  16.41278
-61.52942  16.41776
-61.53000  16.42332
-61.53137  16.42836
-61.53281  16.43335
-61.53332  16.43919
-61.53223  16.44584
-61.53166  16.45197
-61.52919  16.45638
-61.52610  16.46085
-61.52249  16.46446
-61.51779  16.46669
-61.51447  16.47030
-61.51137  16.47471
-61.50914  16.47998
-61.50696  16.48503
-61.50220  16.48720
-61.49636  16.48778
-61.49109  16.48886
-61.48697  16.49196
-61.48278  16.49471
-61.47889  16.49752
-61.47527  16.50113
-61.47253  16.50554
-61.47029  16.51081
-61.46611  16.51362
-61.46027  16.51419
-61.45666  16.51304
-61.45471  16.50863
-61.45248  16.50416
-61.44697  16.50193
-61.44056  16.50164
-61.43609  16.49889
-61.43305  16.49500
-61.43030  16.49110
-61.42692  16.48692
-61.42331  16.48359
-61.41775  16.48165
-61.41225  16.47947
-61.40779  16.47666
-61.40475  16.47276
-61.40251  16.46807
-61.40136  16.46308
-61.40085  16.45753
-61.39942  16.45248
-61.39804  16.44721
-61.39609  16.44280
-61.39443  16.43776
-61.39306  16.43277
-61.39197  16.42779
-61.39139  16.42195
-61.39306  16.41610
-61.39529  16.41083
-61.39776  16.40556
-61.39942  16.39972
-61.40028  16.39278
-61.39890  16.38780
-61.39695  16.38333
-61.39472  16.37892
-61.39083  16.37554
-61.38807  16.37164
-61.38498  16.36780
-61.38194  16.36390
-61.37891  16.36001
-61.37610  16.35525
-61.37335  16.35141
-61.37003  16.34752
-61.36642  16.34419
-61.36252  16.34081
-61.35776  16.33806
-61.35250  16.33583
-61.34613  16.33417
-61.33943  16.33308
-61.33358  16.33360
-61.32636  16.33251
-61.31943  16.33142
-61.31221  16.33027
-61.30585  16.32890
-61.29887  16.32775
-61.29165  16.32666
-61.28557  16.32500
-61.27915  16.32334
-61.27388  16.32110
-61.26861  16.31887
-61.26471  16.31555
-61.26001  16.31280
-61.25692  16.30890
-61.25331  16.30558
-61.25056  16.30168
-61.24667  16.29836
-61.24305  16.29498
-61.23888  16.29165
-61.23446  16.28890
-61.22971  16.28610
-61.22610  16.28277
-61.22220  16.27945
-61.21750  16.27664
-61.21390  16.27332
-61.20920  16.27057
-61.20553  16.26725
-61.20003  16.26501
-61.19390  16.26335
-61.18719  16.26306
-61.18083  16.26278
-61.17390  16.26169
-61.16915  16.25888
-61.16697  16.25447
-61.16639  16.24891
-61.16943  16.24444
-61.17276  16.24083
-61.17831  16.23946
-61.18387  16.24026
-61.18914  16.24249
-61.19447  16.24473
-61.20026  16.24696
-61.20639  16.24862
-61.21166  16.25086
-61.21888  16.25195
-61.22581  16.25304
-61.23252  16.25332
-61.23888  16.25361
-61.24415  16.25223
-61.24999  16.25166
-61.25497  16.25029
-61.25916  16.24748
-61.26334  16.24473
-61.26861  16.24335
-61.27388  16.24221
-61.27915  16.24083
-61.28500  16.24026
-61.29027  16.23917
-61.29668  16.23946
-61.30247  16.23888
-61.30832  16.23831
-61.31502  16.23860
-61.32081  16.23808
-61.32665  16.23751
-61.33250  16.23694
-61.33834  16.23665
-61.34418  16.23614
-61.34946  16.23470
-61.35473  16.23361
-61.36000  16.23224
-61.36527  16.23081
-61.37003  16.22892
-61.37387  16.22582
-61.37862  16.22387
-61.38332  16.22164
-61.38858  16.22055
-61.39392  16.21918
-61.39919  16.21780
-61.40388  16.21585
-61.40916  16.21442
-61.41391  16.21247
-61.41890  16.21110
-61.42446  16.21001
-61.42887  16.20777
-61.43362  16.20582
-61.43890  16.20445
-61.44416  16.20308
-61.44944  16.20193
-61.45471  16.20055
-61.46056  16.19998
-61.46697  16.20027
-61.47419  16.20141
-61.47946  16.20359
-61.48582  16.20525
-61.49195  16.20697
-61.49831  16.20835
-61.50364  16.21058
-61.50914  16.21276
-61.51303  16.21614
-61.51722  16.21889
-61.52111  16.22221
-61.52581  16.22502
-61.52971  16.22834
-61.53332  16.23166
-61.53641  16.23556
-61.53945  16.23946
-61.54248  16.24335
-61.54443  16.24776
-61.54667  16.25252
-61.54804  16.25751
-61.54862  16.26306
-61.54667  16.28002
-61.54443  16.28529
-61.54197  16.29057
-61.53917  16.29498
-61.53613  16.29945
-61.53332  16.30392
-61.53166  16.30970
-61.53056  16.31669
-61.52890  16.32248
-61.52776  16.32947
-61.52667  16.33611
-61.52444  16.34139
-61.52111  16.34500
-61.51693  16.34780
-61.51109  16.34832
-61.50473  16.34803
-61.49889  16.34861
-61.49470  16.35141
-61.49304  16.35749
-61.49275  16.36362
-61.49252  16.36975
-61.49304  16.37554
-61.49333  16.38109
-61.49808  16.38390
-61.50415  16.38556
-61.50971  16.38780
-61.51585  16.38946
-61.52249  16.39307
       NA        NA
-61.75695  16.04780
-61.75918  16.05222
-61.76141  16.05668
-61.76193  16.06253
-61.76250  16.06803
-61.76222  16.07416
-61.76193  16.08058
-61.76278  16.08470
-61.76416  16.08974
-61.76525  16.09473
-61.76697  16.10000
-61.76669  16.10613
-61.76720  16.11169
-61.76611  16.11833
-61.76582  16.12469
-61.76525  16.13083
-61.76697  16.13581
-61.76972  16.13971
-61.77442  16.14251
-61.77585  16.14750
-61.77528  16.15392
-61.77442  16.16056
-61.77419  16.16692
-61.77390  16.17305
-61.77442  16.17861
-61.77585  16.18359
-61.77723  16.18864
-61.77918  16.19333
-61.77974  16.19889
-61.77832  16.20474
-61.77808  16.21110
-61.77860  16.21665
-61.77974  16.22164
-61.78192  16.22611
-61.78416  16.23081
-61.78720  16.23442
-61.79109  16.23780
-61.79390  16.24192
-61.79362  16.24805
-61.79418  16.25361
-61.79556  16.25859
-61.79613  16.26415
-61.79585  16.27057
-61.79499  16.27584
-61.79390  16.28277
-61.79362  16.28890
-61.79276  16.29584
-61.79333  16.30139
-61.79362  16.30695
-61.79109  16.30999
-61.78696  16.31280
-61.78336  16.31669
-61.78164  16.32248
-61.78221  16.32804
-61.78358  16.33308
-61.77946  16.33611
-61.77499  16.33806
-61.77110  16.34110
-61.76697  16.34391
-61.76336  16.34752
-61.75975  16.35113
-61.75585  16.35416
-61.75167  16.35697
-61.74778  16.35972
-61.74250  16.36110
-61.73586  16.36081
-61.73082  16.36224
-61.72669  16.36029
-61.72279  16.35697
-61.71999  16.35308
-61.71609  16.34969
-61.71305  16.34586
-61.70916  16.34248
-61.70475  16.33973
-61.69919  16.33749
-61.69278  16.33583
-61.68750  16.33360
-61.68280  16.33084
-61.67667  16.32918
-61.67026  16.32890
-61.66498  16.33027
-61.65971  16.32804
-61.65582  16.32471
-61.65026  16.32248
-61.64390  16.32225
-61.63668  16.32110
-61.63307  16.31778
-61.63083  16.31331
-61.62614  16.31056
-61.62080  16.30833
-61.61445  16.30695
-61.60832  16.30529
-61.60391  16.30248
-61.60058  16.29859
-61.59944  16.29360
-61.59972  16.28724
-61.60471  16.28610
-61.60975  16.28386
-61.61027  16.27859
-61.60666  16.27527
-61.60139  16.27641
-61.59669  16.27859
-61.59279  16.27664
-61.59055  16.27194
-61.58638  16.26999
-61.58305  16.27361
-61.58002  16.27807
-61.57721  16.28249
-61.57331  16.28558
-61.56776  16.28667
-61.56139  16.28638
-61.55446  16.28558
-61.54776  16.28529
-61.54862  16.26805
-61.54890  16.26169
-61.54833  16.25613
-61.54696  16.25109
-61.54472  16.24668
-61.54277  16.24192
-61.54054  16.23751
-61.54443  16.23614
-61.54999  16.23556
-61.55584  16.23499
-61.56168  16.23442
-61.56832  16.23470
-61.57360  16.23275
-61.57669  16.22834
-61.57750  16.22307
-61.57750  16.21694
-61.57887  16.21001
-61.58110  16.20474
-61.58139  16.19860
-61.58081  16.19305
-61.57858  16.18864
-61.57640  16.18388
-61.57526  16.17890
-61.57611  16.17225
-61.57669  16.16612
-61.57526  16.16085
-61.57136  16.15752
-61.56999  16.15248
-61.56861  16.14750
-61.56752  16.14251
-61.56443  16.13862
-61.55973  16.13581
-61.55944  16.13025
-61.56082  16.12556
-61.56219  16.11942
-61.56248  16.11335
-61.56306  16.10722
-61.56139  16.10195
-61.56030  16.09696
-61.55944  16.09140
-61.55836  16.08636
-61.55692  16.08138
-61.55555  16.07611
-61.55526  16.07055
-61.55446  16.06499
-61.55332  16.06001
-61.55280  16.05445
-61.55670  16.05141
-61.55836  16.04557
-61.55944  16.04001
-61.55944  16.03388
-61.56248  16.02947
-61.56586  16.02586
-61.56942  16.02225
-61.57280  16.01835
-61.57692  16.01554
-61.58110  16.01279
-61.58443  16.00919
-61.58861  16.00609
-61.59193  16.00248
-61.59554  15.99887
-61.59972  15.99612
-61.60305  15.99251
-61.60694  15.98971
-61.60998  15.98529
-61.61279  15.98082
-61.61502  15.97555
-61.62001  15.97332
-61.62614  15.97360
-61.63083  15.97166
-61.63416  15.96805
-61.63776  15.96444
-61.64333  15.96667
-61.64831  15.96530
-61.65249  15.96249
-61.65725  15.96025
-61.66223  15.95888
-61.66779  15.95779
-61.67249  15.95556
-61.67638  15.95275
-61.68057  15.95000
-61.68498  15.94776
-61.69054  15.94639
-61.69501  15.94914
-61.69638  15.95447
-61.69667  15.96003
-61.69747  15.96558
-61.69724  15.97166
-61.69862  15.97693
-61.69999  15.98197
-61.70194  15.98638
-61.70332  15.99137
-61.70641  15.99526
-61.71168  15.99750
-61.71638  16.00031
-61.72165  16.00248
-61.72641  16.00529
-61.73082  16.00804
-61.73414  16.01194
-61.73695  16.01583
-61.73918  16.02030
-61.74056  16.02529
-61.74193  16.03027
-61.74308  16.03526
-61.74526  16.04001
-61.74749  16.04442
-61.75225  16.04723
-61.75695  16.04780
       NA        NA
-61.28775  15.99303
-61.28419  15.99670
-61.28139  16.00111
-61.27864  16.00558
-61.27526  16.00919
-61.27113  16.01222
-61.26695  16.01497
-61.26139  16.01279
-61.25750  16.00947
-61.25475  16.00558
-61.25114  16.00220
-61.24638  15.99944
-61.24168  15.99670
-61.23808  15.99331
-61.23331  15.99056
-61.22890  15.98776
-61.22335  15.98558
-61.22140  15.98025
-61.22002  15.97527
-61.21779  15.97086
-61.21642  15.96638
-61.21332  15.96249
-61.20971  15.95917
-61.20582  15.95584
-61.20221  15.95252
-61.19888  15.94862
-61.19613  15.94473
-61.19556  15.93917
-61.19447  15.93390
-61.19275  15.92892
-61.18914  15.92553
-61.18697  15.92112
-61.18639  15.91557
-61.18748  15.91001
-61.19086  15.90640
-61.19447  15.90279
-61.19888  15.90084
-61.20444  15.89946
-61.20891  15.89752
-61.21361  15.89528
-61.21664  15.89081
-61.21916  15.88640
-61.22277  15.88279
-61.22696  15.87998
-61.23086  15.87723
-61.23612  15.87586
-61.24082  15.87391
-61.24557  15.87168
-61.25085  15.87053
-61.25669  15.87001
-61.26305  15.87030
-61.26947  15.87053
-61.27583  15.87082
-61.28305  15.87196
-61.28832  15.87391
-61.29359  15.87609
-61.29915  15.87832
-61.30556  15.87998
-61.30998  15.88279
-61.31359  15.88612
-61.31697  15.89001
-61.31806  15.89528
-61.31943  15.90027
-61.32000  15.90582
-61.31943  15.91195
-61.32110  15.91637
-61.32419  15.92026
-61.32722  15.92416
-61.32946  15.92863
-61.32974  15.93447
-61.32693  15.93860
-61.32362  15.94221
-61.32000  15.94610
-61.31720  15.95057
-61.31554  15.95642
-61.31416  15.96306
-61.31192  15.96833
-61.30918  15.97280
-61.30556  15.97641
-61.30138  15.97916
-61.29806  15.98306
-61.29525  15.98724
-61.29222  15.99165
-61.28775  15.99303
