-62.20196  16.81362
-62.19474  16.81247
-62.18861  16.81110
-62.18219  16.80943
-62.17641  16.80863
-62.17749  16.80193
-62.17915  16.79586
-62.17859  16.79030
-62.17641  16.78583
-62.17360  16.78193
-62.16970  16.77861
-62.16581  16.77529
-62.16363  16.77082
-62.16219  16.76555
-62.15836  16.76222
-62.15446  16.75890
-62.15085  16.75558
-62.14804  16.75168
-62.14638  16.74664
-62.14581  16.74114
-62.14529  16.73558
-62.14667  16.73083
-62.14890  16.72556
-62.15057  16.71942
-62.14942  16.71444
-62.14724  16.71003
-62.14501  16.70556
-62.14278  16.70109
-62.13974  16.69719
-62.13750  16.69278
-62.14025  16.68831
-62.14444  16.68528
-62.14804  16.68167
-62.15137  16.67806
-62.15555  16.67525
-62.16031  16.67307
-62.16557  16.67164
-62.17137  16.67141
-62.17778  16.67141
-62.18443  16.67164
-62.18999  16.67250
-62.19445  16.67525
-62.19915  16.67806
-62.20391  16.68081
-62.20860  16.68361
-62.21251  16.68694
-62.21525  16.69083
-62.21748  16.69530
-62.22058  16.69914
-62.22499  16.70195
-62.22975  16.70470
-62.23359  16.70808
-62.23668  16.71192
-62.23720  16.71748
-62.23611  16.72418
-62.23582  16.73054
-62.23278  16.73501
-62.23026  16.73942
-62.22722  16.74389
-62.22499  16.74887
-62.22333  16.75500
-62.22247  16.76194
-62.22110  16.76858
-62.21886  16.77391
-62.21611  16.77832
-62.21279  16.78193
-62.21055  16.78720
-62.20860  16.79305
-62.20860  16.79947
-62.20832  16.80554
-62.20723  16.81110
-62.20196  16.81362
