-89.35471  14.42777
-89.35775  14.42725
-89.36056  14.42834
-89.36303  14.42914
-89.36526  14.43057
-89.36778  14.43166
-89.36944  14.43332
-89.37196  14.43418
-89.37471  14.43470
-89.37752  14.43584
-89.37998  14.43642
-89.38222  14.43779
-89.38416  14.43945
-89.38554  14.44140
-89.38611  14.44415
-89.38749  14.44667
-89.38863  14.44891
-89.39030  14.45057
-89.39276  14.45166
-89.39585  14.45166
-89.39803  14.45057
-89.40026  14.44919
-89.40221  14.44776
-89.40388  14.44558
-89.40502  14.44363
-89.40639  14.44112
-89.40749  14.43888
-89.40892  14.43693
-89.41058  14.43527
-89.41225  14.43304
-89.41390  14.43138
-89.41557  14.42943
-89.41722  14.42777
-89.41917  14.42639
-89.42112  14.42473
-89.42278  14.42278
-89.42473  14.42140
-89.42640  14.41974
-89.42863  14.41831
-89.43058  14.41665
-89.43253  14.41499
-89.43527  14.41447
-89.43860  14.41470
-89.44112  14.41556
-89.44364  14.41665
-89.44582  14.41808
-89.44776  14.41917
-89.44971  14.42083
-89.45195  14.42221
-89.45418  14.42358
-89.45584  14.42530
-89.45808  14.42668
-89.46025  14.42805
-89.46249  14.42914
-89.46444  14.43057
-89.46725  14.43109
-89.47057  14.43138
-89.47361  14.43166
-89.47693  14.43138
-89.47974  14.43057
-89.48248  14.43000
-89.48501  14.42891
-89.48695  14.42748
-89.48919  14.42610
-89.49114  14.42444
-89.49309  14.42278
-89.49498  14.42140
-89.49693  14.41974
-89.49887  14.41831
-89.50082  14.41636
-89.50277  14.41499
-89.50500  14.41361
-89.50695  14.41224
-89.50948  14.41109
-89.51194  14.41000
-89.51360  14.40806
-89.51389  14.40473
-89.51497  14.40250
-89.51554  14.39975
-89.51669  14.39723
-89.51749  14.39471
-89.51859  14.39253
-89.52029  14.39058
-89.52197  14.38886
-89.52420  14.38749
-89.52666  14.38640
-89.52918  14.38554
-89.53307  14.38554
-89.53360  14.38834
-89.53360  14.39167
-89.53331  14.39442
-89.53250  14.39723
-89.53164  14.39998
-89.53136  14.40307
-89.53193  14.40611
-89.53279  14.40891
-89.53388  14.41138
-89.53503  14.41361
-89.53640  14.41585
-89.53777  14.41780
-89.54001  14.41917
-89.54224  14.42026
-89.54528  14.42112
-89.54860  14.42083
-89.55164  14.42055
-89.55416  14.41946
-89.55720  14.41860
-89.55972  14.41808
-89.56333  14.41751
-89.56585  14.41694
-89.56889  14.41613
-89.57083  14.41470
-89.57307  14.41333
-89.57416  14.41109
-89.57531  14.40863
-89.57582  14.40582
-89.57697  14.40359
-89.57748  14.40084
-89.57834  14.39803
-89.57944  14.39556
-89.58028  14.39304
-89.58138  14.39081
-89.58224  14.38834
-89.58333  14.38583
-89.58361  14.38279
-89.58361  14.37946
-89.58276  14.37666
-89.58080  14.37500
-89.57915  14.37333
-89.57748  14.37110
-89.57582  14.36944
-89.57359  14.36835
-89.57164  14.36669
-89.56998  14.36474
-89.56860  14.36279
-89.56751  14.36056
-89.56780  14.35723
-89.56918  14.35529
-89.57083  14.35362
-89.57307  14.35196
-89.57553  14.35110
-89.57777  14.35001
-89.58028  14.34887
-89.58252  14.34749
-89.58441  14.34612
-89.58614  14.34417
-89.58722  14.34194
-89.58779  14.33918
-89.58860  14.33638
-89.58917  14.33363
-89.58974  14.33082
-89.58997  14.32778
-89.59084  14.32498
-89.59026  14.32194
-89.58889  14.31971
-89.58665  14.31833
-89.58390  14.31776
-89.58057  14.31753
-89.57748  14.31804
-89.57502  14.31919
-89.57221  14.31971
-89.56918  14.32028
-89.56666  14.31919
-89.56390  14.31833
-89.56167  14.31695
-89.55972  14.31558
-89.55778  14.31386
-89.55611  14.31220
-89.55359  14.31140
-89.55084  14.31054
-89.54832  14.30974
-89.54637  14.30807
-89.54471  14.30641
-89.54333  14.30446
-89.54195  14.30194
-89.54167  14.29891
-89.54138  14.29530
-89.54167  14.29220
-89.54253  14.28945
-89.54333  14.28664
-89.54333  14.28361
-89.54305  14.28057
-89.54167  14.27834
-89.54110  14.27610
-89.52225  14.22723
       NA        NA
-89.52225  14.22723
-89.52391  14.22666
-89.52695  14.22608
-89.52998  14.22557
-89.53331  14.22528
-89.53692  14.22499
-89.54030  14.22499
-89.54333  14.22442
-89.54665  14.22419
-89.54918  14.22305
-89.55141  14.22196
-89.55359  14.22058
-89.55553  14.21886
-89.55749  14.21749
-89.55943  14.21611
-89.56167  14.21474
-89.56419  14.21359
-89.56608  14.21193
-89.56860  14.21113
-89.57112  14.20998
-89.57359  14.20889
-89.57639  14.20804
-89.57944  14.20752
-89.58195  14.20666
-89.58527  14.20609
-89.58889  14.20609
-89.59192  14.20586
-89.59554  14.20557
-89.59834  14.20637
-89.60137  14.20695
-89.60389  14.20752
-89.60642  14.20861
-89.60917  14.20947
-89.61197  14.20998
-89.61472  14.21084
-89.61804  14.21113
-89.62109  14.21056
-89.62418  14.21027
-89.62664  14.20918
-89.62974  14.20832
-89.63168  14.20695
-89.63415  14.20586
-89.63609  14.20443
-89.63862  14.20334
-89.64114  14.20225
-89.64332  14.20082
-89.64584  14.19973
-89.64778  14.19835
-89.65002  14.19692
-89.65196  14.19555
-89.65414  14.19417
-89.65637  14.19279
-89.65833  14.19136
-89.65999  14.18947
-89.66222  14.18804
-89.66417  14.18666
-89.66640  14.18472
-89.66836  14.18334
-89.67030  14.18197
-89.67248  14.18053
-89.67443  14.17916
-89.67638  14.17750
-89.67832  14.17612
-89.68056  14.17475
-89.68251  14.17303
-89.68446  14.17137
-89.68640  14.16999
-89.68835  14.16833
-89.69002  14.16638
-89.69167  14.16472
-89.69391  14.16335
-89.69556  14.16168
-89.69723  14.15973
-89.69889  14.15807
-89.70055  14.15641
-89.70250  14.15475
-89.70417  14.15280
-89.70583  14.15108
-89.70749  14.14919
-89.70886  14.14724
-89.71030  14.14501
-89.71166  14.14306
-89.71304  14.14083
-89.71442  14.13888
-89.71528  14.13642
-89.71665  14.13447
-89.71832  14.13223
-89.71946  14.13029
-89.72084  14.12805
-89.72221  14.12582
-89.72359  14.12364
-89.72502  14.12140
-89.72610  14.11888
-89.72720  14.11694
-89.72862  14.11447
-89.72943  14.11195
-89.73000  14.10914
-89.73087  14.10668
-89.73109  14.10387
-89.73195  14.10112
-89.73275  14.09831
-89.73361  14.09585
-89.73470  14.09333
-89.73613  14.09138
-89.73780  14.08943
-89.73946  14.08777
-89.74112  14.08611
-89.74306  14.08388
-89.74416  14.08193
-89.74553  14.07975
-89.74639  14.07694
-89.74696  14.07419
-89.74725  14.07110
-89.74776  14.06835
-89.74776  14.06503
-89.74696  14.06222
-89.74639  14.05947
-89.74502  14.05723
-89.74387  14.05471
-89.74277  14.05276
-89.74083  14.05053
-89.73946  14.04864
-89.73802  14.04669
-89.73780  14.04360
-89.73946  14.04165
-89.74112  14.03999
-89.74387  14.03918
-89.74639  14.03804
-89.74915  14.03752
-89.75195  14.03666
-89.75498  14.03638
-89.75888  14.03609
-89.76249  14.03609
-89.76501  14.03724
-89.76724  14.03804
-89.76971  14.03890
-89.77194  14.04027
-89.77418  14.04165
-89.77584  14.04331
-89.77779  14.04497
-89.77945  14.04669
-89.78139  14.04835
-89.78335  14.05001
-89.78501  14.05168
-89.78638  14.05391
-89.78861  14.05529
-89.79057  14.05666
-89.79280  14.05803
-89.79475  14.05947
-89.79693  14.06084
-89.79916  14.06193
-89.80139  14.06331
-89.80363  14.06474
-89.80609  14.06583
-89.80919  14.06640
-89.81194  14.06692
-89.81475  14.06749
-89.81835  14.06749
-89.82168  14.06720
-89.82414  14.06640
-89.82752  14.06583
-89.83027  14.06525
-89.83308  14.06445
-89.83583  14.06331
-89.83836  14.06222
-89.84109  14.06165
-89.84390  14.06056
-89.84695  14.05998
-89.84998  14.05970
-89.85330  14.05998
-89.85445  14.05947
       NA        NA
-89.85445  14.05947
-89.85503  14.05723
-89.85474  14.05362
-89.85611  14.05168
-89.85777  14.04973
-89.86001  14.04835
-89.86275  14.04778
-89.86585  14.04721
-89.86975  14.04721
-89.87307  14.04692
-89.87611  14.04721
-89.88000  14.04721
-89.88252  14.04640
-89.88585  14.04612
-89.88803  14.04497
-89.89026  14.04360
-89.89221  14.04222
-89.89387  14.03999
-89.89530  14.03804
-89.89610  14.03557
-89.89725  14.03305
-89.89777  14.03030
-89.89862  14.02807
-89.90000  14.02555
-89.90086  14.02303
-89.90224  14.02114
-89.90389  14.01919
-89.90584  14.01753
-89.90808  14.01638
-89.91054  14.01529
-89.91249  14.01392
-89.91473  14.01248
-89.91667  14.01111
-89.91833  14.00887
-89.91943  14.00693
-89.92085  14.00475
-89.92252  14.00303
-89.92447  14.00137
-89.92722  14.00057
-89.92973  13.99942
-89.93169  13.99805
-89.93392  13.99667
-89.93558  13.99472
-89.93695  13.99278
-89.93805  13.99025
-89.93919  13.98831
-89.94057  13.98613
-89.94194  13.98389
-89.94418  13.98252
-89.94664  13.98166
-89.94888  13.98057
-89.95139  13.97943
-89.95363  13.97805
-89.95558  13.97610
-89.95724  13.97444
-89.95890  13.97249
-89.96056  13.97083
-89.96280  13.96946
-89.96526  13.96831
-89.96835  13.96751
-89.97082  13.96636
-89.97305  13.96556
-89.97580  13.96470
-89.97890  13.96390
-89.98141  13.96304
-89.98446  13.96252
-89.98749  13.96195
-89.99001  13.96086
-89.99196  13.95943
-89.99413  13.95805
-89.99608  13.95668
-89.99803  13.95502
-89.99998  13.95358
-90.00164  13.95169
-90.00336  13.94998
-90.00502  13.94831
-90.00720  13.94665
-90.00915  13.94528
-90.01167  13.94390
-90.01390  13.94253
-90.01637  13.94138
-90.01889  13.94029
-90.02055  13.93863
-90.02222  13.93697
-90.02307  13.93445
-90.02473  13.93221
-90.02525  13.92946
-90.02668  13.92752
-90.02805  13.92528
-90.03001  13.92391
-90.03167  13.92224
-90.03390  13.92081
-90.03499  13.91835
-90.03556  13.91554
-90.03585  13.91250
-90.03613  13.90947
-90.03613  13.90586
-90.03665  13.90305
-90.03751  13.90030
-90.03918  13.89835
-90.04083  13.89669
-90.04307  13.89526
-90.04501  13.89360
-90.04725  13.89222
-90.05029  13.89193
-90.05304  13.89113
-90.05613  13.89085
-90.05946  13.89027
-90.06220  13.88947
-90.06473  13.88861
-90.06581  13.88638
-90.06667  13.88363
-90.06834  13.88196
-90.07057  13.88053
-90.07332  13.87973
-90.07613  13.87887
-90.07859  13.87778
-90.08054  13.87641
-90.08197  13.87446
-90.08306  13.87194
-90.08363  13.86919
-90.08530  13.86753
-90.08724  13.86558
-90.08919  13.86415
-90.09085  13.86248
-90.09251  13.86054
-90.09361  13.85836
-90.09418  13.85555
-90.09498  13.85280
-90.09526  13.84971
-90.09612  13.84724
-90.09721  13.84472
-90.09859  13.84278
-90.10030  13.84083
-90.10197  13.83917
-90.10392  13.83779
-90.10581  13.83584
-90.10724  13.83389
-90.10724  13.83057
-90.10581  13.82805
-90.10471  13.82582
-90.10392  13.82335
-90.10220  13.82140
-90.10168  13.81860
-90.10111  13.81556
-90.10168  13.81275
-90.10220  13.81000
-90.10306  13.80719
-90.10392  13.80473
-90.10529  13.80278
-90.10609  13.80026
-90.10752  13.79780
-90.10833  13.79528
-90.10776  13.79224
-90.10804  13.78915
-90.10804  13.78582
-90.10776  13.78279
-90.10581  13.78113
-90.10392  13.77946
-90.10197  13.77803
-90.10001  13.77637
-90.09836  13.77471
-90.09663  13.77276
-90.09584  13.77001
-90.09663  13.76720
-90.09779  13.76474
-90.09859  13.76222
-90.09779  13.75998
-90.09555  13.75861
-90.09332  13.75723
-90.09085  13.75637
-90.08942  13.75414
-90.08971  13.75139
-90.09166  13.74973
-90.09332  13.74806
-90.09526  13.74612
-90.09641  13.74583
       NA        NA
-89.05998  13.36808
-89.06251  13.36917
-89.06503  13.37003
-89.06749  13.37112
-89.06944  13.37220
-89.07168  13.37364
-89.07391  13.37501
-89.07586  13.37639
-89.07803  13.37776
-89.08027  13.37891
-89.08250  13.38028
-89.08474  13.38166
-89.08669  13.38303
-89.08886  13.38447
-89.09109  13.38555
-89.09334  13.38693
-89.09499  13.38859
-89.09723  13.39002
-89.09946  13.39140
-89.10164  13.39306
-89.10358  13.39444
-89.10582  13.39558
-89.10777  13.39696
-89.11001  13.39833
-89.11224  13.39971
-89.11419  13.40114
-89.11665  13.40194
-89.11946  13.40303
-89.12192  13.40389
-89.12416  13.40498
-89.12668  13.40584
-89.12971  13.40664
-89.13195  13.40750
-89.13448  13.40859
-89.13664  13.40973
-89.13889  13.41111
-89.14112  13.41248
-89.14336  13.41392
-89.14582  13.41472
-89.14806  13.41609
-89.15000  13.41753
-89.15223  13.41890
-89.15418  13.42056
-89.15585  13.42222
-89.15751  13.42389
-89.15945  13.42555
-89.16140  13.42692
-89.16364  13.42807
-89.16581  13.42944
-89.16833  13.43053
-89.17085  13.43139
-89.17332  13.43248
-89.17583  13.43363
-89.17807  13.43471
-89.18053  13.43586
-89.18277  13.43666
-89.18529  13.43775
-89.18752  13.43918
-89.18970  13.44027
-89.19222  13.44136
-89.19446  13.44251
-89.19663  13.44359
-89.19916  13.44474
-89.20139  13.44612
-89.20392  13.44692
-89.20609  13.44835
-89.20861  13.44944
-89.21056  13.45053
-89.21308  13.45167
-89.21526  13.45305
-89.21778  13.45391
-89.22002  13.45528
-89.22276  13.45586
-89.22500  13.45723
-89.22775  13.45780
-89.23027  13.45889
-89.23279  13.45970
-89.23554  13.46056
-89.23863  13.46113
-89.24110  13.46164
-89.24390  13.46279
-89.24665  13.46331
-89.24947  13.46388
-89.25250  13.46445
-89.25502  13.46554
-89.25748  13.46611
-89.26029  13.46720
-89.26305  13.46806
-89.26556  13.46915
-89.26809  13.47001
-89.27055  13.47110
-89.27279  13.47247
-89.27531  13.47333
-89.27720  13.47471
-89.27972  13.47585
-89.28195  13.47694
-89.28447  13.47803
-89.28665  13.47946
-89.28917  13.48026
-89.29140  13.48141
-89.29387  13.48221
-89.29697  13.48307
-89.29971  13.48359
-89.30252  13.48416
-89.30556  13.48445
-89.30917  13.48473
-89.31249  13.48473
-89.31582  13.48445
-89.31863  13.48359
-89.32137  13.48279
-89.32417  13.48193
-89.32693  13.48141
-89.33002  13.48084
-89.33334  13.48112
-89.33610  13.48164
-89.33891  13.48250
-89.34165  13.48307
-89.34446  13.48359
-89.34750  13.48416
-89.34973  13.48531
-89.35220  13.48640
-89.35529  13.48697
-89.35775  13.48777
-89.36056  13.48863
-89.36360  13.48915
-89.36612  13.48972
-89.36916  13.49029
-89.37196  13.49109
-89.37471  13.49167
-89.37804  13.49195
-89.38084  13.49253
-89.38416  13.49275
-89.38721  13.49304
-89.39030  13.49333
-89.39420  13.49333
-89.39723  13.49361
-89.40026  13.49390
-89.40359  13.49419
-89.40668  13.49442
-89.41000  13.49470
-89.41304  13.49499
-89.41637  13.49528
-89.41975  13.49528
-89.42336  13.49499
-89.42667  13.49499
-89.43000  13.49470
-89.43362  13.49442
-89.43694  13.49442
-89.44026  13.49470
-89.44336  13.49499
-89.44639  13.49556
-89.44891  13.49636
-89.45195  13.49694
-89.45470  13.49751
-89.45750  13.49808
-89.46054  13.49889
-89.46364  13.49917
-89.46667  13.49975
-89.46970  13.49997
-89.47280  13.50026
-89.47642  13.50026
-89.47945  13.50055
-89.48277  13.50083
-89.48581  13.50112
-89.48891  13.50141
-89.49223  13.50169
-89.49498  13.50083
-89.49750  13.49975
-89.50002  13.49860
-89.50305  13.49780
-89.50558  13.49722
-89.50861  13.49636
-89.51113  13.49556
-89.51446  13.49528
-89.51749  13.49470
-89.52110  13.49470
-89.52442  13.49499
-89.52723  13.49556
-89.52998  13.49636
-89.53307  13.49694
-89.53526  13.49780
-89.53806  13.49860
-89.54082  13.49946
-89.54333  13.50055
-89.54557  13.50141
-89.54803  13.50249
-89.55113  13.50307
-89.55336  13.50416
-89.55582  13.50502
-89.55891  13.50553
-89.56138  13.50668
-89.56419  13.50719
-89.56666  13.50834
-89.56918  13.50914
-89.57193  13.50972
-89.57502  13.51057
-89.57748  13.51109
-89.58080  13.51138
-89.58361  13.51195
-89.58694  13.51224
-89.58974  13.51275
-89.59335  13.51275
-89.59639  13.51304
-89.59943  13.51361
-89.60252  13.51390
-89.60527  13.51470
-89.60831  13.51499
-89.61140  13.51556
-89.61415  13.51613
-89.61696  13.51665
-89.62000  13.51751
-89.62280  13.51808
-89.62527  13.51888
-89.62778  13.52003
-89.63003  13.52083
-89.63248  13.52192
-89.63529  13.52306
-89.63776  13.52387
-89.64056  13.52444
-89.64308  13.52553
-89.64584  13.52610
-89.64835  13.52725
-89.65083  13.52805
-89.65414  13.52834
-89.65695  13.52891
-89.66028  13.52914
-89.66360  13.52914
-89.66721  13.52914
-89.67001  13.52971
-89.67277  13.53028
-89.67609  13.53057
-89.67918  13.53086
-89.68251  13.53086
-89.68640  13.53086
-89.68944  13.53109
-89.69276  13.53086
-89.69614  13.53057
-89.69918  13.53000
-89.70250  13.52971
-89.70554  13.52914
-89.70863  13.52891
-89.71195  13.52834
-89.71499  13.52805
-89.71832  13.52748
-89.72141  13.52725
-89.72473  13.52696
-89.72835  13.52667
-89.73167  13.52667
-89.73499  13.52696
-89.73802  13.52725
-89.74083  13.52776
-89.74387  13.52834
-89.74668  13.52914
-89.74971  13.52942
-89.75275  13.53000
-89.75584  13.53028
-89.75888  13.53086
-89.76198  13.53109
-89.76501  13.53137
-89.76862  13.53137
-89.77223  13.53137
-89.77527  13.53086
-89.77859  13.53028
-89.78168  13.53000
-89.78501  13.52971
-89.78748  13.52891
-89.79085  13.52834
-89.79360  13.52776
-89.79641  13.52696
-89.79945  13.52610
-89.80248  13.52582
-89.80581  13.52582
-89.80919  13.52610
-89.81136  13.52725
-89.81360  13.52834
-89.81583  13.52971
-89.81807  13.53086
-89.81973  13.53252
-89.82140  13.53470
-89.82277  13.53664
-89.82391  13.53916
-89.82471  13.54169
-89.82500  13.54472
-89.82558  13.54805
-89.82609  13.55057
-89.82637  13.55418
-89.82637  13.55750
-89.82694  13.56054
-89.82694  13.56415
-89.82752  13.56724
-89.82775  13.57028
-89.82804  13.57331
-89.82918  13.57612
-89.82970  13.57887
-89.83085  13.58111
-89.83193  13.58363
-89.83279  13.58638
-89.83388  13.58861
-89.83503  13.59113
-89.83611  13.59331
-89.83720  13.59583
-89.83864  13.59778
-89.84001  13.59973
-89.84167  13.60196
-89.84362  13.60362
-89.84528  13.60528
-89.84666  13.60723
-89.84832  13.60889
-89.85027  13.61056
-89.85193  13.61222
-89.85416  13.61359
-89.85640  13.61502
-89.85806  13.61669
-89.86029  13.61806
-89.86253  13.61972
-89.86470  13.62081
-89.86694  13.62224
-89.86861  13.62391
-89.87083  13.62528
-89.87307  13.62666
-89.87502  13.62780
-89.87720  13.62918
-89.87806  13.62975
-89.87834  13.62946
-89.88087  13.63055
-89.88304  13.63193
-89.88556  13.63279
-89.88779  13.63416
-89.88998  13.63554
-89.89192  13.63697
-89.89444  13.63777
-89.89639  13.63915
-89.89862  13.64058
-89.90086  13.64167
-89.90304  13.64304
-89.90527  13.64442
-89.90751  13.64585
-89.90945  13.64694
-89.91169  13.64831
-89.91444  13.64946
-89.91667  13.65055
-89.91920  13.65169
-89.92166  13.65278
-89.92418  13.65358
-89.92664  13.65444
-89.92945  13.65530
-89.93198  13.65611
-89.93472  13.65668
-89.93724  13.65777
-89.93999  13.65891
-89.94251  13.65971
-89.94498  13.66029
-89.94778  13.66138
-89.95031  13.66224
-89.95248  13.66332
-89.95500  13.66418
-89.95804  13.66499
-89.96028  13.66613
-89.96280  13.66722
-89.96474  13.66860
-89.96693  13.66974
-89.96915  13.67112
-89.97111  13.67249
-89.97305  13.67415
-89.97528  13.67553
-89.97695  13.67725
-89.97890  13.67891
-89.98084  13.68057
-89.98251  13.68223
-89.98446  13.68389
-89.98611  13.68556
-89.98749  13.68750
-89.98915  13.68917
-89.99110  13.69083
-89.99334  13.69220
-89.99500  13.69386
-89.99723  13.69530
-89.99889  13.69696
-90.00113  13.69862
-90.00307  13.69999
-90.00502  13.70166
-90.00668  13.70332
-90.00864  13.70498
-90.01081  13.70641
-90.01247  13.70807
-90.01471  13.70916
-90.01694  13.71054
-90.01917  13.71197
-90.02141  13.71277
-90.02387  13.71392
-90.02697  13.71443
-90.02914  13.71558
-90.03167  13.71638
-90.03419  13.71753
-90.03694  13.71833
-90.03946  13.71942
-90.04169  13.72028
-90.04387  13.72165
-90.04639  13.72251
-90.04942  13.72280
-90.05252  13.72360
-90.05527  13.72417
-90.05779  13.72497
-90.05974  13.72641
-90.06249  13.72750
-90.06473  13.72858
-90.06725  13.72973
-90.06943  13.73111
-90.07166  13.73197
-90.07389  13.73334
-90.07584  13.73471
-90.07859  13.73557
-90.08083  13.73695
-90.08277  13.73832
-90.08501  13.73947
-90.08724  13.74085
-90.08942  13.74222
-90.09166  13.74331
-90.09389  13.74446
-90.09612  13.74583
-90.09641  13.74583
       NA        NA
-87.81724  13.40612
-87.81970  13.40664
-87.82360  13.40664
-87.82613  13.40721
-87.82835  13.40859
-87.83002  13.41025
-87.83083  13.41306
-87.83196  13.41529
-87.83248  13.41833
-87.83248  13.42194
-87.83196  13.42497
-87.83168  13.42807
-87.83168  13.43139
-87.83277  13.43414
-87.83385  13.43638
-87.83666  13.43723
-87.83861  13.43586
-87.83999  13.43391
-87.84113  13.43139
-87.84251  13.42944
-87.84360  13.42692
-87.84503  13.42474
-87.84612  13.42280
-87.84779  13.42056
-87.84944  13.41890
-87.85110  13.41724
-87.85248  13.41500
-87.85414  13.41334
-87.85586  13.41111
-87.85752  13.40945
-87.85861  13.40750
-87.86027  13.40555
-87.86194  13.40360
-87.86359  13.40194
-87.86503  13.39971
-87.86669  13.39805
-87.86835  13.39638
-87.87001  13.39415
-87.87081  13.39169
-87.87167  13.38916
-87.87110  13.38584
-87.87110  13.38252
-87.87029  13.37971
-87.87001  13.37667
-87.86944  13.37364
-87.86916  13.37054
-87.86835  13.36779
-87.86777  13.36499
-87.86640  13.36275
-87.86554  13.36029
-87.86388  13.35834
-87.86194  13.35668
-87.86027  13.35473
-87.85889  13.35278
-87.85724  13.35112
-87.85557  13.34946
-87.85391  13.34751
-87.85248  13.34527
-87.85052  13.34361
-87.84858  13.34224
-87.84641  13.34109
-87.84417  13.33972
-87.84165  13.33863
-87.83947  13.33777
-87.83666  13.33668
-87.83414  13.33554
-87.83168  13.33502
-87.82887  13.33416
-87.82613  13.33336
-87.82389  13.33193
-87.82165  13.33084
-87.81999  13.32889
-87.81833  13.32723
-87.81724  13.32499
-87.81610  13.32247
-87.81500  13.32029
-87.81335  13.31835
-87.81140  13.31668
-87.80945  13.31525
-87.80721  13.31416
-87.80498  13.31279
-87.80252  13.31164
-87.80028  13.31027
-87.79833  13.30918
-87.79610  13.30780
-87.79444  13.30609
-87.79221  13.30471
-87.79025  13.30305
-87.78859  13.30139
-87.78693  13.29973
-87.78499  13.29778
-87.78418  13.29526
-87.78389  13.29193
-87.78389  13.28947
-87.78499  13.28695
-87.78613  13.28471
-87.78722  13.28248
-87.78859  13.28030
-87.78945  13.27807
-87.79082  13.27555
-87.79169  13.27308
-87.79278  13.27056
-87.79334  13.26775
-87.79444  13.26558
-87.79581  13.26334
-87.79747  13.26168
-87.79942  13.26002
-87.80137  13.25859
-87.80360  13.25750
-87.80612  13.25641
-87.80859  13.25526
-87.81082  13.25389
-87.81306  13.25251
-87.81500  13.25114
-87.81667  13.24942
-87.81890  13.24804
-87.82027  13.24581
-87.82194  13.24415
-87.82389  13.24277
-87.82555  13.24111
-87.82750  13.23916
-87.82973  13.23779
-87.83139  13.23613
-87.83363  13.23498
-87.83609  13.23389
-87.83918  13.23332
-87.84165  13.23252
-87.84503  13.23223
-87.84779  13.23137
-87.85052  13.23057
-87.85362  13.23000
-87.85609  13.22919
-87.85861  13.22805
-87.86084  13.22667
-87.86308  13.22530
-87.86474  13.22364
-87.86669  13.22220
-87.86887  13.22083
-87.87053  13.21888
-87.87225  13.21722
-87.87442  13.21585
-87.87637  13.21447
-87.87889  13.21332
-87.88142  13.21224
-87.88387  13.21138
-87.88668  13.21057
-87.88914  13.20943
-87.89167  13.20834
-87.89447  13.20777
-87.89722  13.20696
-87.89975  13.20582
-87.90250  13.20530
-87.90502  13.20416
-87.90697  13.20278
-87.90943  13.20169
-87.91195  13.20055
-87.91390  13.19888
-87.91527  13.19694
-87.91665  13.19499
-87.91751  13.19224
-87.91751  13.18892
-87.91665  13.18611
-87.91527  13.18387
-87.91390  13.18192
-87.91195  13.18026
-87.91029  13.17860
-87.90834  13.17694
-87.90639  13.17557
-87.90445  13.17390
-87.90221  13.17247
-87.90055  13.17081
-87.89860  13.16915
-87.89722  13.16720
-87.89557  13.16525
-87.89500  13.16222
-87.89557  13.15918
-87.89636  13.15666
-87.89780  13.15471
-87.89998  13.15333
-87.90221  13.15225
-87.90530  13.15167
-87.90834  13.15110
-87.91195  13.15110
-87.91499  13.15139
-87.91802  13.15196
-87.92055  13.15276
-87.92364  13.15333
-87.92639  13.15391
-87.92920  13.15471
-87.93223  13.15528
-87.93470  13.15586
-87.93779  13.15637
-87.94025  13.15752
-87.94306  13.15803
-87.94582  13.15889
-87.94942  13.15861
-87.95275  13.15861
-87.95612  13.15832
-87.95916  13.15803
-87.96278  13.15780
-87.96581  13.15803
-87.96890  13.15889
-87.97166  13.15946
-87.97417  13.16055
-87.97693  13.16113
-87.97945  13.16193
-87.98219  13.16279
-87.98500  13.16336
-87.98775  13.16336
-87.99136  13.16336
-87.99474  13.16359
-87.99807  13.16359
-88.00139  13.16388
-88.00500  13.16388
-88.00804  13.16416
-88.01113  13.16445
-88.01474  13.16416
-88.01778  13.16474
-88.02110  13.16502
-88.02471  13.16474
-88.02781  13.16502
-88.03141  13.16502
-88.03445  13.16525
-88.03806  13.16525
-88.04138  13.16554
-88.04419  13.16611
-88.04751  13.16640
-88.04974  13.16749
-88.05250  13.16806
-88.05502  13.16915
-88.05777  13.16972
-88.06138  13.16972
-88.06499  13.16972
-88.06808  13.16915
-88.07140  13.16886
-88.07387  13.16835
-88.07639  13.16720
-88.07943  13.16640
-88.08224  13.16554
-88.08556  13.16525
-88.08807  13.16583
-88.09112  13.16668
-88.09415  13.16697
-88.09753  13.16720
-88.10057  13.16749
-88.10390  13.16749
-88.10722  13.16697
-88.11025  13.16668
-88.11363  13.16611
-88.11667  13.16554
-88.12000  13.16502
-88.12280  13.16445
-88.12612  13.16388
-88.12916  13.16359
-88.13248  13.16359
-88.13609  13.16336
-88.13970  13.16336
-88.14280  13.16359
-88.14612  13.16388
-88.14915  13.16416
-88.15248  13.16416
-88.15580  13.16445
-88.15890  13.16474
-88.16251  13.16474
-88.16611  13.16474
-88.16972  13.16474
-88.17305  13.16445
-88.17637  13.16416
-88.17918  13.16336
-88.18250  13.16307
-88.18474  13.16193
-88.18749  13.16113
-88.19052  13.16055
-88.19362  13.15998
-88.19637  13.15946
-88.19997  13.15918
-88.20307  13.15889
-88.20640  13.15861
-88.20972  13.15861
-88.21275  13.15803
-88.21642  13.15803
-88.21997  13.15803
-88.22307  13.15832
-88.22639  13.15861
-88.22942  13.15889
-88.23252  13.15946
-88.23499  13.15998
-88.23808  13.16084
-88.24083  13.16141
-88.24335  13.16250
-88.24610  13.16307
-88.24891  13.16359
-88.25137  13.16474
-88.25446  13.16525
-88.25694  13.16583
-88.26083  13.16583
-88.26334  13.16502
-88.26639  13.16445
-88.26942  13.16416
-88.27280  13.16445
-88.27526  13.16502
-88.27779  13.16583
-88.28082  13.16668
-88.28392  13.16697
-88.28695  13.16749
-88.28999  13.16777
-88.29331  13.16806
-88.29640  13.16835
-88.29973  13.16835
-88.30334  13.16835
-88.30666  13.16777
-88.30999  13.16777
-88.31331  13.16749
-88.31698  13.16749
-88.32030  13.16720
-88.32362  13.16720
-88.32695  13.16749
-88.32998  13.16777
-88.33336  13.16806
-88.33611  13.16863
-88.33915  13.16943
-88.34167  13.17001
-88.34419  13.17110
-88.34694  13.17196
-88.34860  13.17362
-88.34831  13.17694
-88.34608  13.17803
-88.34305  13.17860
-88.33972  13.17889
-88.33640  13.17918
-88.33279  13.17918
-88.32970  13.17889
-88.32637  13.17860
-88.32362  13.17803
-88.32082  13.17803
-88.32001  13.18084
-88.32168  13.18279
-88.32304  13.18473
-88.32500  13.18639
-88.32637  13.18863
-88.32722  13.19138
-88.32722  13.19470
-88.32695  13.19780
-88.32751  13.20055
-88.32861  13.20278
-88.32998  13.20502
-88.33164  13.20696
-88.33308  13.20891
-88.33473  13.21086
-88.33611  13.21275
-88.33806  13.21447
-88.33972  13.21636
-88.34167  13.21808
-88.34362  13.21974
-88.34586  13.22112
-88.34751  13.22278
-88.34975  13.22415
-88.35169  13.22553
-88.35387  13.22696
-88.35668  13.22748
-88.35943  13.22667
-88.35943  13.22415
-88.35777  13.22220
-88.35582  13.22054
-88.35445  13.21859
-88.35250  13.21693
-88.35084  13.21527
-88.34946  13.21332
-88.34860  13.21057
-88.34723  13.20834
-88.34586  13.20639
-88.34391  13.20473
-88.34196  13.20307
-88.34029  13.20141
-88.33915  13.19888
-88.33915  13.19613
-88.34000  13.19390
-88.34224  13.19224
-88.34499  13.19167
-88.34780  13.19081
-88.35141  13.19081
-88.35502  13.19081
-88.35834  13.19081
-88.36195  13.19058
-88.36528  13.19029
-88.36831  13.19000
-88.37193  13.18972
-88.37553  13.18972
-88.37805  13.19029
-88.38138  13.19081
-88.38390  13.19167
-88.38693  13.19195
-88.39002  13.19252
-88.39307  13.19224
-88.39581  13.19138
-88.39805  13.19000
-88.40028  13.18892
-88.40223  13.18720
-88.40304  13.18473
-88.40223  13.18192
-88.40057  13.18026
-88.39834  13.17918
-88.39501  13.17918
-88.39278  13.18055
-88.39083  13.18192
-88.38860  13.18336
-88.38556  13.18387
-88.38275  13.18307
-88.38000  13.18221
-88.37668  13.18221
-88.37416  13.18336
-88.37141  13.18387
-88.36860  13.18336
-88.36723  13.18141
-88.36694  13.17860
-88.36809  13.17614
-88.37003  13.17442
-88.37169  13.17247
-88.37387  13.17167
-88.37639  13.17058
-88.37914  13.16972
-88.38224  13.16943
-88.38613  13.16915
-88.38917  13.16972
-88.39220  13.17029
-88.39472  13.17081
-88.39805  13.17110
-88.40086  13.17167
-88.40360  13.17247
-88.40664  13.17276
-88.41003  13.17304
-88.41364  13.17304
-88.41638  13.17224
-88.41919  13.17138
-88.42165  13.17058
-88.42446  13.16972
-88.42751  13.16915
-88.43053  13.17001
-88.43277  13.17081
-88.43472  13.17247
-88.43610  13.17471
-88.43753  13.17665
-88.43804  13.17975
-88.43861  13.18279
-88.43861  13.18639
-88.43890  13.18943
-88.43890  13.19275
-88.43948  13.19585
-88.43970  13.19888
-88.43890  13.20169
-88.43753  13.20358
-88.43529  13.20502
-88.43248  13.20553
-88.43053  13.20473
-88.42973  13.20221
-88.42835  13.20026
-88.42612  13.20083
-88.42612  13.20358
-88.42332  13.20444
-88.42028  13.20416
-88.41724  13.20358
-88.41581  13.20502
-88.41695  13.20725
-88.41609  13.20971
-88.41444  13.21138
-88.41277  13.21361
-88.41277  13.21636
-88.41472  13.21808
-88.41667  13.21917
-88.41971  13.22003
-88.42223  13.22083
-88.42497  13.22169
-88.42751  13.22249
-88.43002  13.22364
-88.43220  13.22472
-88.43443  13.22610
-88.43638  13.22748
-88.43832  13.22919
-88.43999  13.23086
-88.44113  13.23332
-88.44222  13.23555
-88.44331  13.23808
-88.44446  13.24054
-88.44498  13.24335
-88.44641  13.24558
-88.44720  13.24804
-88.44859  13.24999
-88.45030  13.25251
-88.45225  13.25418
-88.45420  13.25526
-88.45666  13.25641
-88.45947  13.25641
-88.46056  13.25389
-88.46027  13.25085
-88.46056  13.24776
-88.45918  13.24529
-88.45833  13.24306
-88.45666  13.24083
-88.45528  13.23888
-88.45420  13.23641
-88.45248  13.23447
-88.45168  13.23194
-88.45053  13.22971
-88.44973  13.22696
-88.44859  13.22472
-88.44749  13.22220
-88.44612  13.22026
-88.44526  13.21751
-88.44692  13.21556
-88.45030  13.21527
-88.45334  13.21470
-88.45666  13.21527
-88.45970  13.21556
-88.46308  13.21585
-88.46611  13.21613
-88.46915  13.21636
-88.47248  13.21665
-88.47586  13.21693
-88.47889  13.21722
-88.48164  13.21779
-88.48502  13.21808
-88.48720  13.21917
-88.49001  13.22003
-88.49247  13.22112
-88.49471  13.22249
-88.49694  13.22335
-88.49889  13.22472
-88.50112  13.22610
-88.50336  13.22776
-88.50554  13.22919
-88.50697  13.23109
-88.50892  13.23280
-88.51029  13.23498
-88.51195  13.23664
-88.51390  13.23836
-88.51556  13.24002
-88.51888  13.24025
-88.52192  13.24054
-88.52502  13.24111
-88.52777  13.24197
-88.52972  13.24306
-88.53137  13.24501
-88.53304  13.24696
-88.53447  13.24890
-88.53584  13.25085
-88.53722  13.25303
-88.53860  13.25526
-88.53945  13.25807
-88.54025  13.26054
-88.54140  13.26277
-88.54249  13.26529
-88.54363  13.26753
-88.54501  13.26999
-88.54668  13.27165
-88.54833  13.27331
-88.55057  13.27474
-88.55303  13.27555
-88.55664  13.27555
-88.55973  13.27583
-88.56306  13.27612
-88.56638  13.27612
-88.56942  13.27641
-88.57280  13.27669
-88.57584  13.27692
-88.57916  13.27721
-88.58197  13.27807
-88.58472  13.27858
-88.58752  13.27944
-88.58999  13.28030
-88.59309  13.28082
-88.59583  13.28139
-88.59859  13.28225
-88.60110  13.28305
-88.60391  13.28362
-88.60724  13.28414
-88.61027  13.28443
-88.61388  13.28414
-88.61691  13.28391
-88.61972  13.28277
-88.62196  13.28168
-88.62391  13.28030
-88.62585  13.27858
-88.62752  13.27669
-88.62917  13.27497
-88.63113  13.27331
-88.63308  13.27194
-88.63554  13.27085
-88.63806  13.26970
-88.64081  13.26890
-88.64419  13.26861
-88.64723  13.26890
-88.64998  13.26942
-88.65221  13.27056
-88.65531  13.27114
-88.65834  13.27136
-88.66167  13.27114
-88.66470  13.27056
-88.66803  13.27028
-88.67026  13.27114
-88.67278  13.27222
-88.67582  13.27280
-88.67892  13.27308
-88.68252  13.27308
-88.68446  13.27165
-88.68694  13.27056
-88.68945  13.26942
-88.69197  13.26833
-88.69501  13.26804
-88.69748  13.26890
-88.70029  13.26999
-88.70252  13.27114
-88.70584  13.27136
-88.70859  13.27194
-88.71220  13.27194
-88.71472  13.27114
-88.71725  13.26999
-88.71970  13.26890
-88.71890  13.26667
-88.71667  13.26529
-88.71444  13.26392
-88.71249  13.26248
-88.71054  13.26082
-88.70859  13.25916
-88.70664  13.25778
-88.70447  13.25641
-88.70194  13.25555
-88.69913  13.25555
-88.69610  13.25612
-88.69278  13.25641
-88.68974  13.25612
-88.68665  13.25555
-88.68446  13.25446
-88.68109  13.25418
-88.67805  13.25389
-88.67473  13.25446
-88.67192  13.25360
-88.66917  13.25303
-88.66637  13.25194
-88.66441  13.25085
-88.66253  13.24890
-88.66029  13.24776
-88.65777  13.24696
-88.65445  13.24667
-88.65141  13.24724
-88.64803  13.24696
-88.64557  13.24581
-88.64253  13.24558
-88.64001  13.24667
-88.63806  13.24804
-88.63611  13.24971
-88.63474  13.25194
-88.63308  13.25360
-88.63142  13.25526
-88.62917  13.25693
-88.62637  13.25750
-88.62391  13.25859
-88.62167  13.25973
-88.61835  13.26002
-88.61475  13.26031
-88.61193  13.25945
-88.60918  13.25887
-88.60586  13.25859
-88.60362  13.25973
-88.60168  13.26111
-88.59944  13.26248
-88.59692  13.26363
-88.59389  13.26443
-88.59084  13.26472
-88.58775  13.26443
-88.58529  13.26334
-88.58249  13.26277
-88.57973  13.26197
-88.57779  13.26054
-88.57555  13.25916
-88.57360  13.25778
-88.57166  13.25612
-88.56999  13.25446
-88.56805  13.25280
-88.56638  13.25114
-88.56443  13.24942
-88.56248  13.24804
-88.56026  13.24667
-88.55859  13.24501
-88.55664  13.24335
-88.55498  13.24168
-88.55303  13.24002
-88.55166  13.23779
-88.55000  13.23584
-88.54891  13.23389
-88.54748  13.23166
-88.54530  13.23028
-88.54387  13.22805
-88.54221  13.22639
-88.54082  13.22444
-88.53917  13.22278
-88.53860  13.22026
-88.54140  13.21945
-88.54415  13.21945
-88.54748  13.21974
-88.55028  13.22054
-88.55303  13.22112
-88.55613  13.22140
-88.55946  13.22169
-88.56277  13.22192
-88.56553  13.22249
-88.56834  13.22335
-88.57114  13.22387
-88.57360  13.22472
-88.57613  13.22581
-88.57858  13.22696
-88.58111  13.22776
-88.58363  13.22891
-88.58558  13.23000
-88.58890  13.23057
-88.59222  13.23028
-88.59526  13.22971
-88.59778  13.22862
-88.59973  13.22725
-88.59859  13.22530
-88.59612  13.22444
-88.59309  13.22415
-88.58971  13.22387
-88.58695  13.22335
-88.58363  13.22335
-88.58054  13.22278
-88.57807  13.22169
-88.57584  13.22026
-88.57360  13.21888
-88.57137  13.21808
-88.56862  13.21751
-88.56553  13.21722
-88.56248  13.21636
-88.55946  13.21585
-88.55693  13.21527
-88.55389  13.21447
-88.55138  13.21361
-88.54914  13.21252
-88.54696  13.21109
-88.54387  13.21057
-88.54082  13.21029
-88.53751  13.21086
-88.53528  13.21166
-88.53252  13.21252
-88.52891  13.21252
-88.52610  13.21195
-88.52307  13.21138
-88.52113  13.21000
-88.51859  13.20891
-88.51665  13.20777
-88.51442  13.20639
-88.51224  13.20502
-88.50972  13.20387
-88.50697  13.20335
-88.50417  13.20278
-88.50112  13.20192
-88.49803  13.20169
-88.49499  13.20112
-88.49247  13.20055
-88.48944  13.19974
-88.48669  13.19917
-88.48416  13.19831
-88.48164  13.19722
-88.47918  13.19613
-88.47694  13.19447
-88.47471  13.19333
-88.47276  13.19195
-88.47081  13.19058
-88.46886  13.18892
-88.46669  13.18748
-88.46474  13.18611
-88.46279  13.18445
-88.46056  13.18307
-88.45890  13.18141
-88.45695  13.17975
-88.45557  13.17780
-88.45420  13.17585
-88.45248  13.17362
-88.45168  13.17138
-88.45168  13.16777
-88.45248  13.16525
-88.45391  13.16336
-88.45638  13.16222
-88.45947  13.16193
-88.46193  13.16279
-88.46474  13.16388
-88.46692  13.16502
-88.46915  13.16611
-88.47167  13.16720
-88.47391  13.16863
-88.47586  13.16972
-88.47803  13.17110
-88.48026  13.17247
-88.48251  13.17390
-88.48445  13.17528
-88.48669  13.17665
-88.48892  13.17780
-88.49081  13.17918
-88.49304  13.18055
-88.49557  13.18164
-88.49803  13.18250
-88.50055  13.18359
-88.50307  13.18445
-88.50530  13.18554
-88.50835  13.18611
-88.51081  13.18720
-88.51305  13.18806
-88.51614  13.18863
-88.51917  13.18943
-88.52169  13.19000
-88.52473  13.19058
-88.52748  13.19138
-88.53029  13.19195
-88.53333  13.19252
-88.53584  13.19333
-88.53860  13.19419
-88.54169  13.19447
-88.54444  13.19499
-88.54748  13.19585
-88.55000  13.19636
-88.55332  13.19665
-88.55613  13.19722
-88.55917  13.19808
-88.56220  13.19831
-88.56501  13.19888
-88.56776  13.19946
-88.57028  13.20055
-88.57332  13.20112
-88.57584  13.20169
-88.57836  13.20278
-88.58139  13.20335
-88.58414  13.20416
-88.58695  13.20473
-88.58971  13.20530
-88.59280  13.20582
-88.59554  13.20668
-88.59835  13.20725
-88.60110  13.20777
-88.60391  13.20863
-88.60695  13.20914
-88.60970  13.20971
-88.61250  13.21029
-88.61526  13.21109
-88.61806  13.21166
-88.62139  13.21195
-88.62420  13.21252
-88.62752  13.21275
-88.62998  13.21361
-88.63330  13.21418
-88.63640  13.21447
-88.63943  13.21498
-88.64253  13.21527
-88.64557  13.21613
-88.64803  13.21665
-88.65112  13.21722
-88.65416  13.21808
-88.65445  13.21831
-88.65748  13.21888
-88.66001  13.22003
-88.66275  13.22054
-88.66556  13.22112
-88.66888  13.22140
-88.67169  13.22192
-88.67444  13.22278
-88.67776  13.22306
-88.68057  13.22364
-88.68333  13.22415
-88.68636  13.22501
-88.68945  13.22530
-88.69221  13.22581
-88.69501  13.22639
-88.69777  13.22725
-88.70086  13.22748
-88.70390  13.22805
-88.70664  13.22862
-88.71002  13.22891
-88.71277  13.22942
-88.71581  13.23000
-88.71919  13.23028
-88.72223  13.23057
-88.72498  13.23109
-88.72836  13.23137
-88.73140  13.23166
-88.73472  13.23194
-88.73753  13.23252
-88.74085  13.23280
-88.74388  13.23303
-88.74693  13.23389
-88.75002  13.23418
-88.75277  13.23469
-88.75586  13.23498
-88.75890  13.23555
-88.76141  13.23641
-88.76446  13.23693
-88.76692  13.23779
-88.76973  13.23859
-88.77225  13.23945
-88.77528  13.24002
-88.77752  13.24111
-88.77998  13.24220
-88.78307  13.24277
-88.78526  13.24363
-88.78806  13.24444
-88.79081  13.24529
-88.79333  13.24581
-88.79636  13.24667
-88.79917  13.24724
-88.80164  13.24833
-88.80444  13.24890
-88.80749  13.24942
-88.80972  13.25057
-88.81276  13.25114
-88.81528  13.25223
-88.81802  13.25280
-88.82083  13.25332
-88.82335  13.25446
-88.82582  13.25526
-88.82777  13.25664
-88.83028  13.25778
-88.83304  13.25859
-88.83498  13.26002
-88.83722  13.26139
-88.83945  13.26277
-88.84112  13.26443
-88.84306  13.26609
-88.84530  13.26775
-88.84696  13.26942
-88.84863  13.27114
-88.85057  13.27280
-88.85223  13.27446
-88.85390  13.27612
-88.85584  13.27778
-88.85779  13.27916
-88.86002  13.28082
-88.86169  13.28248
-88.86386  13.28391
-88.86581  13.28529
-88.86805  13.28638
-88.87000  13.28775
-88.87280  13.28890
-88.87475  13.29027
-88.87693  13.29136
-88.87945  13.29251
-88.88168  13.29388
-88.88415  13.29474
-88.88667  13.29583
-88.88919  13.29669
-88.89165  13.29778
-88.89417  13.29864
-88.89641  13.30001
-88.89916  13.30110
-88.90168  13.30196
-88.90392  13.30334
-88.90638  13.30442
-88.90833  13.30557
-88.91085  13.30666
-88.91308  13.30803
-88.91554  13.30889
-88.91750  13.31027
-88.92030  13.31141
-88.92248  13.31222
-88.92500  13.31336
-88.92723  13.31445
-88.92976  13.31554
-88.93222  13.31668
-88.93445  13.31749
-88.93720  13.31863
-88.93973  13.31944
-88.94225  13.32058
-88.94443  13.32138
-88.94695  13.32247
-88.94975  13.32333
-88.95221  13.32442
-88.95445  13.32585
-88.95669  13.32665
-88.95914  13.32780
-88.96138  13.32918
-88.96362  13.33055
-88.96614  13.33141
-88.96832  13.33279
-88.97026  13.33416
-88.97250  13.33531
-88.97473  13.33668
-88.97697  13.33806
-88.97914  13.33892
-88.98138  13.34029
-88.98389  13.34138
-88.98636  13.34224
-88.98888  13.34333
-88.99140  13.34442
-88.99387  13.34527
-88.99667  13.34636
-88.99943  13.34694
-89.00253  13.34751
-89.00498  13.34860
-89.00750  13.34917
-89.01054  13.34974
-89.01334  13.35055
-89.01610  13.35112
-89.01920  13.35169
-89.02194  13.35221
-89.02469  13.35307
-89.02750  13.35358
-89.03054  13.35416
-89.03335  13.35473
-89.03558  13.35582
-89.03832  13.35696
-89.04086  13.35777
-89.04331  13.35891
-89.04612  13.35943
-89.04864  13.36029
-89.05082  13.36166
-89.05276  13.36304
-89.05501  13.36447
-89.05666  13.36613
-89.05890  13.36751
-89.05998  13.36808
       NA        NA
-87.69526  13.81860
-87.69945  13.81390
-87.70248  13.80972
-87.70471  13.80502
-87.70471  13.79831
-87.70471  13.79138
-87.70609  13.78582
-87.70695  13.77998
-87.70998  13.77585
-87.71308  13.77224
-87.71526  13.76777
-87.71864  13.76388
-87.72167  13.75998
-87.72557  13.75637
-87.72889  13.75305
-87.73083  13.74835
-87.73027  13.74251
-87.72781  13.73775
-87.72557  13.73277
-87.72471  13.72692
-87.72276  13.72165
-87.72390  13.71581
-87.72723  13.71197
-87.73112  13.70916
-87.73524  13.70612
-87.73943  13.70332
-87.74275  13.69971
-87.74528  13.69558
-87.74723  13.69083
-87.74860  13.68498
-87.74860  13.67862
-87.74918  13.67249
-87.74998  13.66613
-87.74975  13.66252
-87.74860  13.65719
-87.74860  13.65387
-87.74802  13.64694
-87.74802  13.64361
-87.74889  13.63777
-87.75026  13.63193
-87.75112  13.62614
-87.75192  13.62030
-87.75336  13.61474
-87.75553  13.60998
-87.75726  13.60528
-87.76028  13.60110
-87.76252  13.59640
-87.76441  13.59165
-87.76808  13.58666
-87.77084  13.58277
-87.77386  13.57887
-87.77610  13.57446
-87.77805  13.56942
-87.77748  13.56581
-87.77748  13.56248
-87.77639  13.55693
-87.77582  13.55057
-87.77554  13.54724
-87.77639  13.54083
-87.77776  13.53555
-87.78029  13.53086
-87.78332  13.52696
-87.78275  13.52278
-87.77724  13.52140
-87.77364  13.51779
-87.77112  13.51361
-87.76808  13.50972
-87.76304  13.50748
-87.75834  13.50777
-87.75530  13.51195
-87.75359  13.51722
-87.75083  13.52112
-87.74666  13.51888
-87.74361  13.51470
-87.73972  13.51109
-87.73388  13.51109
-87.72832  13.51195
-87.72276  13.51029
-87.71835  13.50805
-87.71474  13.50416
-87.71279  13.49946
-87.71612  13.49585
-87.71668  13.49000
-87.71445  13.48554
-87.71142  13.48141
-87.71250  13.47637
-87.71416  13.47058
-87.71331  13.46445
-87.71250  13.45832
-87.71331  13.45248
-87.71583  13.44835
-87.71973  13.44526
-87.72500  13.44331
-87.73141  13.44279
-87.73697  13.44084
-87.74253  13.43918
-87.74802  13.43947
-87.75112  13.44279
-87.75307  13.44165
-87.75501  13.44027
-87.75697  13.43890
-87.75892  13.43775
-87.76109  13.43586
-87.76333  13.43500
-87.76585  13.43391
-87.76831  13.43305
-87.77055  13.43168
-87.77306  13.43053
-87.77582  13.43002
-87.77834  13.42858
-87.78057  13.42721
-87.78166  13.42497
-87.78252  13.42222
-87.78275  13.41890
-87.78361  13.41695
-87.78584  13.41558
-87.78780  13.41414
-87.79140  13.41414
-87.79501  13.41392
-87.79747  13.41500
-87.79971  13.41581
-87.80137  13.41414
-87.80332  13.41334
-87.80917  13.41082
-87.81219  13.40916
-87.81387  13.40664
-87.81724  13.40612
       NA        NA
-87.85947  13.90362
-87.85609  13.90334
-87.85305  13.90305
-87.84973  13.90334
-87.84612  13.90276
-87.84388  13.90196
-87.84165  13.90053
-87.84028  13.89864
-87.83833  13.89692
-87.83666  13.89526
-87.83363  13.89446
-87.83139  13.89360
-87.82835  13.89279
-87.82497  13.89279
-87.82137  13.89308
-87.81776  13.89308
-87.81500  13.89388
-87.81168  13.89417
-87.80917  13.89503
-87.80612  13.89554
-87.80332  13.89640
-87.80057  13.89692
-87.79747  13.89749
-87.79363  13.89749
-87.79025  13.89749
-87.78751  13.89692
-87.78499  13.89583
-87.78304  13.89446
-87.78086  13.89331
-87.77863  13.89165
-87.77639  13.89027
-87.77415  13.88890
-87.77249  13.88724
-87.77026  13.88586
-87.76860  13.88414
-87.76665  13.88248
-87.76498  13.88082
-87.76304  13.87916
-87.76167  13.87692
-87.76028  13.87498
-87.75863  13.87331
-87.75697  13.87114
-87.75501  13.86942
-87.75359  13.86753
-87.75192  13.86581
-87.74975  13.86443
-87.74802  13.86277
-87.74637  13.86111
-87.74419  13.85973
-87.74224  13.85807
-87.74059  13.85641
-87.73891  13.85475
-87.73697  13.85252
-87.73524  13.85057
-87.73388  13.84862
-87.73279  13.84610
-87.73164  13.84386
-87.73083  13.84140
-87.72918  13.83945
-87.72781  13.83722
-87.72614  13.83556
-87.72443  13.83389
-87.72276  13.83195
-87.72081  13.83057
-87.71886  13.82891
-87.71668  13.82748
-87.71416  13.82639
-87.71222  13.82530
-87.70998  13.82387
-87.70752  13.82278
-87.70528  13.82140
-87.70277  13.82054
-87.70053  13.81946
-87.69749  13.81888
-87.69526  13.81860
       NA        NA
-87.85947  13.90362
-87.86165  13.90225
-87.86359  13.90082
-87.86640  13.90030
-87.87001  13.90030
-87.87305  13.90053
-87.87585  13.90139
-87.87832  13.90225
-87.88164  13.90168
-87.88387  13.90030
-87.88612  13.89915
-87.88863  13.89807
-87.89167  13.89807
-87.89419  13.89887
-87.89751  13.89915
-87.90027  13.89835
-87.90308  13.89749
-87.90611  13.89692
-87.90834  13.89583
-87.91000  13.89360
-87.91109  13.89165
-87.91253  13.88947
-87.91361  13.88724
-87.91499  13.88500
-87.91694  13.88363
-87.91997  13.88443
-87.92169  13.88609
-87.92387  13.88724
-87.92582  13.88890
-87.92834  13.88999
-87.93057  13.89113
-87.93304  13.89193
-87.93584  13.89308
-87.93831  13.89388
-87.94054  13.89503
-87.94363  13.89554
-87.94638  13.89640
-87.95000  13.89612
-87.95332  13.89612
-87.95664  13.89583
-87.95859  13.89446
-87.96053  13.89279
-87.96249  13.89113
-87.96472  13.88970
-87.96667  13.88832
-87.96890  13.88695
-87.97108  13.88586
-87.97388  13.88500
-87.97641  13.88391
-87.97887  13.88277
-87.98111  13.88168
-87.98363  13.88053
-87.98609  13.87944
-87.98862  13.87858
-87.99084  13.87750
-87.99308  13.87584
-87.99554  13.87498
-87.99807  13.87389
-88.00053  13.87280
-88.00305  13.87165
-88.00529  13.87056
-88.00694  13.86999
       NA        NA
-88.04058  13.93055
-88.03720  13.92391
-88.03416  13.92001
-88.03141  13.91583
-88.02832  13.91164
-88.02528  13.90781
-88.02276  13.90334
-88.02030  13.89915
-88.01692  13.89554
-88.01388  13.89136
-88.01113  13.88724
-88.00832  13.88277
-88.00666  13.87778
-88.00694  13.87194
-88.00694  13.86999
       NA        NA
-88.04058  13.93055
-88.04224  13.93164
-88.04419  13.93279
-88.04613  13.93336
-88.04861  13.93445
-88.05141  13.93525
-88.05387  13.93611
-88.05640  13.93720
-88.05640  13.93806
-88.05720  13.94499
-88.05806  13.95169
-88.05914  13.95863
-88.06001  13.96390
-88.06722  13.96665
-88.07416  13.96974
-88.08138  13.97278
-88.08831  13.97610
-88.09558  13.97914
-88.10252  13.98195
-88.10973  13.98498
-88.11667  13.98831
-88.12194  13.99054
-88.12888  13.98831
-88.13609  13.98584
-88.14308  13.98361
-88.15030  13.98086
-88.15752  13.97862
-88.16164  13.97696
-88.16864  13.97891
-88.17586  13.98109
-88.18279  13.98332
-88.19001  13.98556
-88.19637  13.98779
-88.20170  13.98086
-88.20719  13.97415
-88.21275  13.96722
-88.21832  13.96058
-88.22358  13.95358
-88.22942  13.94665
-88.23499  13.94029
-88.25224  13.93886
-88.25303  13.93221
-88.25470  13.92528
-88.25613  13.91835
-88.25751  13.91164
-88.25916  13.90557
-88.26610  13.90276
-88.27303  13.90001
-88.28030  13.89721
-88.28724  13.89417
-88.29475  13.89165
-88.30167  13.88890
-88.30890  13.88609
-88.31055  13.88529
-88.32803  13.89222
-88.33502  13.88529
-88.34167  13.87858
-88.34831  13.87165
-88.35221  13.86776
       NA        NA
-88.35221  13.86776
-88.35416  13.86999
-88.35668  13.87028
-88.35915  13.87114
-88.36080  13.87280
-88.36275  13.87446
-88.36419  13.87669
-88.36584  13.87836
-88.36809  13.87973
-88.37054  13.88082
-88.37306  13.88196
-88.37582  13.88277
-88.37805  13.88391
-88.38138  13.88414
-88.38419  13.88363
-88.38779  13.88334
-88.39054  13.88414
-88.39358  13.88443
-88.39696  13.88391
-88.40028  13.88363
-88.40332  13.88305
-88.40664  13.88305
-88.40974  13.88363
-88.41306  13.88363
-88.41530  13.88219
-88.41776  13.88111
-88.41971  13.87973
-88.42194  13.87836
-88.42446  13.87721
-88.42641  13.87584
-88.42887  13.87475
-88.42916  13.87446
-88.42916  13.87475
-88.43053  13.87280
-88.43168  13.87028
-88.43248  13.86776
-88.43415  13.86581
-88.43529  13.86363
-88.43832  13.86443
-88.44056  13.86529
-88.44360  13.86472
-88.44641  13.86392
-88.44859  13.86248
-88.45082  13.86140
-88.45391  13.86054
-88.45638  13.85945
-88.45861  13.85859
-88.46114  13.85750
-88.46279  13.85584
-88.46497  13.85418
-88.46864  13.85418
-88.47081  13.85526
-88.47305  13.85664
-88.47471  13.85836
-88.47694  13.85945
-88.47918  13.86082
-88.48164  13.86197
-88.48416  13.86277
-88.48697  13.86392
-88.48892  13.86581
       NA        NA
-88.49499  13.97026
-88.49585  13.96946
-88.49694  13.96860
-88.49751  13.96751
-88.49803  13.96470
-88.49780  13.96166
-88.49694  13.95891
-88.49694  13.95530
-88.49694  13.95192
-88.49694  13.94860
-88.49666  13.94528
-88.49722  13.94224
-88.49751  13.93915
-88.49831  13.93640
-88.49860  13.93336
-88.49918  13.93055
-88.49998  13.92780
-88.50027  13.92471
-88.50055  13.92167
-88.50055  13.91835
-88.49975  13.91554
-88.49889  13.91279
-88.49831  13.90998
-88.49694  13.90781
-88.49585  13.90528
-88.49499  13.90276
-88.49333  13.90082
-88.49225  13.89864
-88.49139  13.89583
-88.49058  13.89331
-88.48972  13.89056
-88.48892  13.88775
-88.48834  13.88529
-88.48697  13.88277
-88.48640  13.88002
-88.48553  13.87721
-88.48553  13.87389
-88.48611  13.87114
-88.48697  13.86862
-88.48892  13.86581
       NA        NA
-88.66080  14.01443
-88.66029  14.01443
-88.65697  14.01415
-88.65388  14.01392
-88.65112  14.01277
-88.64861  14.01197
-88.64608  14.01111
-88.64304  14.01197
-88.64001  14.01277
-88.63749  14.01334
-88.63445  14.01415
-88.63193  14.01501
-88.62804  14.01472
-88.62585  14.01363
-88.62363  14.01220
-88.62110  14.01140
-88.61887  14.01002
-88.61720  14.00836
-88.61497  14.00693
-88.61331  14.00527
-88.61113  14.00389
-88.60889  14.00252
-88.60667  14.00137
-88.60414  14.00028
-88.60197  13.99919
-88.59944  13.99833
-88.59641  13.99776
-88.59360  13.99696
-88.59084  13.99639
-88.58775  13.99581
-88.58501  13.99501
-88.58168  13.99444
-88.57916  13.99386
-88.57693  13.99249
-88.57498  13.99083
-88.57360  13.98888
-88.57166  13.98722
-88.56942  13.98584
-88.56724  13.98470
-88.56472  13.98389
-88.56220  13.98281
-88.55946  13.98195
-88.55693  13.98109
-88.55389  13.98057
-88.55057  13.98057
-88.54748  13.98137
-88.54530  13.98252
-88.54221  13.98361
-88.53945  13.98418
-88.53665  13.98498
-88.53333  13.98527
-88.53029  13.98584
-88.52720  13.98613
-88.52387  13.98584
-88.52084  13.98556
-88.51808  13.98498
-88.51499  13.98447
-88.51224  13.98361
-88.50914  13.98332
-88.50668  13.98252
-88.50417  13.98137
-88.50164  13.98028
-88.49975  13.97862
-88.49831  13.97668
-88.49722  13.97444
-88.49609  13.97192
-88.49499  13.97026
       NA        NA
-89.34750  14.43275
-89.34664  14.42943
-89.34583  14.42696
-89.34475  14.42530
-89.34332  14.42278
-89.34223  14.42083
-89.34056  14.41831
-89.33948  14.41636
-89.33804  14.41419
-89.33638  14.41252
-89.33386  14.41109
-89.33168  14.40972
-89.32973  14.40834
-89.32722  14.40748
-89.32446  14.40697
-89.32166  14.40611
-89.31863  14.40530
-89.31582  14.40473
-89.31220  14.40416
-89.30945  14.40359
-89.30664  14.40278
-89.30389  14.40250
-89.30086  14.40169
-89.29776  14.40141
-89.29501  14.40055
-89.29249  14.39946
-89.28974  14.39889
-89.28722  14.39803
-89.28419  14.39694
-89.28166  14.39614
-89.27892  14.39556
-89.27582  14.39442
-89.27387  14.39362
-89.27141  14.39224
-89.26917  14.39110
-89.26614  14.39058
-89.26362  14.38915
-89.26138  14.38806
-89.25886  14.38720
-89.25640  14.38640
-89.25336  14.38525
-89.25113  14.38445
-89.24803  14.38336
-89.24557  14.38279
-89.24305  14.38164
-89.24058  14.38055
-89.23749  14.37975
-89.23474  14.37975
-89.23141  14.37918
-89.22832  14.37860
-89.22500  14.37832
-89.22247  14.37752
-89.21915  14.37723
-89.21612  14.37637
-89.21308  14.37609
-89.21085  14.37500
-89.20861  14.37362
-89.20667  14.37167
-89.20414  14.37110
-89.20168  14.36972
-89.19887  14.36864
-89.19692  14.36749
-89.19474  14.36640
-89.19251  14.36503
-89.19028  14.36331
-89.18776  14.36250
-89.18529  14.36113
-89.18334  14.35970
-89.18111  14.35861
-89.17916  14.35723
-89.17693  14.35586
-89.17446  14.35471
-89.17252  14.35391
-89.17000  14.35196
-89.16776  14.35053
-89.16581  14.34973
-89.16364  14.34807
-89.16140  14.34669
-89.15888  14.34526
-89.15693  14.34417
-89.15470  14.34279
-89.15252  14.34136
-89.15057  14.33999
-89.14834  14.33918
-89.14610  14.33724
-89.14415  14.33558
-89.14220  14.33443
-89.13997  14.33305
-89.13808  14.33168
-89.13613  14.33031
-89.13332  14.32916
-89.13138  14.32778
-89.12914  14.32670
-89.12611  14.32555
-89.12359  14.32446
-89.12083  14.32389
-89.11808  14.32303
-89.11499  14.32280
-89.11167  14.32280
-89.10835  14.32280
-89.10554  14.32331
-89.10250  14.32417
-89.09975  14.32498
-89.09752  14.32584
-89.09528  14.32721
-89.09305  14.32836
-89.09081  14.32973
-89.08864  14.33082
-89.08611  14.33220
-89.08388  14.33363
-89.08193  14.33500
-89.07999  14.33666
-89.07803  14.33804
-89.07362  14.33861
-89.07139  14.33752
-89.06887  14.33638
-89.06554  14.33638
-89.06251  14.33609
-89.05947  14.33558
-89.05557  14.33581
-89.05247  14.33609
-89.04945  14.33666
-89.04555  14.33695
-89.04223  14.33666
-89.03970  14.33558
-89.03695  14.33500
-89.03443  14.33391
-89.03197  14.33277
-89.02945  14.33168
-89.02721  14.33053
-89.02527  14.32916
-89.02390  14.32721
-89.02165  14.32498
-89.02057  14.32303
-89.01942  14.32057
-89.01804  14.31862
-89.01724  14.31638
-89.01582  14.31363
-89.01501  14.31140
-89.01443  14.30859
-89.01363  14.30555
-89.01306  14.30280
-89.01277  14.29942
-89.01249  14.29639
-89.01198  14.29306
-89.01220  14.28974
-89.01249  14.28642
-89.01306  14.28390
-89.01334  14.28086
-89.01277  14.27776
-89.01054  14.27610
-89.00859  14.27473
-89.00636  14.27364
-89.00418  14.27221
-89.00224  14.27083
-89.00000  14.26946
-88.99747  14.26888
-88.99553  14.26751
-88.99306  14.26585
-88.99083  14.26447
-88.98859  14.26361
-88.98636  14.26252
-88.98418  14.26109
-88.98224  14.25972
-88.98058  14.25777
-88.97892  14.25582
-88.97720  14.25416
-88.97639  14.25169
-88.97530  14.24917
-88.97336  14.24723
-88.97250  14.24470
-88.97141  14.24224
-88.97055  14.23972
-88.96889  14.23749
-88.96809  14.23502
-88.96693  14.23307
-88.96556  14.23084
-88.96448  14.22832
-88.96275  14.22637
-88.96138  14.22419
-88.96029  14.22225
-88.95863  14.22001
-88.95777  14.21692
-88.95777  14.21669
-88.95863  14.21388
-88.95914  14.21084
-88.95972  14.20804
-88.96058  14.20529
-88.96058  14.20248
-88.96058  14.19915
-88.96058  14.19612
-88.96001  14.19331
-88.95863  14.19085
-88.95697  14.18919
-88.95473  14.18833
-88.95113  14.18833
-88.94860  14.18947
-88.94666  14.19113
-88.94443  14.19251
-88.94247  14.19417
-88.94081  14.19583
-88.93915  14.19778
-88.93749  14.19915
-88.93554  14.20082
-88.93359  14.20225
-88.93084  14.20362
-88.92889  14.20443
-88.92637  14.20557
-88.92390  14.20695
-88.92110  14.20723
-88.91835  14.20752
-88.91445  14.20804
-88.91193  14.20752
-88.90862  14.20723
-88.90557  14.20666
-88.90305  14.20557
-88.90030  14.20471
-88.89778  14.20414
-88.89526  14.20248
-88.89308  14.20168
-88.89114  14.20030
-88.88890  14.19864
-88.88638  14.19721
-88.88415  14.19640
-88.88197  14.19474
-88.88002  14.19308
-88.87836  14.19165
-88.87664  14.19027
-88.87447  14.18833
-88.87303  14.18609
-88.87194  14.18443
-88.86971  14.18277
-88.86805  14.18082
-88.86638  14.17887
-88.86530  14.17721
-88.86306  14.17498
-88.86169  14.17331
-88.86025  14.17114
-88.85888  14.16942
-88.85779  14.16695
-88.85613  14.16501
-88.85527  14.16277
-88.85390  14.16082
-88.85194  14.15859
-88.85057  14.15664
-88.84891  14.15498
-88.84724  14.15280
-88.84558  14.15137
-88.84444  14.14891
-88.84335  14.14696
-88.84192  14.14444
-88.84112  14.14197
-88.83974  14.13974
-88.83860  14.13779
-88.83779  14.13556
-88.83636  14.13303
-88.83556  14.13029
-88.83498  14.12748
-88.83418  14.12473
-88.83332  14.12221
-88.83253  14.11946
-88.83167  14.11694
-88.83086  14.11447
-88.83086  14.11138
-88.83086  14.10777
-88.83057  14.10502
-88.82972  14.10221
-88.82863  14.09998
-88.82726  14.09780
-88.82582  14.09585
-88.82359  14.09470
-88.82140  14.09362
-88.81802  14.09276
-88.81499  14.09253
-88.81195  14.09276
-88.80892  14.09304
-88.80720  14.09470
-88.80502  14.09585
-88.80250  14.09723
-88.80112  14.09831
-88.79917  14.10083
-88.79780  14.10278
-88.79636  14.10502
-88.79471  14.10697
-88.79333  14.10891
-88.79276  14.11138
-88.79139  14.11390
-88.79001  14.11585
-88.78915  14.11831
-88.78748  14.12026
-88.78612  14.12221
-88.78474  14.12473
-88.78331  14.12668
-88.78142  14.12834
-88.77946  14.13000
-88.77780  14.13166
-88.77586  14.13332
-88.77419  14.13470
-88.77168  14.13613
-88.76944  14.13665
-88.76720  14.13808
-88.76389  14.13859
-88.76113  14.13831
-88.75832  14.13750
-88.75529  14.13642
-88.75306  14.13584
-88.75082  14.13447
-88.74887  14.13252
-88.74693  14.13086
-88.74497  14.12943
-88.74332  14.12776
-88.74165  14.12610
-88.73999  14.12387
-88.73862  14.12192
-88.73724  14.11997
-88.73558  14.11808
-88.73415  14.11585
-88.73306  14.11418
-88.73219  14.11138
-88.73083  14.10863
-88.73111  14.10530
-88.72613  14.10336
-88.72446  14.10141
-88.72280  14.09946
-88.72108  14.09751
-88.72028  14.09499
-88.71919  14.09276
-88.71805  14.09029
-88.71725  14.08749
-88.71667  14.08502
-88.71558  14.08221
-88.71530  14.07918
-88.71501  14.07608
-88.71444  14.07305
-88.71415  14.07001
-88.71335  14.06720
-88.71306  14.06417
-88.71249  14.06084
-88.71169  14.05832
-88.71111  14.05529
-88.71054  14.05225
-88.70945  14.05001
-88.70859  14.04721
-88.70722  14.04497
-88.70555  14.04331
-88.70447  14.04136
-88.70252  14.03947
-88.70057  14.03804
-88.69833  14.03666
-88.69581  14.03586
-88.69335  14.03443
-88.69083  14.03334
-88.68859  14.03248
-88.68613  14.03168
-88.68362  14.03053
-88.68109  14.02944
-88.67863  14.02859
-88.67639  14.02750
-88.67416  14.02641
-88.67169  14.02526
-88.66946  14.02360
-88.66779  14.02165
-88.66614  14.02028
-88.66441  14.01862
-88.66333  14.01609
-88.66109  14.01443
-88.66080  14.01443
       NA        NA
-89.34750  14.43275
-89.34916  14.43086
-89.35168  14.42971
-89.35391  14.42834
-89.35471  14.42777
