   -53.3019560    -11.0206980
   -53.2950660    -11.0273760
   -53.2903600    -11.0308720
   -53.2839210    -11.0395120
   -53.2822300    -11.0480290
   -53.2868230    -11.0596940
   -53.2893710    -11.0695830
   -53.2858270    -11.0812770
   -53.2709170    -11.0863410
   -53.2664950    -11.0909020
   -53.2606350    -11.1189150
   -53.2446110    -11.1391790
   -53.2424710    -11.1735590
   -53.2377160    -11.1876790
   -53.2399980    -11.2014330
   -53.2468880    -11.2134240
   -53.2629970    -11.2319300
   -53.2506920    -11.2589900
   -53.2541880    -11.2707530
   -53.2613260    -11.2760060
   -53.2773030    -11.2798030
   -53.2968050    -11.3101180
   -53.3013040    -11.3131040
   -53.3098330    -11.3123840
   -53.3162420    -11.3173610
   -53.3231320    -11.3332860
   -53.3415560    -11.3568970
   -53.3776900    -11.3941750
   -53.3857740    -11.4186890
   -53.3994420    -11.4346020
   -53.4080770    -11.4348710
   -53.4231900    -11.4247340
   -53.4386910    -11.4327810
   -53.4416650    -11.4659840
   -53.4681940    -11.4981700
   -53.4754370    -11.5172120
   -53.4783070    -11.5178070
   -53.4870610    -11.5027690
   -53.4926670    -11.5034120
   -53.4948390    -11.5197330
   -53.5067250    -11.5262620
   -53.5204390    -11.5469770
   -53.5486290    -11.5681870
   -53.5355770    -11.5851370
   -53.5407750    -11.5963430
   -53.5600550    -11.6026930
   -53.5693330    -11.6109960
   -53.5718880    -11.6206850
   -53.5690850    -11.6482070
   -53.5794450    -11.6784610
   -53.6028640    -11.7240960
   -53.6091650    -11.7477170
   -53.6009040    -11.7901820
   -53.5958940    -11.7974660
   -53.5869190    -11.8286330
   -53.5878330    -11.8596200
   -53.5741120    -11.8779260
   -53.5711900    -11.8965100
   -53.5661650    -11.9054030
   -53.5516630    -11.9159420
   -53.5482210    -11.9220460
   -53.5473600    -11.9369470
   -53.5484540    -11.9495020
   -53.5587510    -11.9566410
   -53.5714160    -11.9526840
   -53.5807580    -11.9574630
   -53.5911150    -11.9552890
   -53.5977810    -11.9601370
   -53.6147830    -11.9557560
   -53.6185260    -11.9585030
   -53.6183090    -11.9631020
   -53.6053890    -11.9709400
   -53.6058040    -11.9751910
   -53.6123880    -11.9797650
   -53.6318290    -11.9776680
   -53.6326110    -11.9840860
   -53.6232800    -11.9926810
   -53.6194420    -12.0054570
   -53.6224210    -12.0077210
   -53.6343320    -12.0026020
   -53.6391680    -12.0040280
   -53.6423610    -12.0127170
   -53.6545520    -12.0209970
   -53.6459780    -12.0280300
   -53.6457250    -12.0322760
   -53.6529430    -12.0311570
   -53.6557870    -12.0390720
   -53.6643300    -12.0389430
   -53.6724780    -12.0453650
   -53.6941950    -12.0493310
   -53.6972490    -12.0486170
   -53.6994170    -12.0415430
   -53.7094450    -12.0357220
   -53.7131350    -12.0350290
   -53.7166970    -12.0389470
   -53.7260850    -12.0353710
   -53.7277490    -12.0409300
   -53.7215590    -12.0525760
   -53.7239430    -12.0552820
   -53.7501640    -12.0675300
   -53.7685590    -12.0917180
   -53.7845810    -12.0878090
   -53.7830040    -12.0939150
   -53.7876700    -12.0977350
   -53.7930530    -12.0947680
   -53.7884790    -12.0861480
   -53.7941670    -12.0896400
   -53.8060260    -12.0886120
   -53.8065000    -12.0825450
   -53.8158940    -12.0843950
   -53.8215560    -12.0795610
   -53.8244270    -12.0834560
   -53.8276640    -12.0782900
   -53.8362240    -12.0835950
   -53.8350250    -12.0767420
   -53.8423120    -12.0727420
   -53.8482510    -12.0629350
   -53.8559160    -12.0726850
   -53.8523380    -12.0797500
   -53.8550860    -12.0874840
   -53.8549000    -12.0875470
   -53.8552280    -12.0885500
   -53.8634760    -12.0874430
   -53.8762280    -12.0762220
   -53.8800840    -12.0838160
   -53.8914730    -12.0810180
   -53.9009130    -12.0844020
   -53.9070280    -12.0968800
   -53.9125550    -12.0978470
   -53.9257780    -12.0893730
   -53.9304960    -12.0964860
   -53.9376460    -12.0901000
   -53.9475030    -12.0884110
   -53.9475560    -12.0967730
   -53.9547280    -12.0991980
   -53.9582290    -12.1097760
   -53.9658890    -12.1149900
   -53.9602280    -12.1211920
   -53.9701420    -12.1205420
   -53.9761650    -12.1268260
   -53.9895600    -12.1260210
   -53.9902350    -12.1248890
   -53.9858970    -12.1227940
   -53.9898900    -12.1236350
   -53.9930610    -12.1201480
   -53.9971950    -12.1243870
   -54.0034100    -12.1144530
   -54.0139010    -12.1089460
   -54.0171670    -12.1094250
   -54.0167820    -12.1166680
   -54.0242850    -12.1161410
   -54.0380550    -12.1226670
   -54.0408130    -12.1286790
   -54.0406600    -12.1286610
   -54.0410270    -12.1295020
   -54.0469240    -12.1304040
   -54.0501940    -12.1354840
   -54.0542300    -12.1349370
   -54.0502510    -12.1406540
   -54.0560040    -12.1458700
   -54.0590600    -12.1634720
   -54.0715520    -12.1659180
   -54.0783350    -12.1596680
   -54.0892490    -12.1620800
   -54.0971370    -12.1570130
   -54.1010030    -12.1629530
   -54.1024770    -12.1551510
   -54.0966410    -12.1495280
   -54.1032570    -12.1466980
   -54.1143340    -12.1676590
   -54.1191490    -12.1630370
   -54.1191950    -12.1684320
   -54.1248930    -12.1675450
   -54.1268890    -12.1732380
   -54.1307000    -12.1659410
   -54.1439210    -12.1718660
   -54.1387800    -12.1786670
   -54.1462480    -12.1764220
   -54.1462510    -12.1835450
   -54.1524480    -12.1806390
   -54.1601190    -12.1972400
   -54.1667240    -12.1994260
   -54.1727590    -12.2068870
   -54.1772540    -12.2064770
   -54.1830590    -12.2171870
   -54.1815040    -12.2388480
   -54.1907580    -12.2348180
   -54.1912270    -12.2404140
   -54.1975110    -12.2439990
   -54.1972530    -12.2490060
   -54.2034450    -12.2470410
   -54.2032060    -12.2411000
   -54.2143100    -12.2442860
   -54.2185580    -12.2407710
   -54.2240900    -12.2488600
   -54.2253070    -12.2427040
   -54.2415890    -12.2446230
   -54.2423640    -12.2503190
   -54.2398410    -12.2487570
   -54.2335100    -12.2540590
   -54.2344780    -12.2567800
   -54.2428130    -12.2566430
   -54.2453380    -12.2641030
   -54.2459170    -12.2588310
   -54.2490190    -12.2592620
   -54.2578920    -12.2546790
   -54.2720610    -12.2702610
   -54.2787820    -12.2724740
   -54.2851940    -12.2693970
   -54.2907570    -12.2867640
   -54.3007280    -12.2901720
   -54.3051500    -12.2818230
   -54.3169710    -12.2847290
   -54.3123080    -12.2889930
   -54.3207840    -12.2999130
   -54.3301150    -12.2986910
   -54.3464540    -12.3071670
   -54.3495630    -12.3018660
   -54.3560610    -12.3002750
   -54.3581740    -12.3070530
   -54.3649700    -12.3078390
   -54.3673080    -12.3130880
   -54.3763160    -12.3153360
   -54.3828390    -12.3259860
   -54.3984530    -12.3338440
   -54.4029770    -12.3419650
   -54.4138920    -12.3455930
   -54.4250870    -12.3343180
   -54.4315300    -12.3494610
   -54.4441180    -12.3494310
   -54.4429210    -12.3592040
   -54.4534530    -12.3563420
   -54.4518170    -12.3611530
   -54.4600880    -12.3614650
   -54.4638660    -12.3653630
   -54.4684000    -12.3599860
   -54.4838680    -12.3609800
   -54.5050620    -12.3851410
   -54.5169500    -12.3840900
   -54.5152060    -12.3949460
   -54.5209770    -12.3974320
   -54.5241430    -12.4083560
   -54.5317870    -12.4141890
   -54.5283160    -12.4157860
   -54.5311440    -12.4187920
   -54.5280080    -12.4236360
   -54.5356750    -12.4481430
   -54.5316620    -12.4536750
   -54.5345040    -12.4558470
   -54.5404200    -12.4519830
   -54.5473940    -12.4537160
   -54.5511780    -12.4628640
   -54.5615610    -12.4671740
   -54.5780080    -12.4654230
   -54.5860670    -12.4708730
   -54.5957800    -12.4670640
   -54.6071170    -12.4763220
   -54.6204520    -12.4750980
   -54.6247030    -12.4712740
   -54.6422610    -12.4809880
   -54.6531420    -12.4811150
   -54.6707050    -12.4748070
   -54.6857060    -12.4847670
   -54.6940320    -12.4847920
   -54.6946790    -12.4886660
   -54.7041170    -12.4919780
   -54.7059810    -12.5083530
   -54.7173700    -12.5242070
   -54.7191250    -12.5390870
   -54.7293080    -12.5435890
   -54.7318330    -12.5417270
   -54.7318430    -12.5479010
   -54.7356490    -12.5465170
   -54.7251460    -12.5618240
   -54.7319790    -12.5668820
   -54.7291710    -12.5755330
   -54.7375060    -12.5750230
   -54.7355920    -12.5809480
   -54.7402340    -12.5826170
   -54.7452350    -12.5989630
   -54.7517550    -12.6016750
   -54.7585380    -12.6104970
   -54.7642860    -12.6089790
   -54.7664190    -12.6120720
   -54.7745920    -12.6088520
   -54.7747340    -12.6129360
   -54.7917560    -12.6263990
   -54.7977600    -12.6237500
   -54.8011170    -12.6291540
   -54.8077350    -12.6262620
   -54.8073910    -12.6317570
   -54.8205080    -12.6342030
   -54.8260390    -12.6425650
   -54.8377330    -12.6384780
   -54.8532590    -12.6463570
   -54.8556520    -12.6428000
   -54.8638410    -12.6424370
   -54.8673940    -12.6498190
   -54.8720730    -12.6526860
   -54.8785050    -12.6502430
   -54.8805130    -12.6558340
   -54.8897020    -12.6515790
   -54.8957280    -12.6532580
   -54.9163660    -12.6662220
   -54.9146730    -12.6706760
   -54.9181820    -12.6810370
   -54.9203450    -12.6788830
   -54.9606180    -12.6807040
   -55.1967610    -12.6810270
   -55.2291570    -12.6862920
   -55.2262650    -12.6571420
   -55.2358440    -12.6393900
   -55.2346220    -12.6364250
   -55.2317050    -12.6341780
   -55.2344330    -12.6328080
   -55.2284590    -12.6154450
   -55.2392310    -12.6072720
   -55.2376260    -12.6039970
   -55.2271240    -12.5963640
   -55.2233150    -12.6006380
   -55.2152340    -12.5938800
   -55.1972580    -12.5957310
   -55.1965400    -12.5901860
   -55.1923530    -12.5905820
   -55.1918790    -12.5893790
   -55.1922120    -12.5890940
   -55.1887040    -12.5813180
   -55.1818420    -12.5740270
   -55.1763720    -12.5786990
   -55.1701730    -12.5738970
   -55.1661750    -12.5767550
   -55.1554270    -12.5749660
   -55.1564230    -12.5715630
   -55.1534010    -12.5718930
   -55.1514290    -12.5675720
   -55.1541780    -12.5612130
   -55.1517640    -12.5560370
   -55.1418410    -12.5552400
   -55.1367900    -12.5426610
   -55.1388440    -12.5351880
   -55.1351770    -12.5360360
   -55.1327900    -12.5310920
   -55.1290890    -12.5308160
   -55.1247910    -12.5212620
   -55.1259620    -12.5153460
   -55.1196720    -12.5107620
   -55.1165930    -12.5045590
   -55.1197900    -12.4993320
   -55.1152620    -12.4879500
   -55.0985670    -12.4692210
   -55.1027830    -12.4612850
   -55.1010580    -12.4538610
   -55.0953760    -12.4527650
   -55.0983210    -12.4492830
   -55.0950930    -12.4432410
   -55.0989840    -12.4371030
   -55.0913170    -12.4265440
   -55.0946150    -12.4198230
   -55.0946190    -12.4028290
   -55.0829890    -12.3918780
   -55.0793950    -12.3925960
   -55.0781210    -12.3783380
   -55.0683200    -12.3650910
   -55.0710900    -12.3614930
   -55.0688740    -12.3588440
   -55.0801240    -12.3530870
   -55.0836980    -12.3463750
   -55.0804860    -12.3379900
   -55.0921440    -12.3166120
   -55.0869820    -12.3125000
   -55.0869300    -12.3060210
   -55.0935980    -12.3024240
   -55.0951190    -12.2908140
   -55.1117060    -12.2671020
   -55.1059580    -12.2635720
   -55.1082260    -12.2578760
   -55.1130100    -12.2564560
   -55.1105640    -12.2496810
   -55.1178440    -12.2433150
   -55.1247360    -12.2405690
   -55.1231610    -12.2362630
   -55.1298980    -12.2348140
   -55.1371530    -12.2125650
   -55.1332600    -12.2091730
   -55.1338780    -12.2044920
   -55.1267050    -12.2057960
   -55.1254490    -12.2004400
   -55.1196220    -12.1978140
   -55.1273500    -12.1756950
   -55.1165630    -12.1759460
   -55.0996540    -12.1824850
   -55.0865900    -12.1809010
   -55.0810970    -12.1791340
   -55.0553980    -12.1531570
   -55.0336730    -12.1546500
   -55.0274010    -12.1650930
   -55.0335960    -12.1965790
   -55.0207020    -12.2134740
   -55.0120080    -12.2349390
   -55.0118180    -12.2449010
   -54.9845620    -12.2239560
   -54.9721750    -12.2014590
   -54.9709220    -12.1930010
   -54.9777340    -12.1762380
   -54.9755600    -12.1674950
   -54.9311990    -12.1298660
   -54.8852810    -12.1188170
   -54.8678430    -12.1239790
   -54.8505060    -12.1226210
   -54.8348460    -12.1270170
   -54.8295970    -12.1201890
   -54.7991520    -12.1159410
   -54.7689560    -12.0997660
   -54.7576260    -12.1000940
   -54.7540090    -12.0942120
   -54.7353430    -12.0909980
   -54.7255910    -12.0733570
   -54.7083700    -12.0637760
   -54.6997870    -12.0685170
   -54.6932570    -12.0652620
   -54.6812780    -12.0690130
   -54.6720130    -12.0653300
   -54.6633160    -12.0699910
   -54.6547800    -12.0694030
   -54.6193880    -12.0483580
   -54.6108980    -12.0494880
   -54.5998710    -12.0432200
   -54.5873730    -12.0459600
   -54.5598130    -12.0309110
   -54.5562280    -12.0341630
   -54.5493380    -12.0277310
   -54.5352600    -12.0278040
   -54.5357550    -12.0233810
   -54.5307000    -12.0197130
   -54.5124260    -12.0152370
   -54.5080340    -12.0085980
   -54.5006970    -12.0055670
   -54.4868920    -12.0025080
   -54.4816730    -12.0076340
   -54.4665650    -12.0038990
   -54.4576720    -12.0083950
   -54.4433130    -12.0094690
   -54.4408200    -12.0047280
   -54.4331480    -12.0079760
   -54.4270580    -11.9979960
   -54.4217250    -11.9991620
   -54.4069560    -11.9938570
   -54.4046430    -11.9962020
   -54.3959230    -11.9863080
   -54.3871980    -11.9854600
   -54.3787000    -11.9752090
   -54.3773410    -11.9685880
   -54.3743120    -11.9697660
   -54.3727580    -11.9646970
   -54.3686190    -11.9653990
   -54.3570910    -11.9557680
   -54.3588370    -11.9507130
   -54.3476760    -11.9419840
   -54.3419710    -11.9431390
   -54.3363940    -11.9394040
   -54.3384180    -11.9360650
   -54.3294220    -11.9351300
   -54.3224300    -11.9252270
   -54.3221180    -11.9207170
   -54.3130330    -11.9179680
   -54.3136990    -11.9114590
   -54.3109520    -11.9124390
   -54.3055620    -11.9000860
   -54.3019000    -11.8999180
   -54.3004800    -11.8896960
   -54.2890020    -11.8847640
   -54.2913130    -11.8824210
   -54.2996680    -11.8855290
   -54.3004270    -11.8806470
   -54.2895850    -11.8794280
   -54.2849200    -11.8760690
   -54.2869530    -11.8736370
   -54.2824810    -11.8625760
   -54.2766990    -11.8618310
   -54.2804760    -11.8581390
   -54.2781190    -11.8508910
   -54.2698640    -11.8469660
   -54.2706980    -11.8440720
   -54.2665590    -11.8458680
   -54.2704430    -11.8390100
   -54.2638400    -11.8416920
   -54.2551430    -11.8350560
   -54.2545730    -11.8309900
   -54.2469700    -11.8324050
   -54.2462770    -11.8229060
   -54.2368120    -11.8206970
   -54.2350090    -11.8132690
   -54.2276660    -11.8119730
   -54.2250630    -11.8031860
   -54.2195290    -11.8022590
   -54.2205850    -11.7942110
   -54.2144470    -11.7892110
   -54.2082820    -11.7928940
   -54.2076960    -11.7823070
   -54.2038370    -11.7793080
   -54.2036390    -11.7840080
   -54.1986910    -11.7834510
   -54.1995570    -11.7722340
   -54.1907010    -11.7649610
   -54.1910360    -11.7481380
   -54.1842300    -11.7497430
   -54.1865570    -11.7431400
   -54.1838110    -11.7409550
   -54.1715010    -11.7411800
   -54.1702570    -11.7359270
   -54.1748700    -11.7278970
   -54.1699220    -11.7258850
   -54.1623910    -11.7289340
   -54.1630590    -11.7209690
   -54.1577310    -11.7212260
   -54.1547290    -11.7161490
   -54.1504490    -11.7060860
   -54.1529510    -11.7024780
   -54.1473860    -11.6993830
   -54.1486940    -11.6882630
   -54.1462980    -11.6885000
   -54.1424490    -11.6884160
   -54.1373600    -11.6754550
   -54.1342510    -11.6747160
   -54.1353080    -11.6635940
   -54.1212510    -11.6655290
   -54.1250040    -11.6523350
   -54.1146160    -11.6531100
   -54.1102560    -11.6467530
   -54.1126670    -11.6385370
   -54.1083640    -11.6347240
   -54.0963330    -11.6362010
   -54.0850560    -11.6253200
   -54.0711710    -11.6215260
   -54.0700000    -11.6178220
   -54.0667790    -11.6191580
   -54.0668070    -11.6157230
   -54.0572250    -11.6192050
   -54.0547750    -11.6161220
   -54.0567280    -11.6118830
   -54.0503920    -11.6109440
   -54.0453420    -11.6143620
   -54.0426410    -11.6014170
   -54.0355990    -11.5967080
   -54.0315010    -11.5905130
   -54.0319470    -11.5951060
   -54.0266530    -11.5970820
   -54.0254220    -11.5942850
   -54.0172540    -11.5949620
   -54.0120620    -11.5859870
   -54.0061950    -11.5856890
   -54.0009120    -11.5766840
   -53.9956700    -11.5756720
   -53.9963560    -11.5721760
   -53.9922220    -11.5678980
   -53.9942850    -11.5595970
   -53.9830830    -11.5606480
   -53.9781140    -11.5529420
   -53.9820820    -11.5500410
   -53.9815330    -11.5462340
   -53.9691960    -11.5335530
   -53.9630540    -11.5340750
   -53.9610300    -11.5373850
   -53.9586120    -11.5319050
   -53.9511110    -11.5313790
   -53.9532010    -11.5343900
   -53.9509700    -11.5387110
   -53.9449230    -11.5388180
   -53.9425850    -11.5333030
   -53.9349470    -11.5354880
   -53.9323080    -11.5284710
   -53.9265260    -11.5266730
   -53.9255570    -11.5191790
   -53.9208600    -11.5184340
   -53.9152190    -11.5110740
   -53.9083340    -11.5102400
   -53.9025040    -11.5149580
   -53.8978570    -11.5102990
   -53.8892510    -11.5108760
   -53.8855560    -11.5152680
   -53.8824200    -11.5101940
   -53.8748850    -11.5118540
   -53.8719020    -11.5069630
   -53.8740280    -11.5044350
   -53.8657850    -11.4988150
   -53.8503390    -11.4964990
   -53.8514490    -11.4928680
   -53.8590320    -11.4906850
   -53.8521080    -11.4793170
   -53.8563030    -11.4782960
   -53.8533410    -11.4738030
   -53.8577850    -11.4739580
   -53.8589130    -11.4651090
   -53.8484110    -11.4634220
   -53.8474740    -11.4542480
   -53.8436090    -11.4508590
   -53.8381910    -11.4521310
   -53.8350070    -11.4466790
   -53.8381680    -11.4424060
   -53.8412980    -11.4440770
   -53.8443290    -11.4378710
   -53.8410330    -11.4345770
   -53.8384740    -11.4372170
   -53.8353350    -11.4326950
   -53.8400010    -11.4310950
   -53.8373840    -11.4200750
   -53.8441080    -11.4103870
   -53.8418610    -11.4075830
   -53.8371700    -11.4091080
   -53.8294710    -11.3999370
   -53.8416140    -11.3965270
   -53.8379700    -11.3908290
   -53.8323590    -11.3925450
   -53.8366440    -11.3699800
   -53.8289990    -11.3599060
   -53.8081700    -11.3529680
   -53.8052530    -11.3457410
   -53.7981670    -11.3414150
   -53.7984950    -11.3269040
   -53.7927540    -11.3242260
   -53.7943270    -11.3157270
   -53.7878560    -11.3066020
   -53.7866940    -11.2947300
   -53.7835510    -11.2957140
   -53.7805560    -11.2907480
   -53.7754720    -11.2760610
   -53.7771080    -11.2680640
   -53.7716910    -11.2604740
   -53.7591390    -11.2545230
   -53.7672460    -11.2506420
   -53.7663920    -11.2442600
   -53.7629430    -11.2412380
   -53.7565840    -11.2424600
   -53.7485890    -11.2347340
   -53.7533390    -11.2191510
   -53.7501190    -11.2156320
   -53.7530290    -11.2127060
   -53.7414440    -11.2091140
   -53.7323030    -11.2205980
   -53.7258340    -11.2141190
   -53.7243640    -11.2077510
   -53.7276960    -11.2035140
   -53.7214700    -11.2013690
   -53.7148630    -11.2044710
   -53.7095800    -11.1966200
   -53.7103000    -11.1909150
   -53.7171100    -11.1845330
   -53.7134180    -11.1774020
   -53.7000550    -11.1897480
   -53.6880580    -11.1864230
   -53.6854710    -11.1815250
   -53.6814690    -11.1815200
   -53.6804200    -11.1775590
   -53.6848870    -11.1763600
   -53.6788070    -11.1704250
   -53.6823800    -11.1657440
   -53.6790800    -11.1632640
   -53.6829960    -11.1583230
   -53.6755250    -11.1556020
   -53.6754430    -11.1493840
   -53.6606100    -11.1422050
   -53.6539690    -11.1529220
   -53.6460260    -11.1516450
   -53.6412240    -11.1403040
   -53.6340850    -11.1395340
   -53.6239960    -11.1326690
   -53.6307530    -11.1256540
   -53.6241370    -11.1277140
   -53.6058580    -11.1223130
   -53.5917160    -11.1199080
   -53.5820000    -11.1051670
   -53.5601340    -11.0851490
   -53.5460930    -11.0875150
   -53.5376160    -11.0811450
   -53.5278660    -11.0821070
   -53.5224470    -11.0888050
   -53.5225290    -11.0952500
   -53.5188820    -11.0962300
   -53.4957190    -11.0740160
   -53.4870830    -11.0550170
   -53.4740830    -11.0571020
   -53.4605290    -11.0517710
   -53.4446940    -11.0544900
   -53.4363430    -11.0486080
   -53.4315840    -11.0521430
   -53.4248930    -11.0490680
   -53.4161910    -11.0513270
   -53.3909910    -11.0571230
   -53.3810240    -11.0549550
   -53.3681040    -11.0402000
   -53.3735280    -11.0210190
   -53.3707720    -11.0162310
   -53.3618040    -11.0242760
   -53.3505250    -11.0271730
   -53.3220560    -11.0205630
   -53.3195760    -11.0154050
   -53.3232160    -11.0093500
   -53.3399970    -11.0048210
   -53.3376310    -10.9896810
   -53.3225600    -10.9596600
   -53.3174630    -10.9581150
   -53.3193600    -10.9744270
   -53.3161670    -10.9982230
   -53.3019560    -11.0206980
