-70.04971  12.62610
-70.04501  12.62387
-70.04002  12.62192
-70.03526  12.61974
-70.03108  12.61693
-70.02748  12.61332
-70.02415  12.60971
-70.02083  12.60639
-70.01722  12.60278
-70.01389  12.59917
-70.01109  12.59499
-70.00777  12.59166
-70.00444  12.58805
-70.00112  12.58444
-69.99831  12.58026
-69.99637  12.57556
-69.99332  12.57138
-69.99029  12.56777
-69.98611  12.56502
-69.98278  12.56164
-69.97997  12.55723
-69.97636  12.55391
-69.97253  12.55110
-69.96886  12.54749
-69.96416  12.54525
-69.95998  12.54250
-69.95499  12.54027
-69.95029  12.53804
-69.94526  12.53609
-69.94056  12.53391
-69.93638  12.53110
-69.93225  12.52807
-69.92944  12.52388
-69.92669  12.51970
-69.92417  12.51558
-69.92223  12.51082
-69.91942  12.50669
-69.91666  12.50251
-69.91415  12.49833
-69.91053  12.49472
-69.90721  12.49111
-69.90388  12.48779
-69.90028  12.48418
-69.89695  12.48085
-69.89414  12.47667
-69.89140  12.47220
-69.88944  12.46750
-69.88750  12.46281
-69.88555  12.45776
-69.88418  12.45221
-69.88303  12.44665
-69.88085  12.44195
-69.87891  12.43719
-69.87776  12.43169
-69.87582  12.42665
-69.87386  12.42195
-69.87334  12.41582
-69.87610  12.41164
-69.88223  12.41113
-69.88808  12.41250
-69.89277  12.41473
-69.89833  12.41640
-69.90417  12.41777
-69.90973  12.41943
-69.91609  12.42029
-69.92165  12.42167
-69.92693  12.42304
-69.93248  12.42470
-69.93752  12.42694
-69.94250  12.42889
-69.94669  12.43192
-69.94691  12.43668
-69.94221  12.43863
-69.93638  12.43972
-69.93168  12.43777
-69.92612  12.43611
-69.92525  12.44224
-69.92944  12.44527
-69.93414  12.44722
-69.94056  12.44808
-69.94749  12.44831
-69.95248  12.45054
-69.95666  12.45335
-69.96142  12.45553
-69.96474  12.45891
-69.96886  12.46195
-69.97253  12.46527
-69.97665  12.46808
-69.97997  12.47169
-69.98416  12.47444
-69.98834  12.47747
-69.99253  12.48028
-69.99693  12.48252
-70.00055  12.48584
-70.00336  12.49002
-70.00530  12.49501
-70.00891  12.49833
-70.01223  12.50194
-70.01636  12.50475
-70.02055  12.50750
-70.02306  12.51168
-70.02581  12.51609
-70.02919  12.51947
-70.03332  12.52222
-70.03830  12.52446
-70.04248  12.52721
-70.04753  12.52944
-70.05194  12.53168
-70.05612  12.53443
-70.05944  12.53804
-70.06030  12.54417
-70.06001  12.54972
-70.05859  12.55499
-70.05555  12.55918
-70.05331  12.56388
-70.05137  12.56863
-70.04919  12.57333
-70.04753  12.57889
-70.04667  12.58502
-70.04558  12.59109
-70.04753  12.59613
-70.05028  12.60026
-70.05389  12.60364
-70.05721  12.60725
-70.05944  12.61195
-70.06139  12.61693
-70.06334  12.62169
-70.06306  12.62862
-70.05888  12.63108
-70.05331  12.62971
-70.04971  12.62610
