-63.16780  18.16442
-63.16447  18.16694
-63.16166  18.17141
-63.15863  18.17583
-63.15530  18.17943
-63.15112  18.18253
-63.14780  18.18614
-63.14470  18.19055
-63.14138  18.19416
-63.13720  18.19720
-63.13193  18.19863
-63.12608  18.19914
-63.12059  18.20029
-63.11474  18.20109
-63.10999  18.20304
-63.10471  18.20447
-63.10053  18.20751
-63.09641  18.21026
-63.09164  18.21249
-63.08638  18.21387
-63.08219  18.21668
-63.07887  18.22029
-63.07555  18.22418
-63.07446  18.23083
-63.07360  18.23639
-63.07056  18.24086
-63.06724  18.24447
-63.06363  18.24808
-63.06025  18.25197
-63.05750  18.25638
-63.05331  18.25919
-63.04862  18.26137
-63.04335  18.26280
-63.03779  18.26418
-63.03332  18.26612
-63.02776  18.26750
-63.02249  18.26888
-63.01665  18.26945
-63.00943  18.26859
-63.00221  18.26750
-62.99665  18.26664
-62.99166  18.26888
-62.98835  18.27248
-62.98359  18.27472
-62.97889  18.27667
-62.97247  18.27667
-62.97001  18.27220
-62.96944  18.26641
-62.97247  18.26194
-62.97665  18.25919
-62.98112  18.25696
-62.98473  18.25335
-62.98416  18.24750
-62.98445  18.24137
-62.98668  18.23553
-62.98943  18.23112
-62.99305  18.22722
-62.99780  18.22527
-63.00307  18.22390
-63.00914  18.22332
-63.01304  18.22029
-63.01665  18.21668
-63.02112  18.21444
-63.02610  18.21249
-63.03086  18.21026
-63.03613  18.20889
-63.04140  18.20751
-63.04667  18.20636
-63.05028  18.20253
-63.05498  18.20029
-63.06025  18.19914
-63.06558  18.19777
-63.06942  18.19473
-63.07417  18.19278
-63.07721  18.18832
-63.08053  18.18442
-63.08558  18.18253
-63.08998  18.18030
-63.09474  18.17806
-63.09887  18.17525
-63.10196  18.17915
-63.10529  18.18224
-63.10918  18.18557
-63.11502  18.18499
-63.11915  18.18224
-63.12333  18.17915
-63.12723  18.17640
-63.13141  18.17336
-63.13611  18.17141
-63.14000  18.16832
-63.14557  18.16694
-63.15084  18.16557
-63.15668  18.16500
-63.16166  18.16637
-63.16780  18.16442
