-61.82639  17.16725
-61.82083  17.16639
-61.81447  17.16473
-61.80748  17.16387
-61.80140  17.16415
-61.79447  17.16335
-61.78914  17.16112
-61.78416  17.15831
-61.78141  17.15447
-61.77832  17.15057
-61.77614  17.14610
-61.77304  17.14221
-61.77167  17.13694
-61.77247  17.13167
-61.77614  17.12806
-61.77470  17.12279
-61.77167  17.11889
-61.76777  17.11557
-61.76307  17.11276
-61.75695  17.11138
-61.75557  17.11585
-61.75608  17.12164
-61.75500  17.12697
-61.75110  17.13000
-61.74692  17.13276
-61.74417  17.13722
-61.73970  17.13665
-61.73752  17.13195
-61.73529  17.12749
-61.73082  17.12473
-61.72474  17.12525
-61.71947  17.12668
-61.71443  17.12777
-61.70859  17.12720
-61.70555  17.12307
-61.70555  17.11832
-61.70974  17.11557
-61.71500  17.11419
-61.72085  17.11362
-61.72641  17.11224
-61.73082  17.11030
-61.73030  17.10583
-61.72721  17.10193
-61.72417  17.09803
-61.72193  17.09362
-61.71970  17.08915
-61.71471  17.09053
-61.70916  17.09167
-61.70280  17.09030
-61.69667  17.08864
-61.69305  17.09225
-61.68916  17.09500
-61.68446  17.09225
-61.67971  17.09443
-61.67415  17.09362
-61.67026  17.09030
-61.66888  17.08497
-61.67002  17.07833
-61.67415  17.07557
-61.68057  17.07586
-61.68693  17.07609
-61.69249  17.07471
-61.69581  17.07111
-61.69363  17.06778
-61.68945  17.06583
-61.68303  17.06417
-61.67667  17.06280
-61.67140  17.06056
-61.66831  17.05667
-61.66693  17.05140
-61.66642  17.04584
-61.66750  17.04057
-61.67249  17.03919
-61.67724  17.03724
-61.68085  17.03335
-61.68252  17.02750
-61.68664  17.02447
-61.69197  17.02332
-61.69890  17.02447
-61.70526  17.02584
-61.71168  17.02750
-61.71695  17.02974
-61.72165  17.03249
-61.72807  17.03415
-61.73391  17.03363
-61.73695  17.02917
-61.73471  17.02470
-61.73167  17.02086
-61.72944  17.01639
-61.72807  17.01112
-61.72749  17.00556
-61.72778  16.99943
-61.72864  16.99387
-61.73225  16.99026
-61.73804  16.98975
-61.74359  16.99055
-61.75001  16.99221
-61.75528  16.99444
-61.76164  16.99611
-61.76720  16.99805
-61.76863  17.00332
-61.77081  17.00779
-61.77362  17.01169
-61.78084  17.01278
-61.78531  17.01054
-61.78834  17.00613
-61.79000  17.00029
-61.79722  17.00138
-61.80336  17.00275
-61.80943  17.00224
-61.81447  17.00109
-61.81945  16.99891
-61.82387  16.99697
-61.82919  16.99697
-61.83223  16.99943
-61.83527  17.00332
-61.84054  17.00556
-61.84776  17.00665
-61.85165  17.01003
-61.85778  17.01140
-61.86414  17.01307
-61.87027  17.01473
-61.87612  17.01696
-61.88053  17.01971
-61.88363  17.02361
-61.88586  17.02808
-61.88723  17.03306
-61.88557  17.03919
-61.88305  17.04446
-61.88139  17.05025
-61.88110  17.05667
-61.88248  17.06165
-61.88557  17.06555
-61.88781  17.07002
-61.88695  17.07557
-61.88225  17.07752
-61.87612  17.07804
-61.87027  17.07861
-61.86695  17.08222
-61.86832  17.08583
-61.87223  17.08915
-61.87778  17.09139
-61.88305  17.09030
-61.88890  17.08973
-61.89113  17.09414
-61.88947  17.09998
-61.88723  17.10526
-61.88414  17.10972
-61.88082  17.11333
-61.87749  17.11694
-61.87251  17.11918
-61.86890  17.11585
-61.86248  17.11419
-61.85612  17.11247
-61.84919  17.11167
-61.84335  17.11224
-61.83973  17.11585
-61.83973  17.12055
-61.84529  17.12279
-61.85165  17.12445
-61.85389  17.12892
-61.85417  17.13442
-61.85194  17.13975
-61.84833  17.14335
-61.84501  17.14697
-61.84169  17.15086
-61.83859  17.15527
-61.83613  17.16026
-61.83280  17.16387
-61.82639  17.16725
       NA        NA
-61.86804  17.69225
-61.86609  17.68778
-61.86220  17.68446
-61.85944  17.68056
-61.85612  17.67666
-61.85331  17.67248
-61.84942  17.66916
-61.84724  17.66475
-61.84501  17.66028
-61.84277  17.65581
-61.84054  17.65140
-61.83916  17.64641
-61.83973  17.64000
-61.84054  17.63335
-61.84169  17.62642
-61.84335  17.62057
-61.84277  17.61473
-61.83973  17.61083
-61.83389  17.60997
-61.83057  17.61387
-61.82891  17.61971
-61.82668  17.62498
-61.82501  17.63111
-61.82364  17.63776
-61.82277  17.64446
-61.82249  17.65082
-61.82306  17.65638
-61.82364  17.66194
-61.82553  17.66664
-61.82776  17.67111
-61.83166  17.67443
-61.83641  17.67724
-61.84025  17.68056
-61.84415  17.68388
-61.84891  17.68669
-61.85360  17.68944
-61.85641  17.69334
-61.85859  17.69781
-61.85916  17.70331
-61.85887  17.70972
-61.85664  17.71471
-61.85389  17.71918
-61.85028  17.72279
-61.84558  17.72502
-61.83916  17.72474
-61.83418  17.72193
-61.82971  17.71918
-61.82668  17.71528
-61.82364  17.71139
-61.82169  17.70692
-61.81945  17.70251
-61.82083  17.69781
-61.82581  17.69637
-61.83194  17.69586
-61.83138  17.69168
-61.82639  17.68887
-61.82111  17.68669
-61.81390  17.68554
-61.80943  17.68641
-61.80748  17.69030
-61.80639  17.69557
-61.80336  17.69998
-61.79888  17.70222
-61.79304  17.70279
-61.78720  17.70056
-61.78358  17.69723
-61.78055  17.69334
-61.77751  17.68944
-61.77470  17.68554
-61.77139  17.68165
-61.76748  17.67804
-61.76525  17.67363
-61.76164  17.67031
-61.75889  17.66641
-61.75500  17.66303
-61.75110  17.65970
-61.74692  17.65638
-61.74331  17.65306
-61.74027  17.64916
-61.73804  17.64469
-61.73695  17.63971
-61.73529  17.63472
-61.73391  17.62945
-61.73167  17.62498
-61.73053  17.62000
-61.73001  17.61444
-61.72915  17.60860
-61.72944  17.60252
-61.73001  17.59611
-61.73030  17.58998
-61.73053  17.58390
-61.73139  17.57697
-61.73082  17.57141
-61.73111  17.56528
-61.73082  17.55944
-61.73082  17.55331
-61.73111  17.54723
-61.73277  17.54110
-61.73889  17.54053
-61.74279  17.54391
-61.74554  17.54775
-61.75196  17.54947
-61.75723  17.54803
-61.76141  17.54529
-61.76720  17.54471
-61.76944  17.54918
-61.77167  17.55359
-61.77390  17.55835
-61.77751  17.56224
-61.78221  17.56500
-61.78696  17.56780
-61.79137  17.57055
-61.79780  17.57221
-61.80169  17.57554
-61.80639  17.57835
-61.81109  17.58109
-61.81556  17.58390
-61.82191  17.58557
-61.82833  17.58694
-61.83469  17.58860
-61.83945  17.58665
-61.84277  17.58276
-61.84753  17.58081
-61.85302  17.58304
-61.85527  17.58751
-61.85664  17.59250
-61.85612  17.59892
-61.85584  17.60499
-61.85750  17.60997
-61.85778  17.61553
-61.85778  17.62195
-61.85750  17.62808
-61.85778  17.63364
-61.85778  17.64000
-61.85836  17.64555
-61.85887  17.65111
-61.85944  17.65695
-61.86168  17.66137
-61.86391  17.66583
-61.86580  17.67031
-61.86890  17.67414
-61.87113  17.67861
-61.87251  17.68388
-61.87389  17.68887
-61.87446  17.69443
-61.87526  17.69861
-61.87309  17.70388
-61.86804  17.70113
-61.86609  17.69666
-61.86804  17.69225
