-68.37667  12.30725
-68.36974  12.30696
-68.36389  12.30530
-68.35999  12.30249
-68.35582  12.29974
-68.35249  12.29613
-68.34917  12.29275
-68.34721  12.28777
-68.34447  12.28358
-68.34167  12.27946
-68.33913  12.27528
-68.33553  12.27167
-68.33170  12.26886
-68.32751  12.26611
-68.32333  12.26307
-68.31915  12.26027
-68.31502  12.25752
-68.30998  12.25528
-68.30528  12.25305
-68.30058  12.25081
-68.29554  12.24863
-68.29084  12.24640
-68.28586  12.24445
-68.28110  12.24193
-68.27612  12.23998
-68.27113  12.23781
-68.26666  12.23557
-68.26110  12.23391
-68.25612  12.23196
-68.24970  12.23082
-68.24334  12.23001
-68.23721  12.22915
-68.23085  12.22835
-68.22472  12.22749
-68.21859  12.22669
-68.21223  12.22583
-68.20581  12.22503
-68.19946  12.22417
-68.19527  12.22113
-68.19418  12.21558
-68.19281  12.21030
-68.19304  12.20475
-68.19614  12.20056
-68.20083  12.19862
-68.20530  12.19609
-68.20833  12.19197
-68.20891  12.18584
-68.20862  12.17971
-68.20805  12.17363
-68.20747  12.16750
-68.20638  12.16195
-68.20501  12.15639
-68.20387  12.15083
-68.20335  12.14470
-68.20249  12.13834
-68.20278  12.13169
-68.20306  12.12470
-68.20415  12.11863
-68.20559  12.11307
-68.21000  12.11055
-68.21332  12.10723
-68.21859  12.10528
-68.22306  12.10752
-68.22724  12.11026
-68.23303  12.10918
-68.23721  12.10637
-68.24030  12.10247
-68.23973  12.09640
-68.23498  12.09416
-68.23137  12.09056
-68.23085  12.08442
-68.23251  12.07887
-68.23280  12.07193
-68.22999  12.06775
-68.22724  12.06363
-68.22610  12.05836
-68.22639  12.05136
-68.22724  12.04529
-68.22890  12.03973
-68.23085  12.03498
-68.23303  12.03028
-68.23555  12.02558
-68.23887  12.02220
-68.24471  12.02111
-68.25114  12.02054
-68.25583  12.02277
-68.25916  12.02610
-68.26196  12.03028
-68.26472  12.03475
-68.26723  12.03887
-68.26998  12.04306
-68.27279  12.04724
-68.27525  12.05136
-68.27720  12.05612
-68.27863  12.06168
-68.27915  12.06775
-68.27944  12.07417
-68.28110  12.07973
-68.28196  12.08528
-68.28333  12.09056
-68.28391  12.09697
-68.28528  12.10224
-68.28780  12.10666
-68.29055  12.11084
-68.29388  12.11416
-68.29221  12.11972
-68.28889  12.12304
-68.28586  12.12694
-68.28362  12.13055
-68.28139  12.13530
-68.27915  12.14000
-68.27915  12.14665
-68.28001  12.15221
-68.28139  12.15776
-68.28333  12.16252
-68.28471  12.16808
-68.28666  12.17306
-68.28860  12.17776
-68.29141  12.18194
-68.29388  12.18612
-68.29668  12.19054
-68.29864  12.19529
-68.30196  12.19890
-68.30470  12.20303
-68.30888  12.20584
-68.31221  12.20944
-68.31720  12.21168
-68.32253  12.21305
-68.32808  12.21529
-68.33444  12.21609
-68.34167  12.21638
-68.34779  12.21724
-68.35472  12.21752
-68.36115  12.21695
-68.36750  12.21638
-68.37444  12.21666
-68.38137  12.21666
-68.38835  12.21695
-68.39415  12.21861
-68.39890  12.22085
-68.40222  12.22417
-68.40360  12.22973
-68.40474  12.23528
-68.40836  12.23861
-68.41167  12.24222
-68.41443  12.24640
-68.41695  12.25058
-68.41608  12.25694
-68.41306  12.26084
-68.41030  12.26502
-68.40720  12.26886
-68.40583  12.27442
-68.40641  12.28055
-68.40612  12.28748
-68.40446  12.29275
-68.40222  12.29751
-68.39948  12.30169
-68.39500  12.30415
-68.39002  12.30610
-68.38418  12.30748
-68.37667  12.30725
