-62.95969  17.49945
-62.95443  17.49722
-62.94807  17.49555
-62.94251  17.49360
-62.93861  17.49028
-62.93637  17.48581
-62.93804  17.47974
-62.94027  17.47447
-62.94388  17.47086
-62.94778  17.46776
-62.95196  17.46501
-62.95666  17.46278
-62.96113  17.46083
-62.96669  17.45946
-62.97196  17.45808
-62.97665  17.46083
-62.97947  17.46473
-62.98084  17.46971
-62.98307  17.47418
-62.98473  17.47917
-62.98697  17.48363
-62.99081  17.48696
-62.99528  17.48971
-62.99751  17.49418
-62.99694  17.49973
-62.99471  17.50501
-62.99694  17.50942
-62.99802  17.51446
-62.99665  17.52053
-62.99109  17.52197
-62.98582  17.51973
-62.98193  17.51641
-62.97803  17.51303
-62.97333  17.51028
-62.96886  17.50753
-62.96307  17.50558
-62.95969  17.49945
