-62.86917  17.92974
-62.86333  17.93026
-62.86081  17.92722
-62.85445  17.92556
-62.84997  17.92498
-62.84723  17.92109
-62.84499  17.91668
-62.84001  17.91387
-62.83359  17.91358
-62.82723  17.91335
-62.82058  17.91307
-62.81749  17.91748
-62.81164  17.91805
-62.80723  17.91553
-62.80247  17.91278
-62.79641  17.91335
-62.79084  17.91249
-62.78947  17.90751
-62.79084  17.90275
-62.79526  17.90058
-62.80082  17.89943
-62.80442  17.89553
-62.80780  17.89192
-62.81142  17.88832
-62.81778  17.88832
-62.82248  17.88637
-62.82586  17.88276
-62.83083  17.88058
-62.83553  17.87835
-62.84109  17.87915
-62.84499  17.88247
-62.84637  17.88751
-62.84780  17.89278
-62.84917  17.89777
-62.85170  17.90224
-62.85530  17.90556
-62.86000  17.90831
-62.86556  17.91026
-62.86997  17.91307
-62.87249  17.91748
-62.87307  17.92332
-62.86917  17.92974
