-89.14169  17.81887
-89.14169  17.82220
-89.14169  17.82586
-89.14192  17.82919
-89.14192  17.83251
-89.14192  17.83612
-89.14220  17.83944
-89.14220  17.84276
-89.14220  17.84637
-89.14192  17.84970
-89.14192  17.85308
-89.14220  17.85640
-89.14220  17.86001
-89.14220  17.86333
-89.14220  17.86666
-89.14220  17.87027
-89.14220  17.87359
-89.14220  17.87697
-89.14220  17.88058
-89.14220  17.88390
-89.14220  17.88723
-89.14220  17.89084
-89.14249  17.89416
-89.14249  17.89748
-89.14249  17.90109
-89.14220  17.90442
-89.14220  17.90780
-89.14249  17.91141
-89.14249  17.91473
-89.14249  17.91805
-89.14278  17.92138
-89.14278  17.92498
-89.14278  17.92831
-89.14249  17.93169
-89.14249  17.93530
-89.14278  17.93862
-89.14278  17.94194
-89.14278  17.94555
-89.14278  17.94888
-89.14307  17.95220
-89.14336  17.95581
       NA        NA
-89.14169  17.81887
-89.14169  17.81555
-89.14140  17.81194
-89.14140  17.80862
-89.14140  17.80529
-89.14192  17.80168
-89.14169  17.79836
-89.14140  17.79498
-89.14140  17.79137
-89.14169  17.78805
-89.14192  17.78473
-89.14169  17.78111
-89.14140  17.77779
-89.14169  17.77447
-89.14169  17.77086
-89.14169  17.76748
-89.14169  17.76416
-89.14192  17.76055
-89.14169  17.75722
-89.14169  17.75390
-89.14169  17.75058
-89.14192  17.74697
-89.14192  17.74359
-89.14169  17.74026
-89.14169  17.73665
-89.14192  17.73333
-89.14192  17.73001
-89.14192  17.72640
-89.14169  17.72307
-89.14220  17.71946
-89.14192  17.71609
-89.14192  17.71276
-89.14192  17.70915
-89.14220  17.70583
-89.14220  17.70251
-89.14192  17.69889
-89.14192  17.69557
-89.14220  17.69225
-89.14220  17.68887
-89.14220  17.68526
-89.14192  17.68194
-89.14192  17.67861
-89.14220  17.67500
-89.14220  17.67168
-89.14220  17.66836
-89.14192  17.66475
-89.14220  17.66137
-89.14220  17.65804
-89.14220  17.65443
-89.14220  17.65111
-89.14220  17.64779
-89.14220  17.64418
-89.14220  17.64086
-89.14220  17.63747
-89.14220  17.63387
-89.14220  17.63054
-89.14220  17.62722
-89.14220  17.62361
-89.14220  17.62029
-89.14220  17.61696
-89.14220  17.61335
-89.14220  17.60997
-89.14249  17.60665
-89.14220  17.60304
-89.14220  17.59972
-89.14220  17.59639
-89.14249  17.59278
-89.14249  17.58946
-89.14220  17.58614
-89.14220  17.58253
-89.14249  17.57915
-89.14249  17.57582
-89.14249  17.57221
-89.14220  17.56889
-89.14278  17.56557
-89.14249  17.56224
-89.14249  17.55864
-89.14249  17.55525
-89.14278  17.55193
-89.14278  17.54832
-89.14249  17.54500
-89.14249  17.54168
-89.14249  17.53807
-89.14278  17.53474
-89.14278  17.53136
-89.14249  17.52775
-89.14249  17.52443
-89.14278  17.52111
-89.14278  17.51750
-89.14278  17.51417
-89.14249  17.51085
-89.14278  17.50724
-89.14278  17.50386
-89.14278  17.50025
-89.14249  17.49693
-89.14307  17.49360
-89.14278  17.49000
-89.14278  17.48667
-89.14278  17.48335
-89.14307  17.47974
-89.14307  17.47642
-89.14278  17.47304
-89.14278  17.46943
-89.14307  17.46610
-89.14307  17.46278
-89.14278  17.45917
-89.14278  17.45585
-89.14307  17.45252
-89.14307  17.44914
-89.14307  17.44553
-89.14278  17.44221
-89.14336  17.43889
-89.14307  17.43528
-89.14307  17.43195
-89.14307  17.42863
-89.14336  17.42502
-89.14336  17.42164
-89.14307  17.41832
-89.14307  17.41471
-89.14307  17.41138
-89.14336  17.40806
-89.14336  17.40445
-89.14307  17.40113
-89.14307  17.39781
-89.14336  17.39414
-89.14336  17.39082
-89.14336  17.38749
-89.14307  17.38388
-89.14336  17.38056
-89.14336  17.37724
-89.14336  17.37363
-89.14336  17.37030
-89.14358  17.36670
-89.14336  17.36331
-89.14336  17.35999
-89.14336  17.35667
-89.14358  17.35306
-89.14358  17.34974
-89.14336  17.34641
-89.14336  17.34280
-89.14358  17.33942
-89.14358  17.33610
-89.14358  17.33249
-89.14336  17.32917
-89.14387  17.32584
-89.14358  17.32223
-89.14358  17.31891
-89.14358  17.31553
-89.14387  17.31192
-89.14387  17.30860
-89.14358  17.30527
-89.14358  17.30166
-89.14387  17.29834
-89.14387  17.29502
-89.14387  17.29141
-89.14358  17.28803
-89.14387  17.28470
-89.14387  17.28109
-89.14387  17.27777
-89.14387  17.27445
-89.14358  17.27084
-89.14387  17.26752
-89.14387  17.26419
-89.14387  17.26058
-89.14387  17.25720
-89.14415  17.25388
-89.14387  17.25027
-89.14387  17.24695
-89.14387  17.24334
-89.14415  17.24001
-89.14415  17.23669
-89.14387  17.23331
-89.14387  17.22970
-89.14415  17.22638
-89.14415  17.22305
-89.14415  17.21944
-89.14387  17.21612
-89.14415  17.21280
-89.14415  17.20919
-89.14415  17.20581
-89.14415  17.20249
-89.14415  17.19888
-89.14415  17.19555
-89.14415  17.19223
-89.14415  17.18862
-89.14415  17.18530
-89.14415  17.18192
-89.14415  17.17831
-89.14415  17.17498
-89.14415  17.17166
-89.14415  17.16805
-89.14415  17.16473
-89.14415  17.16140
-89.14444  17.15779
-89.14415  17.15447
-89.14415  17.15086
-89.14415  17.14748
-89.14415  17.14416
-89.14444  17.14055
-89.14415  17.13722
-89.14415  17.13390
-89.14415  17.13058
-89.14444  17.12697
-89.14444  17.12359
-89.14415  17.12027
-89.14415  17.11666
-89.14444  17.11333
-89.14444  17.11001
-89.14444  17.10640
-89.14415  17.10308
-89.14473  17.09970
-89.14444  17.09609
-89.14444  17.09276
-89.14444  17.08944
-89.14473  17.08583
-89.14473  17.08251
-89.14444  17.07890
-89.14444  17.07557
-89.14473  17.07220
-89.14473  17.06858
-89.14473  17.06526
-89.14444  17.06194
-89.14473  17.05833
-89.14473  17.05501
-89.14473  17.05168
-89.14473  17.04807
-89.14501  17.04475
-89.14473  17.04137
-89.14473  17.03776
-89.14473  17.03444
-89.14501  17.03111
-89.14501  17.02750
-89.14473  17.02418
-89.14473  17.02086
-89.14501  17.01725
-89.14501  17.01387
-89.14530  17.01054
-89.14553  17.00693
-89.14582  17.00361
-89.14610  17.00029
-89.14610  16.99668
-89.14639  16.99335
-89.14668  16.98997
-89.14696  16.98636
-89.14725  16.98304
-89.14748  16.97972
-89.14748  16.97611
-89.14777  16.97279
-89.14806  16.96918
-89.14806  16.96585
-89.14834  16.96247
-89.14891  16.95886
-89.14863  16.95554
-89.14891  16.95222
-89.14942  16.94861
-89.14971  16.94528
-89.15000  16.94196
-89.15000  16.93835
-89.15028  16.93497
-89.15028  16.93136
-89.15057  16.92804
-89.15108  16.92472
-89.15137  16.92111
-89.15108  16.91778
-89.15166  16.91446
-89.15195  16.91113
-89.15223  16.90753
-89.15223  16.90415
-89.15252  16.90054
-89.15252  16.89721
-89.15281  16.89389
-89.15303  16.89028
-89.15332  16.88696
-89.15360  16.88363
-89.15418  16.88002
-89.15389  16.87664
-89.15418  16.87332
-89.15446  16.86971
-89.15470  16.86639
-89.15498  16.86278
-89.15498  16.85946
-89.15527  16.85613
-89.15556  16.85252
-89.15585  16.84914
-89.15641  16.84582
-89.15641  16.84221
-89.15641  16.83889
-89.15665  16.83556
-89.15693  16.83195
-89.15722  16.82863
-89.15751  16.82502
-89.15779  16.82164
-89.15779  16.81832
-89.15808  16.81499
-89.15830  16.81138
-89.15830  16.80806
-89.15888  16.80445
-89.15916  16.80113
-89.15888  16.79781
-89.15945  16.79420
-89.15974  16.79082
-89.16003  16.78749
-89.16025  16.78388
-89.16025  16.78056
-89.16025  16.77724
-89.16054  16.77363
-89.16083  16.77030
-89.16140  16.76692
-89.16168  16.76331
-89.16140  16.75999
-89.16192  16.75638
-89.16220  16.75306
-89.16220  16.74973
-89.16249  16.74612
-89.16278  16.74280
-89.16278  16.73942
-89.16306  16.73581
-89.16335  16.73249
-89.16364  16.72917
-89.16415  16.72556
-89.16444  16.72223
-89.16415  16.71891
-89.16444  16.71530
-89.16473  16.71192
-89.16501  16.70860
-89.16530  16.70499
-89.16530  16.70166
-89.16559  16.69805
-89.16581  16.69473
-89.16610  16.69141
-89.16638  16.68780
-89.16667  16.68442
-89.16638  16.68109
-89.16696  16.67748
-89.16724  16.67416
-89.16753  16.67084
-89.16776  16.66723
-89.16805  16.66390
-89.16805  16.66030
-89.16833  16.65697
-89.16833  16.65359
-89.16862  16.64998
-89.16919  16.64666
-89.16943  16.64334
-89.16943  16.63972
-89.16971  16.63640
-89.17000  16.63308
-89.17028  16.62947
-89.17028  16.62609
-89.17028  16.62248
-89.17056  16.61916
-89.17085  16.61583
-89.17113  16.61251
-89.17137  16.60890
-89.17194  16.60558
-89.17166  16.60197
-89.17194  16.59859
-89.17252  16.59526
-89.17252  16.59165
-89.17281  16.58833
-89.17303  16.58501
-89.17303  16.58140
-89.17332  16.57808
-89.17361  16.57470
-89.17418  16.57108
-89.17446  16.56776
-89.17446  16.56415
-89.17446  16.56083
-89.17469  16.55750
-89.17498  16.55390
-89.17526  16.55057
-89.17555  16.54725
-89.17555  16.54358
-89.17583  16.54026
-89.17612  16.53665
-89.17641  16.53333
-89.17641  16.53000
-89.17693  16.52639
-89.17664  16.52307
-89.17721  16.51975
-89.17750  16.51614
-89.17779  16.51276
-89.17807  16.50943
-89.17836  16.50583
-89.17836  16.50250
-89.17836  16.49918
-89.17859  16.49557
-89.17888  16.49225
-89.17945  16.48886
-89.17974  16.48526
-89.17945  16.48193
-89.18002  16.47832
-89.18025  16.47500
-89.18053  16.47168
-89.18053  16.46807
-89.18053  16.46474
-89.18082  16.46136
-89.18111  16.45775
-89.18140  16.45443
-89.18197  16.45111
-89.18220  16.44750
-89.18197  16.44418
-89.18248  16.44057
-89.18248  16.43724
-89.18277  16.43386
-89.18306  16.43025
-89.18334  16.42693
-89.18334  16.42361
-89.18363  16.42000
-89.18391  16.41667
-89.18415  16.41306
-89.18443  16.40974
-89.18472  16.40642
-89.18443  16.40304
-89.18501  16.39943
-89.18529  16.39610
-89.18558  16.39249
-89.18581  16.38917
-89.18581  16.38585
-89.18610  16.38224
-89.18639  16.37892
-89.18639  16.37554
-89.18667  16.37193
-89.18724  16.36860
-89.18696  16.36528
-89.18724  16.36167
-89.18776  16.35835
-89.18804  16.35474
-89.18833  16.35141
-89.18861  16.34803
-89.18861  16.34442
-89.18861  16.34110
-89.18890  16.33778
-89.18919  16.33417
-89.18970  16.33084
-89.18999  16.32723
-89.18970  16.32391
-89.19028  16.32053
-89.19057  16.31692
-89.19057  16.31360
-89.19085  16.31027
-89.19085  16.30667
-89.19114  16.30334
-89.19136  16.30002
-89.19165  16.29641
-89.19193  16.29303
-89.19251  16.28971
-89.19222  16.28610
-89.19251  16.28277
-89.19279  16.27916
-89.19303  16.27584
-89.19331  16.27252
-89.19360  16.26891
-89.19360  16.26558
-89.19389  16.26220
-89.19418  16.25859
-89.19446  16.25527
-89.19446  16.25195
-89.19474  16.24834
-89.19474  16.24502
-89.19498  16.24141
-89.19555  16.23808
-89.19584  16.23470
-89.19612  16.23109
-89.19612  16.22777
-89.19641  16.22445
-89.19663  16.22084
-89.19663  16.21751
-89.19692  16.21390
-89.19749  16.21058
-89.19721  16.20720
-89.19749  16.20388
-89.19807  16.20027
-89.19836  16.19694
-89.19859  16.19333
-89.19859  16.19001
-89.19859  16.18669
-89.19887  16.18308
-89.19916  16.17970
-89.19944  16.17637
-89.19973  16.17276
-89.20030  16.16944
-89.20002  16.16583
-89.20030  16.16251
-89.20054  16.15919
-89.20082  16.15558
-89.20111  16.15219
-89.20111  16.14887
-89.20139  16.14526
-89.20168  16.14194
-89.20197  16.13862
-89.20225  16.13501
-89.20248  16.13168
-89.20248  16.12807
-89.20248  16.12469
-89.20277  16.12137
-89.20306  16.11776
-89.20363  16.11444
-89.20392  16.11111
-89.20392  16.10751
-89.20414  16.10418
-89.20443  16.10057
-89.20472  16.09725
-89.20472  16.09387
-89.20500  16.09026
-89.20500  16.08694
-89.20529  16.08361
-89.20557  16.08000
-89.20609  16.07668
-89.20638  16.07336
-89.20609  16.06975
-89.20667  16.06637
-89.20667  16.06304
-89.20695  16.05943
-89.20724  16.05611
-89.20752  16.05250
-89.20752  16.04918
-89.20776  16.04585
-89.20804  16.04224
-89.20861  16.03887
-89.20861  16.03554
-89.20889  16.03193
-89.20889  16.02861
-89.20918  16.02500
-89.20941  16.02168
-89.20970  16.01835
-89.20999  16.01497
-89.21027  16.01136
-89.21027  16.00804
-89.21056  16.00443
-89.21056  16.00111
-89.21085  15.99778
-89.21136  15.99417
-89.21114  15.99085
-89.21165  15.98753
-89.21194  15.98386
-89.21222  15.98054
-89.21251  15.97693
-89.21280  15.97360
-89.21280  15.97028
-89.21280  15.96667
-89.21308  15.96335
-89.21331  15.96003
-89.21359  15.95642
-89.21417  15.95304
-89.21388  15.94943
-89.21417  15.94610
-89.21474  15.94278
-89.21474  15.93917
-89.21497  15.93585
-89.21526  15.93252
-89.21526  15.92892
-89.21554  15.92553
-89.21583  15.92192
-89.21612  15.91860
-89.21640  15.91528
-89.21640  15.91167
-89.21669  15.90835
-89.21669  15.90502
-89.21721  15.90141
-89.21750  15.89803
-89.21778  15.89471
-89.21778  15.89225
-89.21778  15.88972
       NA        NA
-89.21778  15.88972
-89.21640  15.88972
-89.21331  15.89058
-89.21085  15.89167
-89.20804  15.89247
-89.20472  15.89247
-89.20082  15.89247
-89.19749  15.89247
-89.19418  15.89225
-89.19057  15.89247
-89.18833  15.89333
-89.18639  15.89528
-89.18443  15.89694
-89.18334  15.89918
-89.18197  15.90113
-89.18053  15.90336
-89.17916  15.90525
-89.17721  15.90697
-89.17526  15.90835
-89.17281  15.90943
-89.17000  15.91029
-89.16667  15.91081
-89.16386  15.91001
-89.16168  15.90863
-89.15945  15.90749
-89.15722  15.90611
-89.15527  15.90474
-89.15332  15.90307
-89.15108  15.90164
-89.14891  15.90027
-89.14610  15.89975
-89.14307  15.90027
-89.13974  15.90055
-89.13693  15.90141
-89.13390  15.90164
-89.13058  15.90221
-89.12748  15.90250
-89.12445  15.90193
-89.12192  15.90084
-89.11997  15.89975
-89.11723  15.89860
-89.11499  15.89723
-89.11224  15.89666
-89.10915  15.89694
-89.10697  15.89832
-89.10525  15.90027
-89.10387  15.90221
-89.10222  15.90445
-89.10027  15.90582
-89.09803  15.90720
-89.09528  15.90806
-89.09248  15.90863
-89.08944  15.90835
-89.08669  15.90749
-89.08474  15.90611
-89.08279  15.90445
-89.08142  15.90250
-89.07970  15.90027
-89.07751  15.89889
-89.07529  15.89803
-89.07225  15.89889
-89.06944  15.89946
-89.06721  15.90055
-89.06446  15.90164
-89.06251  15.90307
-89.06084  15.90502
-89.05947  15.90697
-89.05775  15.90886
-89.05557  15.91058
-89.05305  15.91109
-89.05002  15.91058
-89.04778  15.90915
-89.04721  15.90640
-89.04527  15.90474
-89.04251  15.90416
-89.03942  15.90388
-89.03609  15.90359
-89.03335  15.90445
-89.03030  15.90502
-89.02750  15.90582
-89.02446  15.90611
-89.02109  15.90668
-89.01776  15.90640
-89.01501  15.90582
-89.01306  15.90445
-89.01198  15.90164
-89.01112  15.89918
-89.00945  15.89723
-89.00750  15.89557
-89.00498  15.89471
-89.00195  15.89442
-88.99834  15.89442
-88.99553  15.89500
-88.99278  15.89585
-88.99026  15.89694
-88.98722  15.89780
-88.98418  15.89803
-88.98087  15.89803
-88.97777  15.89752
-88.97473  15.89694
-88.97250  15.89585
-88.97026  15.89442
-88.96780  15.89362
-88.96499  15.89247
-88.96275  15.89139
-88.96058  15.89030
-88.95805  15.88915
-88.95502  15.88864
-88.95141  15.88864
-88.94803  15.88886
-88.94499  15.88944
-88.94196  15.89001
-88.93863  15.88972
-88.93640  15.88864
-88.93330  15.88806
-88.93056  15.88749
-88.92666  15.88749
-88.92363  15.88778
-88.92081  15.88864
-88.91835  15.88972
-88.91583  15.89081
-88.91331  15.89196
-88.91142  15.89333
-88.91056  15.89362
       NA        NA
-88.29916  18.48305
-88.30053  18.48110
-88.30081  18.47806
-88.30002  18.47525
-88.29865  18.47308
-88.29669  18.47141
-88.29527  18.46947
-88.29359  18.46752
-88.29194  18.46586
-88.29057  18.46362
-88.28941  18.46139
-88.28833  18.45887
-88.28724  18.45640
-88.28776  18.45308
-88.28890  18.45085
-88.28970  18.44832
-88.29085  18.44586
-88.29194  18.44363
-88.29331  18.44139
-88.29527  18.43973
-88.29692  18.43807
-88.29865  18.43612
-88.30030  18.43446
-88.30248  18.43308
-88.30414  18.43136
-88.30609  18.42970
-88.30775  18.42776
-88.30999  18.42638
-88.31194  18.42500
-88.31417  18.42363
-88.31640  18.42220
-88.31887  18.42111
-88.32168  18.42054
-88.32471  18.41945
-88.32751  18.41859
-88.32998  18.41750
-88.33279  18.41693
-88.33554  18.41584
-88.33778  18.41475
-88.33972  18.41303
-88.34138  18.41137
-88.34276  18.40919
-88.34499  18.40776
-88.34665  18.40610
-88.34888  18.40472
-88.35056  18.40277
-88.35278  18.40169
-88.35445  18.39974
-88.35668  18.39830
-88.35915  18.39722
-88.36166  18.39613
-88.36442  18.39556
-88.36694  18.39447
-88.37003  18.39361
-88.37221  18.39281
-88.37444  18.39137
-88.37668  18.38971
-88.37834  18.38805
-88.38057  18.38667
-88.38224  18.38501
-88.38390  18.38278
-88.38527  18.38083
-88.38642  18.37888
-88.38779  18.37636
-88.38808  18.37332
-88.38721  18.37057
-88.38664  18.36748
-88.38613  18.36473
-88.38527  18.36192
-88.38447  18.35917
-88.38303  18.35723
-88.38195  18.35499
-88.38029  18.35275
-88.37862  18.35109
-88.37582  18.35058
-88.37221  18.35029
-88.36917  18.35058
-88.36665  18.35167
-88.36442  18.35304
-88.36195  18.35419
-88.35972  18.35528
-88.35748  18.35665
-88.35445  18.35751
-88.35193  18.35831
-88.34946  18.35946
-88.34694  18.36055
-88.34470  18.36192
-88.34224  18.36307
-88.33943  18.36387
-88.33698  18.36473
-88.33445  18.36582
-88.33192  18.36696
-88.32918  18.36777
-88.32609  18.36834
-88.32304  18.36891
-88.31973  18.36914
-88.31640  18.36891
-88.31503  18.36696
-88.31554  18.36416
-88.31669  18.36169
-88.31806  18.35975
-88.31973  18.35808
-88.32139  18.35585
-88.32304  18.35419
-88.32500  18.35253
-88.32609  18.35029
-88.32803  18.34863
-88.32970  18.34697
-88.33164  18.34502
-88.33336  18.34336
-88.33473  18.34141
-88.33611  18.33918
-88.33778  18.33751
-88.33943  18.33528
-88.34110  18.33362
-88.34248  18.33167
-88.34391  18.32944
-88.34528  18.32749
-88.34665  18.32525
-88.34803  18.32336
-88.34917  18.32084
-88.35056  18.31889
-88.35193  18.31666
-88.35336  18.31471
-88.35474  18.31248
-88.35610  18.31053
-88.35777  18.30835
-88.35863  18.30612
-88.35943  18.30331
-88.36001  18.30056
-88.36029  18.29752
-88.35863  18.29557
-88.35668  18.29414
-88.35336  18.29391
-88.35084  18.29471
-88.34860  18.29609
-88.34694  18.29804
-88.34557  18.29999
-88.34391  18.30222
-88.34224  18.30388
-88.34110  18.30583
-88.33972  18.30806
-88.33806  18.31001
-88.33669  18.31225
-88.33502  18.31419
-88.33360  18.31637
-88.33164  18.31803
-88.32998  18.31970
-88.32861  18.32193
-88.32695  18.32359
-88.32471  18.32502
-88.32304  18.32668
-88.32082  18.32806
-88.31915  18.33001
-88.31698  18.33138
-88.31525  18.33305
-88.31307  18.33442
-88.31084  18.33585
-88.30861  18.33723
-88.30666  18.33860
-88.30391  18.33975
-88.30196  18.34112
-88.29945  18.34221
-88.29749  18.34359
-88.29498  18.34473
-88.29279  18.34611
-88.29028  18.34720
-88.28752  18.34834
-88.28529  18.34915
-88.28277  18.35029
-88.28001  18.35138
-88.27721  18.35224
-88.27447  18.35275
-88.27137  18.35361
-88.26862  18.35442
-88.26581  18.35499
-88.26306  18.35585
-88.26003  18.35636
-88.25694  18.35723
-88.25446  18.35808
-88.25137  18.35860
-88.24862  18.35946
-88.24552  18.35997
-88.24249  18.36055
-88.23917  18.36083
-88.23613  18.36141
-88.23252  18.36141
-88.22891  18.36141
-88.22501  18.36141
-88.22307  18.36026
-88.22278  18.35723
-88.22278  18.35390
-88.22169  18.35167
-88.21997  18.35000
-88.21664  18.35029
-88.21390  18.35109
-88.21138  18.35224
-88.20863  18.35304
-88.20582  18.35253
-88.20473  18.34972
-88.20359  18.34748
-88.20249  18.34502
-88.20112  18.34307
-88.19975  18.34112
-88.19752  18.33975
-88.19528  18.33832
-88.19247  18.33751
-88.18972  18.33665
-88.18697  18.33614
-88.18336  18.33614
-88.18056  18.33694
-88.17804  18.33803
-88.17500  18.33860
-88.17248  18.33975
-88.17030  18.34084
-88.16806  18.34221
-88.16554  18.34336
-88.16279  18.34445
-88.16113  18.34611
-88.15861  18.34720
-88.15638  18.34834
-88.15363  18.34915
-88.15111  18.35029
-88.14887  18.35167
-88.14641  18.35275
-88.14417  18.35419
-88.14194  18.35528
-88.13970  18.35665
-88.13724  18.35780
-88.13500  18.35917
-88.13248  18.36026
-88.13031  18.36169
-88.12807  18.36278
-88.12555  18.36358
-88.12302  18.36473
-88.12086  18.36611
-88.11805  18.36719
-88.11581  18.36834
-88.11335  18.36943
-88.11082  18.37057
-88.10831  18.37166
-88.10555  18.37224
-88.10280  18.37332
-88.09999  18.37418
-88.09667  18.37447
-88.09364  18.37418
-88.09140  18.37275
-88.09083  18.36971
-88.09054  18.36668
-88.09083  18.36358
-88.09112  18.36055
-88.09169  18.35751
-88.09169  18.35442
-88.09249  18.35167
-88.09364  18.34915
-88.09501  18.34720
-88.09667  18.34525
-88.09834  18.34359
-88.09999  18.34193
-88.10223  18.34055
-88.10447  18.33918
-88.10664  18.33780
-88.10916  18.33665
-88.11169  18.33557
-88.11392  18.33442
-88.11667  18.33333
-88.11919  18.33247
-88.12137  18.33081
-88.12360  18.32944
-88.12555  18.32806
-88.12778  18.32668
-88.13002  18.32525
-88.13197  18.32388
-88.13415  18.32250
-88.13609  18.32084
-88.13804  18.31947
-88.13970  18.31780
-88.14114  18.31557
-88.14251  18.31362
-88.14331  18.31082
-88.14280  18.30778
-88.14194  18.30526
-88.13999  18.30360
-88.13696  18.30308
-88.13443  18.30417
-88.13277  18.30583
-88.13082  18.30749
-88.12973  18.30972
-88.12778  18.31139
-88.12612  18.31305
-88.12418  18.31471
-88.12280  18.31695
-88.12057  18.31832
-88.11890  18.31998
-88.11667  18.32141
-88.11443  18.32279
-88.11249  18.32417
-88.11025  18.32554
-88.10779  18.32668
-88.10584  18.32806
-88.10332  18.32915
-88.10057  18.33030
-88.09753  18.33058
-88.09386  18.33081
-88.09140  18.32972
-88.08974  18.32806
-88.08831  18.32554
-88.08779  18.32279
-88.08722  18.31970
-88.08722  18.31723
-88.08779  18.31442
-88.08859  18.31167
-88.08916  18.30887
-88.08974  18.30612
-88.09054  18.30331
-88.09083  18.30027
-88.09112  18.29724
-88.09026  18.29443
-88.08945  18.29225
-88.08807  18.28973
-88.08665  18.28778
-88.08556  18.28526
-88.08470  18.28251
-88.08418  18.27942
-88.08332  18.27724
-88.08252  18.27443
-88.08195  18.27139
-88.08195  18.26807
-88.08195  18.26446
-88.08167  18.26108
-88.08224  18.25805
-88.08195  18.25472
-88.08281  18.25197
-88.08281  18.24830
-88.08304  18.24527
-88.08304  18.24195
-88.08224  18.23919
-88.08167  18.23639
-88.08109  18.23335
-88.08029  18.23054
-88.07971  18.22808
-88.07919  18.22499
-88.07834  18.22223
-88.07834  18.21891
-88.07776  18.21553
-88.07805  18.21249
-88.07862  18.20946
-88.07891  18.20636
-88.07971  18.20361
-88.08000  18.20081
-88.08086  18.19806
-88.08167  18.19554
-88.08224  18.19278
-88.08332  18.19026
-88.08361  18.18751
-88.08447  18.18471
-88.08527  18.18196
-88.08556  18.17886
-88.08584  18.17583
-88.08613  18.17279
-88.08636  18.16969
-88.08665  18.16666
-88.08665  18.16305
-88.08665  18.15973
-88.08665  18.15640
-88.08584  18.15359
-88.08498  18.15084
-88.08470  18.14775
-88.08418  18.14471
-88.08361  18.14168
-88.08418  18.13858
-88.08389  18.13526
-88.08447  18.13222
-88.08498  18.12942
-88.08556  18.12638
-88.08636  18.12391
-88.08722  18.12111
-88.08807  18.11859
-88.08916  18.11641
-88.08997  18.11389
-88.09140  18.11137
-88.09277  18.10942
-88.09386  18.10696
-88.09473  18.10443
-88.09610  18.10249
-88.09725  18.10002
-88.09805  18.09779
-88.09942  18.09527
-88.10028  18.09280
-88.10166  18.09086
-88.10280  18.08834
-88.10418  18.08639
-88.10527  18.08386
-88.10612  18.08140
-88.10722  18.07917
-88.10831  18.07665
-88.10887  18.07390
-88.10973  18.07109
-88.11025  18.06834
-88.11082  18.06553
-88.11169  18.06307
-88.11220  18.06026
-88.11249  18.05694
-88.11335  18.05447
-88.11392  18.05167
-88.11472  18.04891
-88.11581  18.04639
-88.11667  18.04387
-88.11776  18.04164
-88.11890  18.03918
-88.12000  18.03723
-88.12137  18.03471
-88.12194  18.03196
-88.12302  18.02944
-88.12418  18.02749
-88.12584  18.02525
-88.12721  18.02330
-88.12859  18.02113
-88.13002  18.01918
-88.13110  18.01666
-88.13197  18.01442
-88.13305  18.01196
-88.13415  18.00944
-88.13529  18.00692
-88.13609  18.00474
-88.13724  18.00222
-88.13861  18.00027
-88.13970  17.99775
-88.14056  17.99529
-88.14194  17.99305
-88.14223  17.99030
-88.14280  17.98721
-88.14331  17.98446
-88.14417  17.98165
-88.14474  17.97890
-88.14555  17.97609
-88.14612  17.97334
-88.14749  17.97139
-88.14835  17.96887
-88.15030  17.96721
-88.15168  17.96498
-88.15305  17.96303
-88.15443  17.96085
-88.15609  17.95890
-88.15775  17.95724
-88.15947  17.95529
-88.16084  17.95334
-88.16251  17.95168
-88.16417  17.94945
-88.16583  17.94779
-88.16669  17.94527
-88.16864  17.94361
-88.17030  17.94194
-88.17224  17.94028
-88.17391  17.93833
-88.17586  17.93667
-88.17751  17.93501
-88.17918  17.93335
-88.18084  17.93140
-88.18250  17.92945
-88.18417  17.92779
-88.18553  17.92556
-88.18720  17.92390
-88.18863  17.92138
-88.18972  17.91943
-88.19052  17.91668
-88.19138  17.91416
-88.19225  17.91141
-88.19304  17.90888
-88.19390  17.90636
-88.19471  17.90390
-88.19637  17.90166
-88.19780  17.89972
-88.19860  17.89720
-88.20026  17.89531
-88.20112  17.89278
-88.20222  17.89026
-88.20278  17.88751
-88.20307  17.88442
-88.20359  17.88138
-88.20335  17.87806
-88.20335  17.87474
-88.20335  17.87113
-88.20335  17.86780
-88.20359  17.86471
-88.20387  17.86167
-88.20416  17.85864
-88.20473  17.85554
-88.20502  17.85222
-88.20554  17.84918
-88.20525  17.84586
-88.20582  17.84276
-88.20611  17.83973
-88.20640  17.83669
-88.20640  17.83308
-88.20668  17.82999
-88.20697  17.82695
-88.20748  17.82414
-88.20834  17.82139
-88.20863  17.81836
-88.20863  17.81498
-88.20863  17.81165
-88.20863  17.80890
-88.20943  17.80638
-88.20972  17.80444
-88.20834  17.80054
-88.20886  17.79779
-88.20914  17.79469
-88.20914  17.79137
-88.20972  17.78862
-88.21029  17.78553
-88.21057  17.78278
-88.21138  17.78003
-88.21224  17.77722
-88.21224  17.77390
-88.21275  17.77109
-88.21333  17.76834
-88.21448  17.76582
-88.21556  17.76358
-88.21613  17.76083
-88.21722  17.75831
-88.21832  17.75585
-88.21918  17.75361
-88.21997  17.75081
-88.22083  17.74834
-88.22169  17.74553
-88.22250  17.74278
-88.22278  17.74026
-88.22335  17.73694
-88.22387  17.73442
-88.22387  17.73081
-88.22415  17.72777
-88.22472  17.72474
-88.22472  17.72164
-88.22553  17.71889
-88.22582  17.71585
-88.22696  17.71333
-88.22748  17.71058
-88.22863  17.70806
-88.22942  17.70583
-88.23086  17.70331
-88.23166  17.70113
-88.23281  17.69861
-88.23360  17.69609
-88.23499  17.69414
-88.23613  17.69168
-88.23750  17.68944
-88.23888  17.68749
-88.24026  17.68526
-88.24140  17.68308
-88.24306  17.68085
-88.24387  17.67861
-88.24501  17.67609
-88.24638  17.67414
-88.24747  17.67197
-88.24891  17.67002
-88.25057  17.66778
-88.25195  17.66583
-88.25332  17.66360
-88.25470  17.66165
-88.25613  17.65942
-88.25751  17.65753
-88.25916  17.65558
-88.26140  17.65415
-88.26334  17.65277
-88.26581  17.65197
-88.26775  17.65082
-88.26999  17.64945
-88.27193  17.64807
-88.27418  17.64664
-88.27584  17.64469
-88.27779  17.64303
-88.27916  17.64108
-88.28001  17.63862
-88.28139  17.63610
-88.28139  17.63306
-88.28168  17.63003
-88.28197  17.62693
-88.28249  17.62390
-88.28220  17.62029
-88.28197  17.61725
-88.28197  17.61387
-88.28139  17.61083
-88.28139  17.60751
-88.28168  17.60447
-88.28168  17.60086
-88.28139  17.59748
-88.28139  17.59445
-88.28082  17.59141
-88.28030  17.58831
-88.28001  17.58528
-88.27944  17.58195
-88.27887  17.57943
-88.27750  17.57697
-88.27663  17.57474
-88.27526  17.57250
-88.27361  17.57055
-88.27222  17.56860
-88.27056  17.56637
-88.26891  17.56471
-88.26696  17.56305
-88.26501  17.56139
-88.26306  17.55972
-88.26083  17.55864
-88.25859  17.55749
-88.25613  17.55640
-88.25303  17.55583
-88.25028  17.55525
-88.24696  17.55503
-88.24473  17.55388
-88.24192  17.55279
-88.23946  17.55193
-88.23693  17.55084
-88.23499  17.54947
-88.23281  17.54803
-88.23137  17.54586
-88.23000  17.54391
-88.22891  17.54139
-88.22777  17.53916
-88.22668  17.53669
-88.22582  17.53388
-88.22472  17.53165
-88.22307  17.52947
-88.22192  17.52752
-88.21997  17.52580
-88.21780  17.52443
-88.21527  17.52363
-88.21275  17.52248
-88.20943  17.52219
-88.20640  17.52197
-88.20335  17.52139
-88.20026  17.52111
-88.19695  17.52082
-88.19362  17.52053
-88.19052  17.52030
-88.18806  17.51916
-88.18502  17.51859
-88.18250  17.51750
-88.17999  17.51670
-88.17918  17.51612
-88.17694  17.51498
-88.17471  17.51360
-88.17305  17.51194
-88.17167  17.50971
-88.17030  17.50776
-88.16886  17.50558
-88.16864  17.50249
-88.16886  17.49916
-88.17001  17.49693
-88.17139  17.49475
-88.17305  17.49303
-88.17529  17.49166
-88.17723  17.49028
-88.18027  17.48942
-88.18250  17.48833
-88.18553  17.48776
-88.18863  17.48724
-88.19247  17.48724
-88.19614  17.48724
-88.19917  17.48747
-88.20222  17.48805
-88.20502  17.48891
-88.20748  17.48971
-88.21000  17.49085
-88.21275  17.49166
-88.21499  17.49280
-88.21808  17.49332
-88.22112  17.49360
-88.22472  17.49360
-88.22805  17.49303
-88.23058  17.49223
-88.23281  17.49108
-88.23499  17.48971
-88.23693  17.48805
-88.23888  17.48639
-88.24083  17.48472
-88.24278  17.48306
-88.24364  17.48054
-88.24501  17.47859
-88.24552  17.47584
-88.24638  17.47304
-88.24725  17.47057
-88.24805  17.46776
-88.24891  17.46530
-88.24891  17.46192
-88.24971  17.45917
-88.25028  17.45636
-88.25137  17.45419
-88.25195  17.45138
-88.25281  17.44863
-88.25389  17.44611
-88.25446  17.44336
-88.25497  17.44084
-88.25584  17.43803
-88.25694  17.43556
-88.25751  17.43276
-88.25807  17.43001
-88.25916  17.42749
-88.25974  17.42502
-88.26054  17.42221
-88.26083  17.41918
-88.26140  17.41637
-88.26220  17.41362
-88.26306  17.41081
-88.26334  17.40806
-88.26363  17.40503
-88.26443  17.40222
-88.26501  17.39918
-88.26501  17.39609
-88.26581  17.39334
-88.26639  17.39053
-88.26724  17.38778
-88.26775  17.38497
-88.26862  17.38222
-88.26919  17.37947
-88.26971  17.37666
-88.27056  17.37391
-88.27114  17.37139
-88.27166  17.36859
-88.27251  17.36584
-88.27332  17.36331
-88.27418  17.36056
-88.27498  17.35776
-88.27526  17.35501
-88.27612  17.35249
-88.27692  17.34945
-88.27750  17.34693
-88.27807  17.34418
-88.27887  17.34137
-88.28001  17.33891
-88.28111  17.33667
-88.28139  17.33364
-88.28277  17.33140
-88.28334  17.32859
-88.28392  17.32584
-88.28500  17.32332
-88.28529  17.32029
-88.28587  17.31748
-88.28667  17.31473
-88.28695  17.31169
-88.28752  17.30888
-88.28833  17.30636
-88.28890  17.30361
-88.28941  17.30080
-88.29028  17.29805
-88.29114  17.29530
-88.29136  17.29250
-88.29222  17.28975
-88.29302  17.28694
-88.29359  17.28419
-88.29417  17.28138
-88.29475  17.27835
-88.29498  17.27525
-88.29527  17.27221
-88.29584  17.26946
-88.29612  17.26637
-88.29640  17.26333
-88.29692  17.26030
-88.29669  17.25669
-88.29721  17.25359
-88.29749  17.25056
-88.29749  17.24752
-88.29778  17.24443
-88.29836  17.24139
-88.29865  17.23835
-88.29865  17.23474
-88.29887  17.23165
-88.29887  17.22832
-88.29887  17.22500
-88.29916  17.22197
-88.29887  17.21836
-88.29945  17.21498
-88.29916  17.21137
-88.29945  17.20833
-88.29945  17.20501
-88.29945  17.20168
-88.29945  17.19859
-88.29945  17.19498
-88.29945  17.19166
-88.29973  17.18862
-88.29945  17.18558
-88.29916  17.18249
-88.29807  17.17974
-88.29749  17.17693
-88.29669  17.17418
-88.29555  17.17195
-88.29498  17.16914
-88.29388  17.16639
-88.29302  17.16387
-88.29251  17.16083
-88.29136  17.15860
-88.29114  17.15556
-88.29057  17.15252
-88.29028  17.14943
-88.28999  17.14582
-88.28999  17.14250
-88.28999  17.13917
-88.29028  17.13585
-88.29057  17.13276
-88.29057  17.12943
-88.28999  17.12640
-88.28941  17.12359
-88.28862  17.12084
-88.28776  17.11803
-88.28667  17.11585
-88.28587  17.11305
-88.28529  17.11030
-88.28414  17.10806
-88.28334  17.10526
-88.28220  17.10279
-88.28111  17.10056
-88.28001  17.09781
-88.27887  17.09528
-88.27779  17.09305
-88.27663  17.09053
-88.27526  17.08864
-88.27361  17.08669
-88.27166  17.08474
-88.27028  17.08279
-88.26804  17.08136
-88.26610  17.08027
-88.26334  17.07919
-88.26111  17.07804
-88.25859  17.07724
-88.25584  17.07609
-88.25303  17.07557
-88.25028  17.07500
-88.24725  17.07414
-88.24473  17.07334
-88.24220  17.07220
-88.23997  17.07082
-88.23779  17.06973
-88.23556  17.06836
-88.23418  17.06641
-88.23281  17.06417
-88.23166  17.06194
-88.23058  17.05942
-88.22942  17.05695
-88.22891  17.05443
-88.22863  17.05082
-88.22863  17.04750
-88.22891  17.04446
-88.22942  17.04165
-88.22942  17.03833
-88.22971  17.03530
-88.22971  17.03169
-88.22914  17.02859
-88.22891  17.02556
-88.22863  17.02252
-88.22805  17.01942
-88.22748  17.01639
-88.22720  17.01335
-88.22668  17.01054
-88.22553  17.00779
-88.22472  17.00556
-88.22335  17.00304
-88.22250  17.00057
-88.22141  16.99805
-88.21997  16.99553
-88.21860  16.99358
-88.21722  16.99141
-88.21585  16.98946
-88.21470  16.98722
-88.21333  16.98470
-88.21195  16.98276
-88.21081  16.98029
-88.21029  16.97748
-88.20943  16.97474
-88.20863  16.97221
-88.20863  16.96860
-88.20943  16.96637
-88.21081  16.96419
-88.21252  16.96224
-88.21362  16.96001
-88.21499  16.95806
-88.21642  16.95554
-88.21808  16.95388
-88.21974  16.95193
-88.22192  16.95056
-88.22387  16.94918
-88.22639  16.94803
-88.22891  16.94723
-88.23166  16.94637
-88.23499  16.94609
-88.23779  16.94528
-88.24083  16.94443
-88.24220  16.94391
-88.24416  16.94248
-88.24638  16.94110
-88.24862  16.93973
-88.25085  16.93806
-88.25281  16.93669
-88.25446  16.93497
-88.25665  16.93360
-88.25807  16.93165
-88.25974  16.92970
-88.26140  16.92804
-88.26306  16.92638
-88.26443  16.92391
-88.26581  16.92196
-88.26639  16.91916
-88.26724  16.91669
-88.26862  16.91417
-88.26942  16.91194
-88.27114  16.90970
-88.27222  16.90776
-88.27361  16.90558
-88.27526  16.90363
-88.27612  16.90111
-88.27692  16.89836
-88.27721  16.89555
-88.27807  16.89280
-88.27887  16.88999
-88.27916  16.88696
-88.27916  16.88363
-88.27859  16.88054
-88.27779  16.87779
-88.27721  16.87498
-88.27584  16.87280
-88.27498  16.87028
-88.27361  16.86805
-88.27280  16.86553
-88.27137  16.86306
-88.27056  16.86083
-88.26919  16.85831
-88.26804  16.85613
-88.26667  16.85390
-88.26558  16.85166
-88.26443  16.84914
-88.26363  16.84639
-88.26277  16.84416
-88.26140  16.84169
-88.26025  16.83946
-88.25916  16.83694
-88.25807  16.83470
-88.25694  16.83224
-88.25555  16.83029
-88.25446  16.82777
-88.25332  16.82525
-88.25166  16.82336
-88.25085  16.82112
-88.24971  16.81860
-88.24891  16.81585
-88.24943  16.81305
-88.25114  16.81110
-88.25303  16.80972
-88.25555  16.80863
-88.25888  16.80806
-88.26169  16.80749
-88.26501  16.80697
-88.26753  16.80640
-88.26999  16.80525
-88.27280  16.80416
-88.27526  16.80308
-88.27750  16.80193
-88.27973  16.80055
-88.28139  16.79889
-88.28334  16.79723
-88.28500  16.79528
-88.28695  16.79362
-88.28804  16.79167
-88.28941  16.78915
-88.29057  16.78720
-88.29194  16.78503
-88.29331  16.78308
-88.29527  16.78113
-88.29669  16.77918
-88.29778  16.77695
-88.29945  16.77500
-88.30030  16.77248
-88.30139  16.77002
-88.30196  16.76749
-88.30277  16.76475
-88.30305  16.76165
-88.30305  16.75804
-88.30248  16.75500
-88.30225  16.75500
-88.30167  16.75197
-88.30139  16.74887
-88.30110  16.74584
-88.30030  16.74303
-88.30002  16.73971
-88.29973  16.73667
-88.29916  16.73386
-88.29807  16.73111
-88.29778  16.72808
-88.29749  16.72498
-88.29692  16.72194
-88.29692  16.71834
-88.29721  16.71530
-88.29749  16.71220
-88.29865  16.70974
-88.29945  16.70751
-88.30053  16.70499
-88.30196  16.70275
-88.30305  16.70057
-88.30391  16.69805
-88.30472  16.69530
-88.30472  16.69192
-88.30391  16.68917
-88.30334  16.68636
-88.30248  16.68361
-88.30196  16.68058
-88.30139  16.67748
-88.30139  16.67416
-88.30110  16.67112
-88.30081  16.66803
-88.30053  16.66442
-88.30030  16.66138
-88.30002  16.65806
-88.30002  16.65474
-88.30030  16.65164
-88.30110  16.64889
-88.30167  16.64609
-88.30248  16.64334
-88.30334  16.64082
-88.30443  16.63835
-88.30586  16.63640
-88.30724  16.63417
-88.30861  16.63222
-88.31026  16.63056
-88.31223  16.62861
-88.31388  16.62695
-88.31554  16.62529
-88.31749  16.62362
-88.31915  16.62168
-88.32110  16.62002
-88.32304  16.61858
-88.32528  16.61692
-88.32751  16.61555
-88.32918  16.61360
-88.33084  16.61194
-88.33221  16.60970
-88.33388  16.60804
-88.33502  16.60581
-88.33583  16.60334
-88.33720  16.60082
-88.33778  16.59807
-88.33778  16.59498
-88.33863  16.59223
-88.33886  16.58919
-88.33943  16.58610
-88.33972  16.58306
-88.34029  16.58025
-88.34138  16.57779
-88.34224  16.57498
-88.34391  16.57303
-88.34528  16.57086
-88.34637  16.56891
-88.34780  16.56667
-88.34803  16.56364
-88.34831  16.56054
-88.34831  16.55722
-88.34831  16.55361
-88.34780  16.55057
-88.34780  16.54748
-88.34751  16.54416
-88.34751  16.54083
-88.34780  16.53751
-88.34723  16.53447
-88.34694  16.53138
-88.34637  16.52834
-88.34608  16.52531
-88.34665  16.52250
-88.34780  16.51998
-88.34888  16.51780
-88.34975  16.51528
-88.35056  16.51253
-88.35169  16.51001
-88.35221  16.50749
-88.35250  16.50416
-88.35358  16.50193
-88.35582  16.50055
-88.35777  16.49918
-88.36058  16.49832
-88.36390  16.49861
-88.36584  16.49998
-88.36752  16.50193
-88.36723  16.50502
-88.36613  16.50749
-88.36499  16.51001
-88.36390  16.51224
-88.36361  16.51499
-88.36195  16.51723
-88.36109  16.51946
-88.36001  16.52192
-88.35886  16.52445
-88.35777  16.52697
-88.35639  16.52892
-88.35553  16.53138
-88.35531  16.53447
-88.35445  16.53722
-88.35445  16.54055
-88.35502  16.54358
-88.35502  16.54725
-88.35553  16.55029
-88.35582  16.55332
-88.35582  16.55665
-88.35582  16.56003
-88.35531  16.56278
-88.35502  16.56581
-88.35387  16.56833
-88.35387  16.57137
-88.35307  16.57418
-88.35221  16.57693
-88.35193  16.57974
-88.35113  16.58249
-88.35084  16.58558
-88.34998  16.58833
-88.34946  16.59137
-88.34888  16.59418
-88.34831  16.59721
-88.34780  16.60002
-88.34723  16.60277
-88.34608  16.60529
-88.34499  16.60752
-88.34391  16.60999
-88.34305  16.61251
-88.34196  16.61497
-88.34058  16.61692
-88.33972  16.61944
-88.33835  16.62168
-88.33749  16.62414
-88.33611  16.62638
-88.33417  16.62804
-88.33308  16.62999
-88.33113  16.63193
-88.32947  16.63360
-88.32751  16.63526
-88.32585  16.63692
-88.32362  16.63864
-88.32196  16.64030
-88.31973  16.64167
-88.31806  16.64334
-88.31640  16.64500
-88.31503  16.64723
-88.31331  16.64889
-88.31165  16.65113
-88.31084  16.65336
-88.30999  16.65611
-88.30970  16.65915
-88.31194  16.66058
-88.31525  16.66081
-88.31749  16.65972
-88.31973  16.65835
-88.32168  16.65668
-88.32333  16.65502
-88.32528  16.65308
-88.32695  16.65141
-88.32832  16.64947
-88.32998  16.64752
-88.33141  16.64557
-88.33250  16.64305
-88.33360  16.64110
-88.33530  16.63887
-88.33669  16.63692
-88.33778  16.63474
-88.33972  16.63308
-88.34167  16.63142
-88.34362  16.62999
-88.34557  16.62804
-88.34723  16.62638
-88.34888  16.62471
-88.35056  16.62305
-88.35250  16.62111
-88.35416  16.61944
-88.35553  16.61749
-88.35696  16.61526
-88.35834  16.61331
-88.35943  16.61085
-88.36001  16.60804
-88.36001  16.60472
-88.35972  16.60168
-88.35972  16.59807
-88.36058  16.59555
-88.36166  16.59332
-88.36253  16.59085
-88.36333  16.58805
-88.36333  16.58472
-88.36333  16.58140
-88.36304  16.57779
-88.36390  16.57555
-88.36556  16.57303
-88.36694  16.57086
-88.36860  16.56919
-88.37083  16.56776
-88.37278  16.56639
-88.37473  16.56473
-88.37668  16.56306
-88.37891  16.56192
-88.38057  16.56003
-88.38195  16.55808
-88.38167  16.55499
-88.37943  16.55361
-88.37611  16.55361
-88.37306  16.55447
-88.37003  16.55418
-88.36809  16.55252
-88.36723  16.54971
-88.36809  16.54725
-88.37083  16.54610
-88.37335  16.54502
-88.37697  16.54502
-88.37971  16.54553
-88.38251  16.54639
-88.38584  16.54668
-88.38889  16.54610
-88.39191  16.54553
-88.39415  16.54444
-88.39415  16.54169
-88.39307  16.53917
-88.39140  16.53751
-88.38889  16.53665
-88.38613  16.53556
-88.38275  16.53585
-88.37914  16.53585
-88.37611  16.53556
-88.37387  16.53419
-88.37306  16.53138
-88.37387  16.52863
-88.37502  16.52639
-88.37639  16.52445
-88.37805  16.52279
-88.38029  16.52141
-88.38251  16.51998
-88.38447  16.51860
-88.38642  16.51665
-88.38779  16.51471
-88.38917  16.51224
-88.38946  16.50915
-88.38974  16.50611
-88.39002  16.50308
-88.38974  16.49998
-88.38889  16.49723
-88.38779  16.49471
-88.38750  16.49167
-88.38831  16.48915
-88.39026  16.48778
-88.39249  16.48640
-88.39472  16.48503
-88.39667  16.48359
-88.39891  16.48222
-88.40057  16.48056
-88.40223  16.47832
-88.40389  16.47666
-88.40613  16.47529
-88.40779  16.47363
-88.40916  16.47139
-88.41026  16.46944
-88.41192  16.46721
-88.41277  16.46497
-88.41364  16.46222
-88.41444  16.45942
-88.41501  16.45667
-88.41530  16.45363
-88.41501  16.45002
-88.41501  16.44664
-88.41501  16.44332
-88.41581  16.44057
-88.41638  16.43776
-88.41776  16.43558
-88.42000  16.43415
-88.42252  16.43335
-88.42612  16.43306
-88.42916  16.43335
-88.43248  16.43306
-88.43472  16.43197
-88.43638  16.43025
-88.43861  16.42836
-88.44028  16.42664
-88.44193  16.42498
-88.44418  16.42361
-88.44583  16.42195
-88.44663  16.41942
-88.44749  16.41667
-88.44778  16.41364
-88.44859  16.41083
-88.44887  16.40808
-88.44973  16.40527
-88.44887  16.40252
-88.44720  16.40086
-88.44446  16.40029
-88.44222  16.39891
-88.44085  16.39668
-88.44137  16.39416
-88.44250  16.39192
-88.44446  16.39026
-88.44641  16.38860
-88.44859  16.38722
-88.45082  16.38614
-88.45363  16.38527
-88.45666  16.38499
-88.45947  16.38585
-88.46165  16.38722
-88.46359  16.38860
-88.46640  16.38974
-88.46944  16.38997
-88.47167  16.38831
-88.47334  16.38665
-88.47443  16.38419
-88.47500  16.38224
-88.47608  16.37943
-88.47694  16.37697
-88.47832  16.37473
-88.47918  16.37221
-88.47970  16.36946
-88.48083  16.36694
-88.48193  16.36471
-88.48280  16.36224
-88.48388  16.35972
-88.48474  16.35697
-88.48553  16.35474
-88.48669  16.35221
-88.48806  16.35027
-88.48944  16.34803
-88.49081  16.34586
-88.49225  16.34391
-88.49361  16.34167
-88.49442  16.33915
-88.49499  16.33640
-88.49694  16.33445
-88.49918  16.33331
-88.50112  16.33193
-88.50359  16.33113
-88.50639  16.32998
-88.50835  16.32861
-88.51000  16.32666
-88.51195  16.32500
-88.51305  16.32305
-88.51390  16.32030
-88.51499  16.31778
-88.51637  16.31555
-88.51722  16.31331
-88.51888  16.31113
-88.52055  16.30947
-88.52221  16.30775
-88.52415  16.30581
-88.52582  16.30414
-88.52720  16.30220
-88.52863  16.30002
-88.53000  16.29807
-88.53109  16.29555
-88.53166  16.29280
-88.53252  16.28999
-88.53275  16.28695
-88.53252  16.28363
-88.53252  16.28002
-88.53275  16.27693
-88.53390  16.27447
-88.53447  16.27194
-88.53584  16.26971
-88.53809  16.26833
-88.54054  16.26725
-88.54387  16.26725
-88.54748  16.26696
-88.55086  16.26667
-88.55447  16.26667
-88.55750  16.26639
-88.56054  16.26558
-88.56248  16.26415
-88.56472  16.26278
-88.56696  16.26140
-88.56805  16.25917
-88.56942  16.25665
-88.56942  16.25389
-88.56999  16.25086
-88.57137  16.24862
-88.57251  16.24639
-88.57446  16.24473
-88.57642  16.24335
-88.57944  16.24335
-88.57973  16.24639
-88.57887  16.24891
-88.57750  16.25086
-88.57555  16.25252
-88.57446  16.25498
-88.57555  16.25751
-88.57807  16.25831
-88.58002  16.26003
-88.57973  16.26249
-88.57916  16.26530
-88.57916  16.26862
-88.57836  16.27137
-88.57721  16.27332
-88.57584  16.27584
-88.57498  16.27836
-88.57417  16.28111
-88.57555  16.28363
-88.57779  16.28444
-88.58111  16.28415
-88.58306  16.28220
-88.58414  16.28025
-88.58558  16.27779
-88.58581  16.27498
-88.58666  16.27223
-88.58752  16.26942
-88.58775  16.26639
-88.58775  16.26335
-88.58862  16.26054
-88.58947  16.25779
-88.59113  16.25613
-88.59309  16.25470
-88.59641  16.25498
-88.59916  16.25556
-88.60197  16.25665
-88.60391  16.25808
-88.60557  16.26003
-88.60695  16.26192
-88.60861  16.26364
-88.61056  16.26530
-88.61222  16.26696
-88.61446  16.26833
-88.61612  16.26999
-88.61835  16.27137
-88.62030  16.27303
-88.62196  16.27475
-88.62420  16.27613
-88.62608  16.27779
-88.62804  16.27945
-88.62946  16.28140
-88.63113  16.28334
-88.63387  16.28415
-88.63640  16.28472
-88.63943  16.28558
-88.64253  16.28581
-88.64586  16.28529
-88.64803  16.28386
-88.64970  16.28220
-88.65083  16.27974
-88.65112  16.27664
-88.65055  16.27361
-88.64998  16.27086
-88.64946  16.26776
-88.64861  16.26501
-88.64803  16.26220
-88.64751  16.25917
-88.64803  16.25642
-88.64918  16.25418
-88.65083  16.25223
-88.65388  16.25166
-88.65639  16.25195
-88.65915  16.25252
-88.66167  16.25361
-88.66441  16.25447
-88.66637  16.25584
-88.66888  16.25665
-88.67249  16.25665
-88.67501  16.25556
-88.67582  16.25527
-88.67776  16.25389
-88.68029  16.25275
-88.68252  16.25138
-88.68470  16.25029
-88.68694  16.24891
-88.68859  16.24725
-88.69083  16.24582
-88.69249  16.24387
-88.69444  16.24249
-88.69667  16.24112
-88.69891  16.23974
-88.70086  16.23831
-88.70361  16.23722
-88.70641  16.23665
-88.70917  16.23585
-88.71220  16.23499
-88.71558  16.23499
-88.71890  16.23470
-88.72223  16.23419
-88.72475  16.23304
-88.72670  16.23166
-88.72887  16.23029
-88.73054  16.22863
-88.73219  16.22697
-88.73415  16.22502
-88.73581  16.22336
-88.73753  16.22164
-88.73919  16.21998
-88.74136  16.21832
-88.74280  16.21637
-88.74417  16.21419
-88.74497  16.21167
-88.74555  16.20886
-88.74583  16.20582
-88.74641  16.20359
-88.74641  16.20027
-88.74526  16.19780
-88.74474  16.19500
-88.74360  16.19225
-88.74308  16.18973
-88.74223  16.18692
-88.74136  16.18417
-88.74085  16.18142
-88.74028  16.17832
-88.73970  16.17529
-88.73970  16.17196
-88.73999  16.16887
-88.74056  16.16555
-88.74085  16.16308
-88.74165  16.16027
-88.74251  16.15752
-88.74308  16.15472
-88.74417  16.15219
-88.74474  16.14945
-88.74583  16.14692
-88.74693  16.14498
-88.74858  16.14280
-88.75002  16.14085
-88.75110  16.13862
-88.75334  16.13724
-88.75558  16.13581
-88.75803  16.13443
-88.76056  16.13335
-88.76308  16.13220
-88.76583  16.13168
-88.76835  16.13054
-88.77081  16.12945
-88.77305  16.12836
-88.77557  16.12722
-88.77803  16.12613
-88.78084  16.12527
-88.78279  16.12389
-88.78526  16.12280
-88.78748  16.12166
-88.78972  16.12028
-88.79195  16.11891
-88.79362  16.11696
-88.79528  16.11530
-88.79723  16.11364
-88.79917  16.11169
-88.80026  16.10974
-88.80164  16.10751
-88.80250  16.10470
-88.80307  16.10223
-88.80359  16.09943
-88.80444  16.09668
-88.80554  16.09416
-88.80640  16.09169
-88.80806  16.08997
-88.80943  16.08780
-88.81167  16.08636
-88.81361  16.08470
-88.81557  16.08333
-88.81751  16.08195
-88.81975  16.08058
-88.82164  16.07914
-88.82387  16.07777
-88.82610  16.07639
-88.82805  16.07502
-88.83028  16.07359
-88.83275  16.07250
-88.83498  16.07084
-88.83722  16.06975
-88.83917  16.06803
-88.84141  16.06665
-88.84335  16.06528
-88.84530  16.06362
-88.84724  16.06224
-88.84914  16.06058
-88.85028  16.05835
-88.85194  16.05640
-88.85332  16.05416
-88.85303  16.05084
-88.85275  16.04780
-88.85223  16.04471
-88.85194  16.04110
-88.85194  16.03778
-88.85223  16.03474
-88.85303  16.03193
-88.85390  16.02918
-88.85556  16.02752
-88.85779  16.02637
-88.86025  16.02529
-88.86278  16.02414
-88.86581  16.02334
-88.86805  16.02225
-88.87057  16.02139
-88.87303  16.02030
-88.87527  16.01887
-88.87750  16.01749
-88.87945  16.01612
-88.88139  16.01417
-88.88306  16.01251
-88.88501  16.01113
-88.88696  16.00947
-88.88890  16.00804
-88.89114  16.00638
-88.89360  16.00529
-88.89612  16.00443
-88.89807  16.00306
-88.90111  16.00220
-88.90363  16.00111
-88.90638  16.00031
-88.90919  15.99973
-88.91164  15.99859
-88.91445  15.99778
-88.91640  15.99641
-88.91864  15.99498
-88.92030  15.99331
-88.92225  15.99165
-88.92225  15.99114
-88.92225  15.99085
-88.92390  15.98919
-88.92529  15.98695
-88.92666  15.98501
-88.92780  15.98249
-88.92832  15.97974
-88.92889  15.97693
-88.92947  15.97389
-88.92976  15.97086
-88.92999  15.96776
-88.92999  15.96415
-88.92999  15.96083
-88.92947  15.95779
-88.92889  15.95470
-88.92832  15.95195
-88.92752  15.94914
-88.92666  15.94639
-88.92586  15.94387
-88.92500  15.94112
-88.92442  15.93831
-88.92305  15.93585
-88.92225  15.93361
-88.92081  15.93109
-88.91944  15.92914
-88.91807  15.92720
-88.91640  15.92502
-88.91474  15.92336
-88.91331  15.92141
-88.91142  15.91975
-88.90970  15.91803
-88.90752  15.91665
-88.90529  15.91528
-88.90472  15.91304
-88.90557  15.91029
-88.90609  15.90720
-88.90694  15.90474
-88.90804  15.90221
-88.90948  15.90027
-88.91113  15.89832
-88.91164  15.89557
-88.91056  15.89362
       NA        NA
-88.61612  18.21610
-88.61475  18.22029
-88.61113  18.22361
-88.60780  18.22693
-88.60414  18.23026
-88.60110  18.23444
-88.59859  18.23891
-88.59641  18.24361
-88.59526  18.24916
-88.59389  18.25501
-88.59332  18.26085
-88.59332  18.26418
-88.59222  18.27002
-88.59165  18.27581
-88.59084  18.28194
-88.58971  18.28778
-88.58833  18.29362
-88.58666  18.29861
-88.58385  18.30308
-88.58168  18.30721
-88.57836  18.31110
-88.57475  18.31471
-88.57114  18.31803
-88.56724  18.32084
-88.56277  18.32359
-88.55836  18.32611
-88.55447  18.32972
-88.55086  18.33305
-88.54776  18.33665
-88.54552  18.34193
-88.54335  18.34640
-88.54169  18.35195
-88.53974  18.35694
-88.53809  18.36192
-88.53751  18.36834
-88.53642  18.37390
-88.53613  18.38026
-88.53470  18.38553
-88.53333  18.39108
-88.53166  18.39613
-88.52972  18.40169
-88.52834  18.40667
-88.52582  18.41114
-88.52364  18.41612
-88.52140  18.42054
-88.51917  18.42529
-88.51722  18.42999
-88.51442  18.43446
-88.51195  18.43887
-88.50914  18.44305
-88.50639  18.44752
-88.50359  18.45113
-88.50084  18.45526
-88.49722  18.45915
-88.49442  18.46362
-88.49196  18.46781
-88.48863  18.47164
-88.48582  18.47554
-88.48222  18.47943
-88.47832  18.48247
-88.47391  18.48499
-88.46886  18.48780
-88.46279  18.48860
-88.45609  18.48780
-88.45053  18.48637
-88.44663  18.48333
-88.44302  18.47972
-88.43753  18.47915
-88.43220  18.48058
-88.42641  18.48224
-88.42194  18.48471
-88.41638  18.48637
-88.41055  18.48780
-88.40527  18.48975
-88.39834  18.49026
-88.39249  18.48889
-88.38779  18.48694
-88.38303  18.48471
-88.37805  18.48247
-88.37193  18.48196
-88.36528  18.48110
-88.35806  18.48138
-88.35445  18.48138
-88.34780  18.48110
-88.34391  18.48138
-88.33720  18.48167
-88.33055  18.48224
-88.32413  18.48333
-88.31749  18.48391
-88.31417  18.48419
-88.30753  18.48333
-88.30110  18.48276
-88.29916  18.48305
       NA        NA
-88.61612  18.21610
-88.61972  18.21582
-88.62305  18.21582
-88.62666  18.21582
-88.62969  18.21530
-88.63474  18.21307
-88.63720  18.21221
-88.63972  18.21112
-88.64195  18.20975
-88.64391  18.20808
-88.64557  18.20636
-88.64723  18.20470
-88.64918  18.20304
-88.65141  18.20167
-88.65359  18.20029
-88.65553  18.19892
-88.65777  18.19748
-88.66001  18.19611
-88.66224  18.19473
-88.66441  18.19336
-88.66666  18.19250
-88.66888  18.19112
-88.67112  18.18975
-88.67387  18.18860
-88.67639  18.18780
-88.67863  18.18666
-88.68109  18.18557
-88.68166  18.18390
-88.68000  18.18224
-88.67863  18.17972
-88.67748  18.17777
-88.67668  18.17502
-88.67639  18.17193
-88.67611  18.16889
-88.67639  18.16586
-88.67696  18.16305
-88.67776  18.16030
-88.67834  18.15749
-88.67971  18.15526
-88.68057  18.15279
-88.68224  18.15084
-88.68362  18.14861
-88.68499  18.14666
-88.68636  18.14471
-88.68808  18.14248
-88.68945  18.14053
-88.69054  18.13807
-88.69197  18.13612
-88.69307  18.13360
-88.69444  18.13165
-88.69610  18.12970
-88.69696  18.12724
-88.69833  18.12472
-88.69913  18.12248
-88.70057  18.12002
-88.70109  18.11721
-88.70223  18.11498
-88.70332  18.11251
-88.70447  18.10999
-88.70499  18.10747
-88.70584  18.10472
-88.70641  18.10168
-88.70664  18.09859
-88.70693  18.09555
-88.70779  18.09280
-88.70808  18.08971
-88.70859  18.08667
-88.70859  18.08307
-88.70859  18.07974
-88.70859  18.07665
-88.70888  18.07332
-88.70888  18.06971
-88.70917  18.06639
-88.70974  18.06335
-88.71054  18.06055
-88.71277  18.05917
-88.71558  18.05860
-88.71833  18.05780
-88.72108  18.05722
-88.72360  18.05614
-88.72641  18.05527
-88.72859  18.05390
-88.73083  18.05252
-88.73277  18.05109
-88.73472  18.04943
-88.73558  18.04863
-88.73695  18.04639
-88.73833  18.04639
-88.74028  18.04502
-88.74308  18.04416
-88.74583  18.04336
-88.74836  18.04221
-88.75082  18.04141
-88.75277  18.03946
-88.75414  18.03751
-88.75443  18.03442
-88.75500  18.03167
-88.75558  18.02863
-88.75586  18.02554
-88.75666  18.02279
-88.75775  18.02027
-88.75890  18.01803
-88.76028  18.01608
-88.76165  18.01391
-88.76331  18.01225
-88.76525  18.01053
-88.76749  18.00915
-88.76916  18.00720
-88.77053  18.00503
-88.77168  18.00308
-88.77305  18.00056
-88.77334  17.99752
-88.77334  17.99414
-88.77305  17.99110
-88.77305  17.98887
-88.77334  17.98835
       NA        NA
-89.14336  17.95581
-89.13889  17.95804
-89.13470  17.96114
-89.13110  17.96446
-89.12777  17.96778
-89.12307  17.97031
-89.11808  17.97248
-89.11304  17.97472
-89.10720  17.97609
-89.10164  17.97804
-89.09608  17.97970
-89.09167  17.98251
-89.08778  17.98583
-89.08359  17.98858
-89.07890  17.99082
-89.07413  17.99362
-89.06864  17.99529
-89.06251  17.99638
-89.05724  17.99804
-89.05168  17.99970
-89.04640  18.00142
-89.04137  18.00388
-89.03580  18.00554
-89.02916  18.00611
-89.02527  18.00611
-89.01971  18.00474
-89.01472  18.00279
-89.01003  18.00056
-89.00613  17.99752
-89.00253  17.99391
-88.99920  17.99002
-88.99639  17.98612
-88.99306  17.98251
-88.99054  17.97804
-88.98779  17.97363
-88.98557  17.96859
-88.98252  17.96446
-88.97749  17.96280
-88.97141  17.96165
-88.96780  17.96223
-88.96110  17.96137
-88.95777  17.96137
-88.95084  17.96137
-88.94724  17.96137
-88.94110  17.96028
-88.93720  17.95753
-88.93445  17.95306
-88.93222  17.94836
-88.92999  17.94418
-88.92723  17.93971
-88.92414  17.93559
-88.92030  17.93249
-88.91640  17.92945
-88.91251  17.92642
-88.90752  17.92418
-88.90276  17.92195
-88.89692  17.92057
-88.89137  17.91943
-88.88609  17.91725
-88.88168  17.91502
-88.87807  17.91169
-88.87389  17.90860
-88.87057  17.90499
-88.86833  17.90029
-88.86530  17.89611
-88.86197  17.89221
-88.85830  17.88918
-88.85470  17.88557
-88.85194  17.88167
-88.84863  17.87749
-88.84335  17.87611
-88.83974  17.87943
-88.83945  17.88557
-88.83888  17.89221
-88.84055  17.89777
-88.84141  17.90390
-88.84169  17.91026
-88.84249  17.91668
-88.84169  17.92304
-88.84083  17.92888
-88.83860  17.93364
-88.83613  17.93805
-88.83304  17.94166
-88.82943  17.94498
-88.82502  17.94779
-88.82026  17.95025
-88.81499  17.95220
-88.81058  17.95472
-88.80554  17.95667
-88.80141  17.95971
-88.79752  17.96303
-88.79442  17.96692
-88.79224  17.97139
-88.78886  17.97500
-88.78554  17.97919
-88.78193  17.98251
-88.77832  17.98555
-88.77334  17.98835
       NA        NA
-87.99749  17.90888
-87.99612  17.91026
-87.99445  17.91192
-87.99136  17.91278
-87.98833  17.91307
-87.98529  17.91249
-87.98219  17.91221
-87.97858  17.91221
-87.97555  17.91307
-87.97446  17.91502
-87.97303  17.91748
-87.97223  17.92000
-87.96999  17.92138
-87.96747  17.92252
-87.96529  17.92390
-87.96278  17.92470
-87.96111  17.92665
-87.95945  17.92831
-87.95750  17.93003
-87.95584  17.93169
-87.95446  17.93386
-87.95332  17.93639
-87.95194  17.93833
-87.95086  17.94086
-87.94942  17.94280
-87.94833  17.94498
-87.94667  17.94693
-87.94501  17.94859
-87.94363  17.95082
-87.94249  17.95334
-87.94141  17.95558
-87.94054  17.95804
-87.94025  17.96114
-87.93945  17.96389
-87.93860  17.96664
-87.93779  17.96887
-87.93665  17.97139
-87.93636  17.97443
-87.93916  17.97529
-87.94197  17.97414
-87.94306  17.97197
-87.94444  17.97002
-87.94638  17.96836
-87.94833  17.96641
-87.95057  17.96526
-87.95418  17.96526
-87.95693  17.96612
-87.96002  17.96664
-87.96220  17.96807
-87.96278  17.97054
-87.96278  17.97392
-87.96082  17.97558
-87.95945  17.97752
-87.95779  17.97947
-87.95664  17.98165
-87.95556  17.98417
-87.95527  17.98721
-87.95498  17.99030
-87.95470  17.99334
-87.95556  17.99609
-87.95641  17.99890
-87.95664  18.00193
-87.95664  18.00526
-87.95641  18.00835
-87.95612  18.01139
-87.95527  18.01419
-87.95470  18.01694
-87.95361  18.01946
-87.95251  18.02193
-87.95108  18.02388
-87.94971  18.02611
-87.94805  18.02777
-87.94667  18.02972
-87.94530  18.03196
-87.94415  18.03419
-87.94278  18.03637
-87.94169  18.03889
-87.94112  18.04141
-87.94003  18.04387
-87.93887  18.04639
-87.93831  18.04834
-87.93722  18.05081
-87.93636  18.05361
-87.93584  18.05636
-87.93527  18.05917
-87.93418  18.06141
-87.93275  18.06364
-87.93137  18.06553
-87.93000  18.06777
-87.92834  18.06971
-87.92725  18.07195
-87.92582  18.07390
-87.92416  18.07556
-87.92249  18.07779
-87.92112  18.07974
-87.91975  18.08192
-87.91859  18.08415
-87.91802  18.08696
-87.91831  18.09057
-87.91831  18.09389
-87.91831  18.09722
-87.91831  18.10054
-87.91751  18.10335
-87.91637  18.10558
-87.91470  18.10747
-87.91418  18.11028
-87.91447  18.11360
-87.91447  18.11692
-87.91390  18.11973
-87.91332  18.12220
-87.91195  18.12443
-87.91029  18.12609
-87.90834  18.12775
-87.90720  18.13028
-87.90697  18.13331
-87.90639  18.13612
-87.90611  18.13916
-87.90530  18.14196
-87.90445  18.14471
-87.90387  18.14752
-87.90250  18.14947
-87.90112  18.15165
-87.89946  18.15331
-87.89751  18.15503
-87.89585  18.15669
-87.89276  18.15749
-87.88972  18.15778
-87.88640  18.15835
-87.88416  18.15720
-87.88142  18.15640
-87.87832  18.15583
-87.87585  18.15583
-87.87305  18.15669
-87.87053  18.15778
-87.86887  18.15973
-87.86669  18.16110
-87.86446  18.16248
-87.86194  18.16333
-87.85970  18.16442
-87.85586  18.16442
-87.85305  18.16471
-87.85052  18.16362
-87.84858  18.16196
-87.84721  18.16001
-87.84612  18.15749
-87.84583  18.15446
-87.84526  18.15136
-87.84526  18.14804
-87.84554  18.14500
-87.84612  18.14219
-87.84721  18.13973
-87.84779  18.13692
-87.84916  18.13446
-87.85030  18.13251
-87.85139  18.12999
-87.85276  18.12804
-87.85414  18.12580
-87.85586  18.12414
-87.85781  18.12248
-87.85970  18.12082
-87.86141  18.11887
-87.86359  18.11750
-87.86526  18.11584
-87.86669  18.11389
-87.86806  18.11165
-87.86916  18.10942
-87.87001  18.10696
-87.87081  18.10415
-87.87110  18.10111
-87.87196  18.09836
-87.87196  18.09527
-87.87247  18.09223
-87.87362  18.08942
-87.87391  18.08667
-87.87471  18.08386
-87.87556  18.08112
-87.87694  18.07917
-87.87804  18.07665
-87.87861  18.07390
-87.87975  18.07138
-87.88055  18.06914
-87.88193  18.06668
-87.88279  18.06416
-87.88358  18.06141
-87.88416  18.05889
-87.88525  18.05636
-87.88612  18.05390
-87.88720  18.05167
-87.88806  18.04914
-87.88943  18.04668
-87.89081  18.04473
-87.89224  18.04250
-87.89419  18.04084
-87.89585  18.03918
-87.89889  18.03860
-87.90141  18.03918
-87.90279  18.04112
-87.90416  18.04307
-87.90639  18.04445
-87.90914  18.04336
-87.91029  18.04141
-87.91167  18.03889
-87.91253  18.03637
-87.91361  18.03419
-87.91499  18.03196
-87.91637  18.03001
-87.91779  18.02777
-87.91917  18.02583
-87.92083  18.02388
-87.92278  18.02193
-87.92445  18.02027
-87.92639  18.01832
-87.92805  18.01666
-87.92942  18.01471
-87.92971  18.01167
-87.92971  18.00806
-87.92863  18.00583
-87.92747  18.00331
-87.92639  18.00113
-87.92473  17.99890
-87.92249  17.99804
-87.91997  17.99918
-87.91802  18.00084
-87.91694  18.00331
-87.91637  18.00583
-87.91585  18.00864
-87.91470  18.01110
-87.91361  18.01362
-87.91224  18.01557
-87.91086  18.01780
-87.90914  18.01946
-87.90777  18.02141
-87.90502  18.02250
-87.90336  18.02084
-87.90250  18.01803
-87.90279  18.01500
-87.90359  18.01225
-87.90445  18.01001
-87.90553  18.00749
-87.90668  18.00503
-87.90805  18.00308
-87.90914  18.00056
-87.91058  17.99861
-87.91167  17.99609
-87.91253  17.99362
-87.91418  17.99168
-87.91470  17.98887
-87.91585  17.98640
-87.91637  17.98360
-87.91751  17.98137
-87.91802  17.97861
-87.91859  17.97581
-87.91997  17.97334
-87.92026  17.97054
-87.92169  17.96836
-87.92220  17.96555
-87.92336  17.96303
-87.92445  17.96057
-87.92582  17.95862
-87.92668  17.95610
-87.92776  17.95386
-87.92863  17.95140
-87.93000  17.94888
-87.93109  17.94693
-87.93252  17.94475
-87.93418  17.94280
-87.93555  17.94057
-87.93665  17.93862
-87.93831  17.93639
-87.94003  17.93472
-87.94141  17.93278
-87.94278  17.93054
-87.94444  17.92859
-87.94559  17.92642
-87.94696  17.92447
-87.94862  17.92223
-87.95000  17.92029
-87.95086  17.91776
-87.95251  17.91582
-87.95389  17.91358
-87.95498  17.91169
-87.95664  17.90946
-87.95837  17.90780
-87.95974  17.90585
-87.96140  17.90390
-87.96363  17.90252
-87.96609  17.90138
-87.96833  17.90029
-87.97108  17.89943
-87.97360  17.89834
-87.97693  17.89805
-87.97974  17.89720
-87.98277  17.89697
-87.98667  17.89668
-87.98970  17.89720
-87.99280  17.89777
-87.99554  17.89834
-87.99778  17.89972
-88.00082  17.90029
-88.00334  17.90081
-88.00609  17.90195
-88.00529  17.90419
-88.00305  17.90556
-88.00111  17.90694
-87.99886  17.90831
-87.99749  17.90888
       NA        NA
-87.93470  17.30138
-87.93470  17.30304
-87.93470  17.30665
-87.93418  17.30946
-87.93361  17.31192
-87.93275  17.31473
-87.93223  17.31748
-87.93137  17.32029
-87.93085  17.32303
-87.93028  17.32584
-87.92920  17.32859
-87.92805  17.33111
-87.92696  17.33335
-87.92610  17.33581
-87.92501  17.33833
-87.92364  17.34028
-87.92249  17.34280
-87.92169  17.34498
-87.92026  17.34750
-87.91946  17.35002
-87.91831  17.35249
-87.91779  17.35501
-87.91694  17.35776
-87.91637  17.36056
-87.91637  17.36417
-87.91637  17.36750
-87.91637  17.37082
-87.91694  17.37391
-87.91779  17.37666
-87.91831  17.37970
-87.91888  17.38251
-87.91975  17.38526
-87.91997  17.38835
-87.92083  17.39110
-87.92169  17.39391
-87.92220  17.39695
-87.92220  17.40027
-87.92169  17.40331
-87.92112  17.40611
-87.92055  17.40915
-87.92026  17.41196
-87.91888  17.41442
-87.91831  17.41723
-87.91723  17.41946
-87.91637  17.42193
-87.91470  17.42388
-87.91304  17.42582
-87.91138  17.42749
-87.90972  17.42915
-87.90749  17.43058
-87.90530  17.43195
-87.90336  17.43333
-87.90055  17.43442
-87.89803  17.43556
-87.89528  17.43614
-87.89224  17.43614
-87.88834  17.43614
-87.88583  17.43665
-87.88307  17.43780
-87.88113  17.43917
-87.87889  17.44055
-87.87666  17.44193
-87.87499  17.44387
-87.87276  17.44530
-87.87110  17.44696
-87.86944  17.44863
-87.86777  17.45029
-87.86611  17.45252
-87.86474  17.45447
-87.86308  17.45613
-87.86165  17.45831
-87.85998  17.46026
-87.85832  17.46221
-87.85695  17.46416
-87.85586  17.46639
-87.85414  17.46834
-87.85276  17.47057
-87.85139  17.47252
-87.84973  17.47418
-87.84721  17.47527
-87.84417  17.47527
-87.84193  17.47389
-87.84056  17.47195
-87.83918  17.47000
-87.83775  17.46805
-87.83609  17.46582
-87.83472  17.46387
-87.83305  17.46221
-87.83111  17.46054
-87.82944  17.45888
-87.82670  17.45779
-87.82389  17.45722
-87.82114  17.45779
-87.81862  17.45888
-87.81638  17.46026
-87.81472  17.46221
-87.81335  17.46416
-87.81168  17.46667
-87.81082  17.46891
-87.80974  17.47137
-87.81003  17.47447
-87.81054  17.47750
-87.81054  17.48112
-87.81003  17.48363
-87.80888  17.48610
-87.80779  17.48862
-87.80641  17.49057
-87.80555  17.49303
-87.80389  17.49527
-87.80303  17.49750
-87.80137  17.49973
-87.80057  17.50197
-87.79914  17.50415
-87.79747  17.50610
-87.79639  17.50833
-87.79530  17.51056
-87.79472  17.51331
-87.79472  17.51612
-87.79581  17.51859
-87.79725  17.52053
-87.80000  17.52111
-87.80360  17.52111
-87.80664  17.52053
-87.80945  17.51973
-87.81140  17.51836
-87.81387  17.51721
-87.81747  17.51692
-87.81970  17.51583
-87.82194  17.51446
-87.82360  17.51251
-87.82555  17.51085
-87.82721  17.50919
-87.82887  17.50753
-87.83111  17.50610
-87.83385  17.50667
-87.83558  17.50862
-87.83609  17.51137
-87.83580  17.51446
-87.83529  17.51721
-87.83414  17.51973
-87.83363  17.52248
-87.83248  17.52500
-87.83168  17.52724
-87.83083  17.52999
-87.83002  17.53279
-87.82944  17.53555
-87.82835  17.53835
-87.82750  17.54110
-87.82670  17.54334
-87.82555  17.54586
-87.82418  17.54803
-87.82194  17.54918
-87.81942  17.54998
-87.81581  17.54970
-87.81306  17.54918
-87.81111  17.54775
-87.80888  17.54637
-87.80693  17.54471
-87.80555  17.54276
-87.80389  17.54053
-87.80223  17.53887
-87.80085  17.53692
-87.79890  17.53526
-87.79667  17.53388
-87.79501  17.53222
-87.79278  17.53085
-87.79111  17.52919
-87.78888  17.52775
-87.78693  17.52609
-87.78470  17.52500
-87.78332  17.52277
-87.78137  17.52111
-87.78029  17.51887
-87.77914  17.51641
-87.77892  17.51331
-87.77892  17.50971
-87.77914  17.50667
-87.77914  17.50363
-87.78000  17.50082
-87.78108  17.49859
-87.78223  17.49613
-87.78332  17.49360
-87.78470  17.49166
-87.78584  17.48942
-87.78722  17.48747
-87.78888  17.48558
-87.79002  17.48335
-87.79140  17.48140
-87.79306  17.47917
-87.79472  17.47750
-87.79610  17.47527
-87.79747  17.47332
-87.79914  17.47109
-87.80028  17.46914
-87.80223  17.46748
-87.80332  17.46530
-87.80476  17.46278
-87.80584  17.46083
-87.80750  17.45888
-87.80888  17.45665
-87.80974  17.45419
-87.81054  17.45166
-87.81140  17.44914
-87.81219  17.44639
-87.81335  17.44387
-87.81387  17.44112
-87.81472  17.43860
-87.81557  17.43614
-87.81638  17.43333
-87.81747  17.43110
-87.81919  17.42915
-87.82056  17.42697
-87.82223  17.42525
-87.82389  17.42359
-87.82584  17.42193
-87.82750  17.41998
-87.82973  17.41860
-87.83168  17.41694
-87.83363  17.41557
-87.83558  17.41419
-87.83804  17.41305
-87.84113  17.41247
-87.84388  17.41247
-87.84641  17.41333
-87.84916  17.41442
-87.85139  17.41585
-87.85305  17.41723
-87.85471  17.41918
-87.85666  17.42084
-87.85889  17.42221
-87.86141  17.42307
-87.86388  17.42193
-87.86583  17.42027
-87.86749  17.41860
-87.86887  17.41637
-87.87001  17.41442
-87.87167  17.41224
-87.87305  17.41030
-87.87556  17.40915
-87.87832  17.40835
-87.88164  17.40806
-87.88474  17.40778
-87.88777  17.40692
-87.89001  17.40554
-87.89167  17.40388
-87.89333  17.40193
-87.89471  17.39998
-87.89614  17.39781
-87.89780  17.39586
-87.89889  17.39362
-87.90027  17.39167
-87.90192  17.38973
-87.90279  17.38721
-87.90387  17.38474
-87.90502  17.38251
-87.90553  17.37970
-87.90611  17.37638
-87.90639  17.37334
-87.90639  17.37030
-87.90639  17.36692
-87.90639  17.36360
-87.90668  17.36028
-87.90668  17.35695
-87.90639  17.35363
-87.90639  17.35002
-87.90639  17.34664
-87.90668  17.34360
-87.90697  17.34057
-87.90697  17.33725
-87.90697  17.33364
-87.90720  17.33054
-87.90805  17.32779
-87.90862  17.32498
-87.90972  17.32281
-87.91109  17.32029
-87.91224  17.31834
-87.91447  17.31639
-87.91613  17.31473
-87.91751  17.31278
-87.91917  17.31083
-87.92055  17.30888
-87.92169  17.30636
-87.92249  17.30390
-87.92336  17.30109
-87.92416  17.29863
-87.92473  17.29582
-87.92501  17.29278
-87.92530  17.28946
-87.92530  17.28614
-87.92416  17.28390
-87.92336  17.28109
-87.92336  17.27748
-87.92416  17.27502
-87.92668  17.27554
-87.92863  17.27720
-87.93028  17.27915
-87.93166  17.28138
-87.93304  17.28333
-87.93447  17.28528
-87.93584  17.28780
-87.93636  17.29055
-87.93613  17.29358
-87.93584  17.29668
-87.93498  17.29943
-87.93470  17.30138
