-64.74778  32.31224
-64.75111  32.31110
-64.75638  32.30915
-64.76165  32.30697
-64.76692  32.30474
-64.77196  32.30250
-64.77781  32.30112
-64.78308  32.29918
-64.78835  32.29694
-64.78474  32.29305
-64.78056  32.29001
-64.77724  32.28611
-64.77998  32.28165
-64.78474  32.27861
-64.79058  32.27752
-64.79637  32.27586
-64.80141  32.27391
-64.80749  32.27248
-64.81419  32.27110
-64.81998  32.26973
-64.82668  32.26915
-64.83332  32.26836
-64.83945  32.27053
-64.84553  32.27248
-64.85195  32.27196
-64.85779  32.27053
-64.85831  32.26669
-64.85223  32.26446
-64.84610  32.26251
-64.83831  32.26136
-64.83109  32.26136
-64.82307  32.26056
-64.81636  32.26114
-64.80972  32.26165
-64.80336  32.26251
-64.79918  32.26389
-64.79391  32.26612
-64.78886  32.26836
-64.78330  32.27053
-64.77918  32.27334
-64.77528  32.27695
-64.77001  32.27918
-64.76526  32.28193
-64.76114  32.28503
-64.75695  32.28864
-64.75334  32.29225
-64.74888  32.29528
-64.74497  32.29889
-64.74113  32.30250
-64.73753  32.30611
-64.73363  32.31001
-64.72887  32.31276
-64.72527  32.31637
-64.72137  32.32026
-64.71638  32.32221
-64.71169  32.32531
-64.70664  32.32748
-64.70057  32.32863
-64.69473  32.33001
-64.69249  32.33527
-64.69473  32.33974
-64.69862  32.34364
-64.70000  32.34834
-64.69834  32.35447
-64.69582  32.35974
-64.69192  32.36335
-64.68831  32.36696
-64.68361  32.37000
-64.67915  32.37280
-64.67416  32.37498
-64.67169  32.38002
-64.67776  32.38220
-64.68361  32.38083
-64.68808  32.37779
-64.69249  32.37498
-64.69639  32.37137
-64.69942  32.36696
-64.70252  32.36249
-64.70585  32.35808
-64.70888  32.35361
-64.71220  32.34914
-64.71501  32.34473
-64.71833  32.34026
-64.72223  32.33665
-64.72665  32.33361
-64.73054  32.33001
-64.73415  32.32639
-64.73804  32.32278
-64.74194  32.31889
-64.74555  32.31528
-64.74778  32.31224
