-46.034 -14.867
-46.067 -14.933
-46.100 -14.933
-46.150 -14.917
-46.167 -14.933
-46.200 -14.933
-46.267 -14.900
-46.317 -14.883
-46.317 -14.850
-46.283 -14.800
-46.333 -14.800
-46.400 -14.750
-46.467 -14.683
-46.483 -14.700
-46.517 -14.750
-46.533 -14.767
-46.550 -14.783
-46.567 -14.800
-46.517 -14.850
-46.533 -14.900
-46.533 -14.917
-46.533 -14.983
-46.517 -15.050
-46.567 -15.083
-46.617 -15.100
-46.683 -15.050
-46.767 -15.017
-46.850 -15.000
-46.917 -15.033
-46.933 -15.067
-46.883 -15.117
-46.933 -15.183
-46.933 -15.250
-46.917 -15.250
-46.900 -15.233
-46.900 -15.250
-46.883 -15.283
-46.833 -15.317
-46.850 -15.333
-46.867 -15.350
-46.850 -15.367
-46.917 -15.400
-46.933 -15.483
-46.933 -15.567
-46.883 -15.617
-46.900 -15.667
-46.883 -15.700
-46.867 -15.717
-46.850 -15.733
-46.850 -15.783
-46.833 -15.817
-46.817 -15.883
-46.883 -15.900
-46.983 -15.917
-47.033 -15.917
-47.083 -15.950
-47.133 -15.933
-47.167 -15.967
-47.200 -16.000
-47.283 -16.017
-47.300 -16.033
-47.300 -16.033
-47.350 -16.000
-47.367 -15.967
-47.367 -15.917
-47.383 -15.917
-47.367 -15.833
-47.333 -15.767
-47.317 -15.700
-47.333 -15.667
-47.333 -15.583
-47.367 -15.567
-47.400 -15.550
-47.417 -15.546
-47.417 -15.500
-47.500 -15.500
-48.000 -15.500
-48.200 -15.500
-48.200 -15.623
-48.217 -15.617
-48.233 -15.633
-48.250 -15.667
-48.233 -15.700
-48.217 -15.700
-48.217 -15.733
-48.233 -15.783
-48.283 -15.817
-48.283 -15.836
-48.283 -15.867
-48.283 -15.917
-48.267 -15.933
-48.267 -15.967
-48.267 -16.000
-48.279 -16.050
-48.000 -16.050
-47.301 -16.050
-47.301 -16.050
-47.317 -16.100
-47.350 -16.150
-47.350 -16.317
-47.417 -16.383
-47.450 -16.467
-47.417 -16.550
-47.400 -16.567
-47.367 -16.600
-47.333 -16.617
-47.317 -16.617
-47.250 -16.667
-47.217 -16.733
-47.217 -16.783
-47.200 -16.817
-47.183 -16.900
-47.167 -16.933
-47.150 -16.967
-47.133 -17.000
-47.183 -17.067
-47.283 -17.150
-47.350 -17.167
-47.367 -17.200
-47.367 -17.217
-47.383 -17.233
-47.400 -17.250
-47.417 -17.300
-47.450 -17.350
-47.500 -17.333
-47.533 -17.400
-47.500 -17.450
-47.400 -17.500
-47.267 -17.600
-47.317 -17.717
-47.333 -17.733
-47.350 -17.783
-47.350 -17.867
-47.350 -17.900
-47.317 -17.983
-47.300 -18.017
-47.300 -18.067
-47.367 -18.100
-47.400 -18.117
-47.433 -18.133
-47.450 -18.167
-47.500 -18.200
-47.517 -18.183
-47.533 -18.217
-47.550 -18.183
-47.567 -18.200
-47.583 -18.217
-47.600 -18.233
-47.617 -18.250
-47.633 -18.283
-47.633 -18.333
-47.650 -18.317
-47.717 -18.350
-47.750 -18.400
-47.800 -18.400
-47.833 -18.433
-47.867 -18.450
-47.917 -18.467
-47.950 -18.483
-47.967 -18.450
-48.000 -18.450
-48.017 -18.433
-48.050 -18.417
-48.117 -18.433
-48.217 -18.367
-48.267 -18.333
-48.317 -18.383
-48.367 -18.367
-48.467 -18.367
-48.567 -18.333
-48.633 -18.333
-48.800 -18.367
-48.833 -18.350
-48.900 -18.317
-48.983 -18.350
-49.067 -18.417
-49.133 -18.383
-49.217 -18.417
-49.217 -18.467
-49.283 -18.533
-49.333 -18.567
-49.400 -18.650
-49.483 -18.567
-49.550 -18.500
-49.650 -18.567
-49.683 -18.583
-49.767 -18.617
-49.833 -18.633
-49.950 -18.617
-50.017 -18.600
-50.133 -18.667
-50.250 -18.683
-50.317 -18.700
-50.417 -18.833
-50.450 -18.900
-50.500 -18.967
-50.517 -19.050
-50.583 -19.133
-50.683 -19.167
-50.750 -19.233
-50.867 -19.383
-50.850 -19.433
-50.917 -19.467
-50.917 -19.467
-51.000 -19.400
-51.033 -19.367
-51.067 -19.333
-51.167 -19.283
-51.217 -19.250
-51.300 -19.233
-51.367 -19.217
-51.433 -19.167
-51.517 -19.150
-51.650 -19.133
-51.800 -19.067
-51.933 -18.967
-52.017 -18.983
-52.033 -18.950
-52.100 -18.917
-52.150 -18.883
-52.267 -18.833
-52.333 -18.817
-52.383 -18.767
-52.533 -18.650
-52.583 -18.683
-52.683 -18.667
-52.717 -18.683
-52.800 -18.667
-52.867 -18.650
-52.900 -18.633
-52.950 -18.583
-52.967 -18.533
-52.967 -18.483
-52.883 -18.433
-52.817 -18.400
-52.783 -18.317
-52.867 -18.300
-52.983 -18.283
-53.050 -18.333
-53.100 -18.217
-53.133 -18.067
-53.083 -18.050
-53.083 -18.050
-53.067 -17.983
-53.100 -17.933
-53.133 -17.833
-53.233 -17.700
-53.233 -17.483
-53.233 -17.450
-53.217 -17.317
-53.117 -17.117
-53.067 -17.050
-53.050 -16.983
-53.000 -16.850
-52.950 -16.850
-52.933 -16.800
-52.883 -16.783
-52.800 -16.733
-52.767 -16.667
-52.750 -16.583
-52.667 -16.567
-52.633 -16.500
-52.617 -16.450
-52.683 -16.417
-52.650 -16.267
-52.583 -16.250
-52.567 -16.233
-52.550 -16.167
-52.500 -16.133
-52.367 -16.083
-52.300 -16.000
-52.300 -15.967
-52.283 -15.917
-52.267 -15.883
-52.150 -15.883
-52.117 -15.867
-52.033 -15.883
-52.000 -15.850
-51.967 -15.833
-51.983 -15.817
-51.967 -15.800
-51.917 -15.833
-51.883 -15.783
-51.850 -15.750
-51.833 -15.717
-51.783 -15.650
-51.767 -15.600
-51.783 -15.550
-51.783 -15.533
-51.767 -15.533
-51.750 -15.567
-51.733 -15.500
-51.717 -15.500
-51.700 -15.433
-51.700 -15.417
-51.667 -15.367
-51.683 -15.333
-51.683 -15.300
-51.650 -15.267
-51.667 -15.250
-51.650 -15.183
-51.633 -15.167
-51.583 -15.150
-51.517 -15.050
-51.467 -15.050
-51.400 -15.000
-51.367 -15.000
-51.333 -14.983
-51.317 -14.967
-51.300 -14.983
-51.283 -15.033
-51.250 -15.033
-51.150 -14.967
-51.150 -14.933
-51.100 -14.900
-51.100 -14.833
-51.050 -14.817
-51.067 -14.750
-51.033 -14.717
-51.033 -14.683
-51.017 -14.650
-51.000 -14.583
-50.967 -14.517
-50.983 -14.500
-50.983 -14.483
-51.000 -14.450
-51.000 -14.400
-50.983 -14.350
-50.967 -14.333
-50.983 -14.283
-50.950 -14.217
-50.917 -14.183
-50.917 -14.150
-50.917 -14.117
-50.867 -14.133
-50.833 -14.100
-50.833 -14.083
-50.850 -14.050
-50.867 -14.000
-50.867 -13.967
-50.833 -13.933
-50.867 -13.800
-50.850 -13.767
-50.867 -13.750
-50.867 -13.733
-50.850 -13.717
-50.817 -13.700
-50.783 -13.650
-50.767 -13.550
-50.700 -13.467
-50.667 -13.417
-50.650 -13.383
-50.617 -13.300
-50.583 -13.233
-50.600 -13.200
-50.600 -13.117
-50.617 -13.100
-50.600 -13.067
-50.583 -13.050
-50.583 -13.033
-50.600 -13.033
-50.600 -13.017
-50.567 -13.017
-50.533 -12.967
-50.517 -12.900
-50.517 -12.867
-50.517 -12.867
-50.500 -12.850
-50.500 -12.850
-50.483 -12.833
-50.483 -12.833
-50.500 -12.817
-50.500 -12.817
-50.500 -12.817
-50.500 -12.800
-50.500 -12.800
-50.483 -12.783
-50.483 -12.783
-50.483 -12.767
-50.500 -12.767
-50.500 -12.767
-50.500 -12.750
-50.483 -12.750
-50.483 -12.750
-50.483 -12.750
-50.483 -12.733
-50.483 -12.733
-50.483 -12.733
-50.483 -12.717
-50.467 -12.717
-50.467 -12.717
-50.450 -12.717
-50.450 -12.717
-50.450 -12.717
-50.450 -12.700
-50.433 -12.683
-50.433 -12.683
-50.433 -12.683
-50.433 -12.683
-50.433 -12.683
-50.417 -12.683
-50.417 -12.667
-50.417 -12.650
-50.417 -12.650
-50.417 -12.633
-50.417 -12.633
-50.400 -12.633
-50.400 -12.633
-50.400 -12.633
-50.400 -12.633
-50.400 -12.617
-50.400 -12.617
-50.400 -12.617
-50.400 -12.600
-50.383 -12.600
-50.383 -12.600
-50.383 -12.600
-50.383 -12.600
-50.383 -12.583
-50.383 -12.583
-50.383 -12.583
-50.383 -12.583
-50.367 -12.583
-50.367 -12.583
-50.367 -12.567
-50.367 -12.567
-50.367 -12.567
-50.367 -12.567
-50.367 -12.567
-50.350 -12.567
-50.350 -12.567
-50.350 -12.567
-50.350 -12.567
-50.350 -12.550
-50.350 -12.550
-50.350 -12.533
-50.350 -12.533
-50.333 -12.550
-50.333 -12.550
-50.333 -12.550
-50.333 -12.550
-50.333 -12.533
-50.333 -12.533
-50.333 -12.517
-50.317 -12.517
-50.317 -12.517
-50.300 -12.517
-50.300 -12.500
-50.283 -12.500
-50.267 -12.483
-50.267 -12.483
-50.250 -12.483
-50.233 -12.467
-50.233 -12.467
-50.217 -12.467
-50.217 -12.467
-50.233 -12.467
-50.217 -12.467
-50.217 -12.450
-50.217 -12.450
-50.217 -12.450
-50.217 -12.450
-50.217 -12.450
-50.217 -12.433
-50.200 -12.433
-50.200 -12.450
-50.200 -12.450
-50.183 -12.450
-50.183 -12.450
-50.183 -12.433
-50.167 -12.433
-50.167 -12.433
-50.167 -12.450
-50.183 -12.467
-50.183 -12.467
-50.200 -12.467
-50.200 -12.467
-50.200 -12.483
-50.200 -12.483
-50.217 -12.483
-50.217 -12.483
-50.217 -12.500
-50.217 -12.500
-50.233 -12.500
-50.233 -12.517
-50.233 -12.533
-50.217 -12.550
-50.217 -12.567
-50.217 -12.567
-50.217 -12.583
-50.217 -12.583
-50.217 -12.583
-50.217 -12.583
-50.233 -12.600
-50.233 -12.600
-50.233 -12.600
-50.250 -12.600
-50.250 -12.600
-50.250 -12.600
-50.250 -12.617
-50.250 -12.633
-50.250 -12.650
-50.250 -12.650
-50.267 -12.650
-50.267 -12.650
-50.267 -12.650
-50.267 -12.667
-50.283 -12.667
-50.283 -12.667
-50.283 -12.683
-50.283 -12.683
-50.283 -12.700
-50.283 -12.700
-50.283 -12.700
-50.283 -12.700
-50.283 -12.700
-50.300 -12.700
-50.300 -12.717
-50.300 -12.717
-50.300 -12.717
-50.300 -12.717
-50.300 -12.717
-50.300 -12.717
-50.317 -12.717
-50.317 -12.717
-50.317 -12.717
-50.300 -12.733
-50.300 -12.733
-50.300 -12.733
-50.300 -12.750
-50.317 -12.767
-50.317 -12.767
-50.317 -12.767
-50.317 -12.767
-50.317 -12.783
-50.317 -12.800
-50.317 -12.817
-50.317 -12.817
-50.317 -12.817
-50.317 -12.833
-50.317 -12.850
-50.317 -12.850
-50.300 -12.850
-50.300 -12.867
-50.283 -12.867
-50.267 -12.867
-50.250 -12.867
-50.233 -12.883
-50.233 -12.900
-50.217 -12.900
-50.200 -12.900
-50.183 -12.917
-50.167 -12.917
-50.167 -12.917
-50.133 -12.917
-50.117 -12.917
-50.100 -12.917
-50.100 -12.917
-50.100 -12.917
-50.083 -12.933
-50.067 -12.933
-50.050 -12.933
-50.050 -12.950
-50.033 -12.950
-50.017 -12.967
-50.000 -12.967
-50.000 -12.967
-49.983 -12.967
-49.967 -12.967
-49.967 -12.967
-49.950 -12.967
-49.383 -13.283
-49.333 -13.233
-49.367 -13.217
-49.350 -13.200
-49.350 -13.183
-49.350 -13.167
-49.367 -13.167
-49.350 -13.150
-49.350 -13.133
-49.367 -13.117
-49.367 -13.117
-49.350 -13.100
-49.350 -13.067
-49.333 -13.050
-49.317 -13.017
-49.317 -13.017
-49.317 -13.000
-49.300 -13.000
-49.317 -12.983
-49.300 -12.967
-49.283 -12.950
-49.283 -12.950
-49.283 -12.933
-49.267 -12.917
-49.267 -12.900
-49.267 -12.900
-49.250 -12.900
-49.250 -12.900
-49.233 -12.883
-49.233 -12.883
-49.233 -12.883
-49.233 -12.883
-49.217 -12.867
-49.200 -12.850
-49.183 -12.833
-49.167 -12.833
-49.167 -12.817
-49.167 -12.817
-49.150 -12.817
-49.150 -12.800
-49.133 -12.817
-49.133 -12.833
-49.133 -12.850
-49.100 -12.850
-49.100 -12.850
-49.100 -12.850
-49.100 -12.867
-49.100 -12.867
-49.100 -12.867
-49.117 -12.883
-49.117 -12.900
-49.117 -12.900
-49.083 -12.917
-49.067 -12.917
-49.067 -12.917
-49.017 -12.967
-48.917 -12.900
-48.883 -12.833
-48.883 -12.833
-48.883 -12.833
-48.883 -12.833
-48.883 -12.817
-48.867 -12.833
-48.850 -12.833
-48.850 -12.833
-48.850 -12.850
-48.850 -12.867
-48.833 -12.867
-48.833 -12.867
-48.817 -12.867
-48.817 -12.883
-48.800 -12.900
-48.800 -12.900
-48.783 -12.900
-48.767 -12.933
-48.750 -12.933
-48.750 -12.933
-48.750 -12.950
-48.750 -12.967
-48.750 -12.983
-48.733 -13.000
-48.733 -13.017
-48.717 -13.017
-48.700 -13.017
-48.700 -13.017
-48.683 -13.017
-48.683 -13.017
-48.667 -13.017
-48.667 -13.033
-48.650 -13.033
-48.650 -13.033
-48.650 -13.050
-48.633 -13.067
-48.633 -13.067
-48.617 -13.083
-48.617 -13.100
-48.600 -13.100
-48.600 -13.100
-48.600 -13.117
-48.600 -13.117
-48.583 -13.133
-48.583 -13.150
-48.600 -13.167
-48.600 -13.167
-48.583 -13.183
-48.583 -13.217
-48.600 -13.217
-48.617 -13.233
-48.617 -13.250
-48.617 -13.250
-48.600 -13.267
-48.600 -13.267
-48.600 -13.267
-48.617 -13.300
-48.600 -13.317
-48.583 -13.317
-48.567 -13.300
-48.567 -13.267
-48.550 -13.217
-48.550 -13.200
-48.533 -13.150
-48.533 -13.133
-48.517 -13.133
-48.500 -13.133
-48.500 -13.133
-48.500 -13.150
-48.500 -13.167
-48.450 -13.283
-48.433 -13.283
-48.417 -13.283
-48.400 -13.283
-48.400 -13.283
-48.383 -13.267
-48.383 -13.267
-48.367 -13.250
-48.350 -13.250
-48.333 -13.250
-48.333 -13.250
-48.333 -13.250
-48.333 -13.233
-48.333 -13.233
-48.333 -13.233
-48.317 -13.233
-48.317 -13.250
-48.317 -13.250
-48.300 -13.250
-48.300 -13.233
-48.300 -13.233
-48.300 -13.233
-48.283 -13.217
-48.283 -13.217
-48.283 -13.217
-48.283 -13.217
-48.267 -13.217
-48.267 -13.200
-48.250 -13.200
-48.250 -13.200
-48.250 -13.183
-48.233 -13.183
-48.233 -13.183
-48.217 -13.183
-48.200 -13.183
-48.200 -13.183
-48.200 -13.167
-48.183 -13.167
-48.183 -13.167
-48.167 -13.150
-48.150 -13.150
-48.167 -13.183
-48.167 -13.183
-48.183 -13.200
-48.167 -13.217
-48.150 -13.217
-48.167 -13.233
-48.167 -13.250
-48.167 -13.250
-48.167 -13.250
-48.150 -13.283
-48.167 -13.300
-48.167 -13.300
-48.150 -13.317
-48.133 -13.317
-48.133 -13.300
-48.117 -13.300
-48.117 -13.300
-48.100 -13.300
-48.100 -13.300
-48.083 -13.300
-48.083 -13.283
-48.083 -13.283
-48.083 -13.250
-48.083 -13.250
-48.083 -13.250
-48.067 -13.250
-48.067 -13.250
-48.067 -13.267
-48.050 -13.267
-48.033 -13.267
-48.033 -13.283
-48.017 -13.283
-48.017 -13.283
-48.017 -13.300
-48.000 -13.300
-47.983 -13.317
-47.983 -13.317
-47.983 -13.317
-47.983 -13.333
-47.983 -13.333
-47.983 -13.333
-47.967 -13.350
-47.967 -13.350
-47.967 -13.350
-47.967 -13.350
-47.967 -13.350
-47.967 -13.350
-47.950 -13.333
-47.950 -13.333
-47.950 -13.333
-47.950 -13.333
-47.933 -13.333
-47.917 -13.333
-47.883 -13.350
-47.867 -13.333
-47.850 -13.350
-47.833 -13.333
-47.817 -13.333
-47.800 -13.367
-47.767 -13.400
-47.733 -13.433
-47.700 -13.467
-47.683 -13.500
-47.667 -13.500
-47.667 -13.500
-47.650 -13.467
-47.633 -13.450
-47.617 -13.417
-47.650 -13.400
-47.667 -13.383
-47.683 -13.367
-47.700 -13.350
-47.700 -13.350
-47.683 -13.317
-47.667 -13.217
-47.667 -13.217
-47.683 -13.200
-47.650 -13.167
-47.650 -13.150
-47.650 -13.133
-47.650 -13.133
-47.650 -13.133
-47.633 -13.133
-47.633 -13.133
-47.617 -13.133
-47.617 -13.133
-47.600 -13.133
-47.583 -13.133
-47.567 -13.150
-47.567 -13.167
-47.583 -13.183
-47.567 -13.200
-47.567 -13.217
-47.533 -13.217
-47.517 -13.217
-47.500 -13.217
-47.483 -13.200
-47.467 -13.200
-47.467 -13.233
-47.467 -13.233
-47.450 -13.250
-47.433 -13.233
-47.417 -13.250
-47.417 -13.250
-47.433 -13.250
-47.433 -13.267
-47.433 -13.267
-47.417 -13.283
-47.417 -13.300
-47.417 -13.300
-47.400 -13.283
-47.383 -13.283
-47.383 -13.267
-47.367 -13.250
-47.367 -13.250
-47.333 -13.267
-47.317 -13.267
-47.300 -13.267
-47.283 -13.267
-47.283 -13.267
-47.283 -13.283
-47.267 -13.283
-47.267 -13.250
-47.250 -13.250
-47.250 -13.250
-47.250 -13.233
-47.233 -13.217
-47.217 -13.217
-47.200 -13.217
-47.167 -13.200
-47.167 -13.217
-47.167 -13.217
-47.150 -13.217
-47.133 -13.217
-47.133 -13.200
-47.117 -13.200
-47.083 -13.200
-47.083 -13.200
-47.083 -13.200
-47.067 -13.183
-47.067 -13.183
-47.050 -13.183
-47.017 -13.150
-47.017 -13.150
-46.983 -13.133
-46.983 -13.150
-46.983 -13.150
-46.983 -13.150
-46.967 -13.133
-46.950 -13.133
-46.950 -13.117
-46.933 -13.117
-46.933 -13.117
-46.933 -13.100
-46.900 -13.083
-46.883 -13.067
-46.883 -13.067
-46.867 -13.083
-46.850 -13.083
-46.850 -13.067
-46.833 -13.050
-46.833 -13.033
-46.817 -13.033
-46.817 -13.017
-46.750 -13.000
-46.683 -12.983
-46.633 -12.983
-46.617 -12.967
-46.550 -12.967
-46.467 -12.967
-46.450 -12.900
-46.417 -12.850
-46.417 -12.850
-46.417 -12.867
-46.400 -12.883
-46.383 -12.883
-46.383 -12.883
-46.367 -12.933
-46.367 -12.933
-46.383 -12.967
-46.383 -12.967
-46.383 -12.983
-46.367 -12.983
-46.350 -12.967
-46.333 -12.967
-46.300 -12.967
-46.267 -12.967
-46.250 -12.967
-46.217 -12.950
-46.200 -12.950
-46.183 -12.950
-46.183 -12.933
-46.167 -12.950
-46.133 -12.933
-46.133 -12.900
-46.133 -12.900
-46.117 -12.900
-46.100 -12.917
-46.100 -12.917
-46.100 -12.933
-46.117 -12.933
-46.117 -12.933
-46.117 -12.950
-46.117 -12.950
-46.117 -12.950
-46.133 -12.967
-46.150 -12.967
-46.167 -12.967
-46.167 -12.983
-46.183 -12.983
-46.183 -12.983
-46.200 -13.000
-46.200 -13.000
-46.217 -13.000
-46.217 -13.000
-46.217 -13.000
-46.217 -12.983
-46.233 -12.983
-46.233 -13.000
-46.233 -13.000
-46.233 -13.000
-46.250 -13.000
-46.267 -13.000
-46.267 -13.000
-46.267 -13.017
-46.267 -13.033
-46.267 -13.033
-46.267 -13.033
-46.283 -13.050
-46.283 -13.050
-46.283 -13.067
-46.300 -13.067
-46.300 -13.067
-46.300 -13.083
-46.317 -13.083
-46.317 -13.083
-46.317 -13.100
-46.300 -13.100
-46.300 -13.117
-46.300 -13.117
-46.300 -13.117
-46.283 -13.117
-46.283 -13.133
-46.283 -13.133
-46.283 -13.150
-46.300 -13.150
-46.300 -13.150
-46.300 -13.167
-46.300 -13.167
-46.300 -13.167
-46.300 -13.167
-46.300 -13.167
-46.300 -13.167
-46.300 -13.183
-46.300 -13.183
-46.300 -13.200
-46.300 -13.200
-46.300 -13.217
-46.300 -13.217
-46.317 -13.233
-46.317 -13.233
-46.317 -13.250
-46.317 -13.250
-46.300 -13.250
-46.283 -13.250
-46.300 -13.267
-46.283 -13.267
-46.300 -13.267
-46.300 -13.283
-46.300 -13.283
-46.300 -13.300
-46.300 -13.300
-46.300 -13.300
-46.283 -13.300
-46.283 -13.300
-46.283 -13.317
-46.283 -13.317
-46.283 -13.333
-46.267 -13.333
-46.267 -13.333
-46.267 -13.333
-46.267 -13.333
-46.250 -13.333
-46.233 -13.333
-46.217 -13.317
-46.217 -13.317
-46.200 -13.300
-46.200 -13.317
-46.183 -13.300
-46.167 -13.300
-46.150 -13.300
-46.150 -13.300
-46.133 -13.283
-46.117 -13.283
-46.117 -13.283
-46.100 -13.283
-46.100 -13.267
-46.100 -13.267
-46.083 -13.267
-46.067 -13.267
-46.067 -13.250
-46.050 -13.250
-46.050 -13.250
-46.050 -13.250
-46.033 -13.267
-46.033 -13.267
-46.033 -13.267
-46.033 -13.267
-46.033 -13.283
-46.050 -13.300
-46.067 -13.317
-46.067 -13.317
-46.067 -13.317
-46.083 -13.317
-46.100 -13.333
-46.100 -13.350
-46.117 -13.350
-46.117 -13.350
-46.133 -13.367
-46.133 -13.367
-46.167 -13.367
-46.167 -13.383
-46.183 -13.383
-46.200 -13.383
-46.200 -13.400
-46.217 -13.400
-46.233 -13.417
-46.233 -13.417
-46.233 -13.433
-46.217 -13.433
-46.217 -13.433
-46.217 -13.433
-46.217 -13.433
-46.217 -13.433
-46.217 -13.450
-46.217 -13.450
-46.200 -13.450
-46.200 -13.450
-46.200 -13.450
-46.200 -13.467
-46.217 -13.467
-46.217 -13.467
-46.217 -13.483
-46.217 -13.483
-46.217 -13.483
-46.217 -13.483
-46.217 -13.500
-46.217 -13.500
-46.217 -13.500
-46.217 -13.500
-46.233 -13.517
-46.233 -13.517
-46.233 -13.533
-46.233 -13.550
-46.233 -13.550
-46.217 -13.567
-46.217 -13.567
-46.200 -13.567
-46.200 -13.567
-46.200 -13.567
-46.167 -13.567
-46.150 -13.583
-46.150 -13.583
-46.167 -13.600
-46.183 -13.617
-46.200 -13.617
-46.217 -13.633
-46.233 -13.650
-46.233 -13.650
-46.233 -13.667
-46.250 -13.667
-46.250 -13.667
-46.250 -13.683
-46.250 -13.683
-46.233 -13.683
-46.233 -13.700
-46.233 -13.700
-46.233 -13.700
-46.233 -13.717
-46.250 -13.717
-46.250 -13.733
-46.250 -13.733
-46.250 -13.733
-46.233 -13.733
-46.233 -13.733
-46.233 -13.733
-46.217 -13.767
-46.217 -13.767
-46.233 -13.767
-46.250 -13.767
-46.267 -13.783
-46.267 -13.783
-46.267 -13.783
-46.267 -13.800
-46.250 -13.800
-46.250 -13.800
-46.267 -13.817
-46.267 -13.817
-46.250 -13.817
-46.233 -13.833
-46.217 -13.833
-46.233 -13.850
-46.233 -13.850
-46.233 -13.867
-46.250 -13.883
-46.250 -13.883
-46.250 -13.900
-46.250 -13.917
-46.267 -13.933
-46.250 -13.933
-46.250 -13.933
-46.217 -13.967
-46.217 -13.967
-46.217 -13.967
-46.217 -13.967
-46.200 -14.000
-46.200 -14.000
-46.200 -14.000
-46.200 -14.000
-46.200 -14.017
-46.200 -14.017
-46.217 -14.033
-46.233 -14.050
-46.233 -14.050
-46.233 -14.050
-46.217 -14.050
-46.217 -14.067
-46.233 -14.083
-46.233 -14.083
-46.233 -14.083
-46.250 -14.083
-46.267 -14.083
-46.250 -14.100
-46.233 -14.100
-46.217 -14.117
-46.200 -14.117
-46.200 -14.117
-46.200 -14.133
-46.183 -14.133
-46.183 -14.150
-46.150 -14.150
-46.133 -14.150
-46.117 -14.150
-46.117 -14.150
-46.117 -14.150
-46.100 -14.167
-46.100 -14.167
-46.117 -14.183
-46.100 -14.183
-46.100 -14.183
-46.083 -14.200
-46.083 -14.200
-46.067 -14.183
-46.050 -14.183
-46.050 -14.200
-46.050 -14.200
-46.050 -14.217
-46.050 -14.217
-46.033 -14.233
-46.033 -14.233
-46.017 -14.233
-46.017 -14.250
-46.017 -14.250
-46.000 -14.250
-46.000 -14.250
-45.983 -14.250
-45.983 -14.267
-45.983 -14.267
-45.967 -14.267
-45.967 -14.267
-45.950 -14.283
-45.950 -14.283
-45.950 -14.283
-45.950 -14.300
-45.950 -14.300
-45.950 -14.317
-45.950 -14.317
-45.933 -14.317
-45.933 -14.333
-45.933 -14.333
-45.917 -14.333
-45.900 -14.333
-45.900 -14.333
-45.900 -14.350
-45.900 -14.350
-45.900 -14.367
-45.917 -14.367
-45.917 -14.383
-45.917 -14.400
-45.933 -14.400
-45.950 -14.400
-45.950 -14.417
-45.967 -14.417
-45.967 -14.417
-45.967 -14.417
-45.983 -14.417
-45.983 -14.417
-46.000 -14.417
-46.000 -14.417
-46.000 -14.417
-46.000 -14.400
-46.000 -14.400
-46.000 -14.400
-46.017 -14.417
-46.000 -14.417
-46.000 -14.417
-46.000 -14.417
-46.000 -14.433
-46.000 -14.433
-46.000 -14.433
-46.000 -14.450
-46.000 -14.450
-46.000 -14.467
-46.000 -14.467
-46.000 -14.483
-46.000 -14.483
-45.983 -14.483
-45.983 -14.483
-45.983 -14.500
-45.983 -14.500
-46.000 -14.500
-46.000 -14.500
-46.000 -14.500
-46.000 -14.500
-46.000 -14.500
-45.983 -14.500
-46.000 -14.500
-46.000 -14.500
-46.000 -14.500
-46.000 -14.517
-46.000 -14.517
-45.983 -14.517
-45.967 -14.517
-45.967 -14.533
-45.967 -14.533
-45.967 -14.550
-45.983 -14.550
-45.983 -14.550
-45.983 -14.567
-45.983 -14.583
-45.983 -14.583
-45.983 -14.583
-46.000 -14.583
-45.983 -14.583
-46.000 -14.600
-46.000 -14.600
-46.000 -14.600
-46.000 -14.600
-46.000 -14.600
-45.983 -14.600
-45.983 -14.600
-45.983 -14.617
-45.983 -14.617
-45.983 -14.633
-45.983 -14.633
-45.983 -14.650
-45.983 -14.650
-46.000 -14.650
-46.000 -14.650
-46.000 -14.650
-46.000 -14.650
-46.000 -14.650
-46.000 -14.650
-46.017 -14.650
-46.017 -14.650
-46.017 -14.667
-46.017 -14.667
-46.017 -14.683
-46.017 -14.683
-46.000 -14.683
-46.000 -14.700
-46.000 -14.700
-46.000 -14.717
-46.000 -14.717
-46.000 -14.717
-46.000 -14.733
-46.000 -14.750
-46.000 -14.750
-46.000 -14.767
-46.000 -14.767
-46.000 -14.783
-46.017 -14.800
-46.017 -14.800
-46.017 -14.817
-46.033 -14.817
-46.033 -14.817
-46.033 -14.833
-46.033 -14.833
-46.017 -14.850
-46.033 -14.867
