-58.883   1.217
-58.883   1.000
-58.883    .250
-58.883    .250
-60.000    .250
-60.033    .250
-60.050    .217
-60.100    .133
-60.133    .117
-60.133    .050
-60.150   -.000
-60.200   -.033
-60.250   -.117
-60.233   -.150
-60.317   -.267
-60.300   -.283
-60.367   -.417
-60.367   -.450
-60.400   -.517
-60.383   -.567
-60.383   -.583
-60.367   -.583
-60.367   -.617
-60.333   -.633
-60.300   -.700
-60.317   -.717
-60.367   -.733
-60.433   -.767
-60.483   -.767
-60.483   -.783
-60.500   -.800
-60.500   -.817
-60.533   -.867
-60.583   -.850
-60.600   -.850
-60.600   -.850
-60.667   -.883
-60.683   -.867
-60.733   -.850
-60.767   -.867
-60.767   -.800
-60.783   -.767
-60.817   -.733
-60.800   -.700
-60.850   -.683
-60.867   -.650
-60.917   -.617
-60.933   -.567
-60.933   -.550
-61.017   -.567
-61.067   -.550
-61.083   -.517
-61.150   -.500
-61.167   -.517
-61.200   -.500
-61.233   -.500
-61.217   -.517
-61.217   -.533
-61.233   -.567
-61.283   -.583
-61.333   -.600
-61.367   -.600
-61.400   -.633
-61.400   -.650
-61.483   -.717
-61.517   -.750
-61.533   -.767
-61.550   -.850
-61.583   -.933
-61.583   -.967
-61.583   -.983
-61.550   -.983
-61.550  -1.017
-61.550  -1.050
-61.567  -1.083
-61.567  -1.100
-61.567  -1.117
-61.567  -1.150
-61.617  -1.317
-61.583  -1.333
-61.583  -1.350
-61.600  -1.367
-61.600  -1.400
-61.600  -1.400
-61.533  -1.450
-61.500  -1.500
-61.467  -1.533
-61.475  -1.586
-61.550  -1.467
-61.750  -1.383
-61.783  -1.383
-61.817  -1.400
-61.883  -1.400
-61.900  -1.383
-61.917  -1.350
-61.933  -1.283
-61.950  -1.250
-61.983  -1.217
-61.983  -1.183
-62.067  -1.100
-62.100  -1.083
-62.200  -1.000
-62.250   -.967
-62.317   -.917
-62.333   -.900
-62.400   -.833
-62.500   -.767
-62.500   -.750
-62.500   -.717
-62.483   -.683
-62.450   -.683
-62.400   -.717
-62.367   -.700
-62.367   -.683
-62.367   -.667
-62.333   -.667
-62.333   -.650
-62.300   -.650
-62.300   -.617
-62.317   -.600
-62.300   -.583
-62.317   -.533
-62.317   -.517
-62.333   -.483
-62.350   -.483
-62.350   -.450
-62.367   -.450
-62.350   -.433
-62.383   -.350
-62.367   -.333
-62.367   -.317
-62.383   -.300
-62.433   -.283
-62.450   -.250
-62.467   -.233
-62.467   -.183
-62.500   -.117
-62.517   -.117
-62.533   -.083
-62.550   -.083
-62.550   -.067
-62.550   -.033
-62.567   -.017
-62.550    .000
-62.550    .050
-62.517    .083
-62.550    .150
-62.567    .167
-62.567    .200
-62.567    .233
-62.567    .267
-62.517    .300
-62.517    .350
-62.533    .383
-62.517    .417
-62.483    .467
-62.483    .517
-62.533    .617
-62.533    .750
-62.467    .767
-62.433    .800
-62.433    .817
-62.450    .867
-62.500    .917
-62.517   1.017
-62.567   1.183
-62.600   1.317
-62.600   1.350
-62.617   1.367
-62.633   1.433
-62.700   1.467
-62.750   1.550
-62.783   1.583
-62.767   1.650
-62.700   1.700
-62.683   1.767
-62.683   1.883
-62.683   1.933
-62.833   2.000
-62.900   2.017
-62.933   2.000
-63.000   2.000
-63.033   2.017
-63.100   2.083
-63.117   2.167
-63.167   2.183
-63.250   2.133
-63.333   2.183
-63.367   2.233
-63.367   2.233
-63.359   2.268
-63.361   2.318
-63.372   2.335
-63.357   2.384
-63.367   2.417
-63.383   2.433
-63.500   2.433
-63.567   2.400
-63.733   2.367
-63.900   2.450
-63.933   2.450
-63.950   2.467
-63.983   2.467
-64.017   2.467
-64.017   2.467
-64.033   2.483
-64.050   2.500
-64.033   2.533
-64.017   2.567
-64.000   2.600
-63.983   2.617
-63.983   2.667
-64.000   2.700
-63.983   2.717
-64.000   2.750
-64.000   2.767
-64.000   2.800
-64.033   2.817
-64.067   2.867
-64.067   2.933
-64.117   2.950
-64.133   3.017
-64.150   3.033
-64.183   3.083
-64.233   3.117
-64.217   3.133
-64.200   3.200
-64.200   3.233
-64.233   3.350
-64.217   3.383
-64.250   3.417
-64.233   3.450
-64.183   3.500
-64.183   3.567
-64.183   3.567
-64.200   3.600
-64.233   3.633
-64.250   3.650
-64.267   3.667
-64.317   3.717
-64.333   3.733
-64.350   3.733
-64.383   3.767
-64.433   3.783
-64.467   3.783
-64.500   3.817
-64.550   3.867
-64.567   3.883
-64.583   3.933
-64.633   3.967
-64.667   4.000
-64.667   4.000
-64.733   4.117
-64.767   4.133
-64.800   4.167
-64.817   4.217
-64.817   4.267
-64.800   4.267
-64.800   4.283
-64.767   4.283
-64.717   4.267
-64.667   4.217
-64.633   4.150
-64.600   4.117
-64.550   4.100
-64.533   4.100
-64.500   4.117
-64.450   4.133
-64.333   4.117
-64.333   4.133
-64.300   4.150
-64.233   4.117
-64.167   4.117
-64.133   4.100
-64.136   4.108
-64.117   4.100
-64.117   4.083
-64.083   4.000
-64.050   3.967
-64.050   3.917
-64.033   3.883
-63.983   3.867
-63.967   3.883
-63.917   3.933
-63.900   3.950
-63.850   3.967
-63.817   3.967
-63.801   3.935
-63.783   3.933
-63.783   3.950
-63.733   3.950
-63.683   3.950
-63.650   3.967
-63.624   3.967
-63.600   3.950
-63.533   3.867
-63.500   3.850
-63.450   3.883
-63.433   3.950
-63.445   3.962
-63.417   3.983
-63.333   3.967
-63.250   3.917
-63.233   3.900
-63.217   3.883
-63.217   3.883
-63.217   3.883
-63.217   3.883
-63.217   3.867
-63.217   3.867
-63.217   3.850
-63.217   3.850
-63.217   3.833
-63.217   3.833
-63.217   3.833
-63.200   3.817
-63.200   3.817
-63.200   3.800
-63.183   3.800
-63.183   3.800
-63.183   3.800
-63.167   3.800
-63.167   3.800
-63.150   3.800
-63.133   3.800
-63.133   3.800
-63.117   3.800
-63.117   3.800
-63.100   3.800
-63.100   3.783
-63.100   3.783
-63.083   3.783
-63.083   3.767
-63.083   3.767
-63.067   3.767
-63.067   3.750
-63.067   3.750
-63.050   3.733
-63.050   3.733
-63.050   3.717
-63.050   3.717
-63.050   3.700
-63.050   3.700
-63.067   3.683
-63.067   3.683
-63.067   3.683
-63.050   3.683
-63.050   3.667
-63.033   3.667
-63.017   3.667
-63.017   3.650
-63.017   3.650
-63.000   3.633
-63.000   3.633
-63.000   3.617
-63.000   3.617
-62.983   3.617
-62.983   3.600
-62.967   3.600
-62.967   3.600
-62.950   3.600
-62.950   3.600
-62.950   3.600
-62.933   3.617
-62.933   3.617
-62.933   3.617
-62.917   3.633
-62.917   3.633
-62.917   3.650
-62.917   3.650
-62.917   3.667
-62.900   3.667
-62.900   3.667
-62.883   3.667
-62.883   3.667
-62.883   3.683
-62.867   3.683
-62.867   3.683
-62.867   3.700
-62.850   3.700
-62.850   3.700
-62.833   3.717
-62.833   3.717
-62.833   3.733
-62.817   3.733
-62.817   3.733
-62.800   3.717
-62.800   3.717
-62.800   3.717
-62.783   3.717
-62.783   3.717
-62.783   3.700
-62.783   3.700
-62.767   3.683
-62.767   3.683
-62.750   3.683
-62.750   3.667
-62.753   3.676
-62.733   3.667
-62.717   3.700
-62.733   3.767
-62.733   3.783
-62.767   3.833
-62.767   3.833
-62.750   3.850
-62.750   3.867
-62.750   3.867
-62.767   3.884
-62.768   3.884
-62.767   3.917
-62.767   3.933
-62.750   3.950
-62.750   3.967
-62.750   4.000
-62.767   4.000
-62.750   4.000
-62.750   4.017
-62.733   4.033
-62.700   4.033
-62.667   4.033
-62.650   4.033
-62.617   4.033
-62.600   4.033
-62.567   4.017
-62.550   4.017
-62.550   4.033
-62.533   4.050
-62.533   4.067
-62.533   4.083
-62.533   4.100
-62.517   4.117
-62.500   4.133
-62.467   4.133
-62.450   4.150
-62.450   4.167
-62.433   4.183
-62.403   4.179
-62.367   4.167
-62.333   4.150
-62.317   4.133
-62.284   4.134
-62.267   4.117
-62.250   4.117
-62.200   4.100
-62.183   4.083
-62.150   4.083
-62.133   4.067
-62.100   4.083
-62.083   4.117
-62.067   4.117
-62.050   4.150
-62.017   4.150
-61.967   4.167
-61.967   4.150
-61.950   4.150
-61.933   4.117
-61.917   4.133
-61.923   4.137
-61.900   4.150
-61.867   4.150
-61.850   4.167
-61.833   4.150
-61.817   4.167
-61.800   4.200
-61.784   4.218
-61.767   4.233
-61.743   4.256
-61.717   4.250
-61.717   4.233
-61.694   4.254
-61.650   4.250
-61.641   4.239
-61.600   4.250
-61.580   4.248
-61.533   4.250
-61.521   4.288
-61.508   4.316
-61.517   4.333
-61.500   4.367
-61.483   4.400
-61.466   4.425
-61.433   4.417
-61.420   4.433
-61.367   4.417
-61.333   4.400
-61.333   4.417
-61.333   4.417
-61.333   4.417
-61.317   4.417
-61.317   4.417
-61.317   4.433
-61.317   4.433
-61.317   4.433
-61.300   4.433
-61.300   4.450
-61.300   4.450
-61.300   4.450
-61.283   4.450
-61.283   4.450
-61.283   4.450
-61.283   4.450
-61.267   4.467
-61.267   4.450
-61.267   4.467
-61.267   4.467
-61.283   4.467
-61.283   4.483
-61.283   4.483
-61.300   4.483
-61.300   4.500
-61.300   4.483
-61.300   4.500
-61.300   4.500
-61.317   4.500
-61.317   4.500
-61.317   4.500
-61.317   4.517
-61.317   4.517
-61.317   4.517
-61.317   4.517
-61.300   4.533
-61.300   4.533
-61.283   4.533
-61.283   4.533
-61.283   4.533
-61.283   4.533
-61.267   4.533
-61.267   4.517
-61.267   4.517
-61.267   4.517
-61.250   4.533
-61.250   4.533
-61.250   4.517
-61.233   4.517
-61.233   4.533
-61.245   4.533
-61.233   4.517
-61.233   4.517
-61.217   4.517
-61.217   4.517
-61.217   4.517
-61.217   4.517
-61.217   4.517
-61.217   4.517
-61.200   4.517
-61.200   4.517
-61.200   4.517
-61.200   4.500
-61.200   4.500
-61.183   4.500
-61.183   4.500
-61.183   4.517
-61.183   4.517
-61.183   4.517
-61.183   4.500
-61.183   4.500
-61.167   4.500
-61.167   4.500
-61.167   4.500
-61.167   4.500
-61.167   4.500
-61.167   4.483
-61.167   4.483
-61.150   4.483
-61.150   4.483
-61.150   4.483
-61.150   4.483
-61.150   4.483
-61.150   4.483
-61.150   4.483
-61.150   4.483
-61.150   4.483
-61.133   4.483
-61.133   4.483
-61.133   4.483
-61.133   4.483
-61.133   4.467
-61.133   4.467
-61.148   4.483
-61.133   4.467
-61.133   4.467
-61.133   4.483
-61.133   4.483
-61.133   4.483
-61.133   4.483
-61.117   4.483
-61.117   4.483
-61.117   4.483
-61.117   4.483
-61.117   4.500
-61.117   4.500
-61.117   4.500
-61.100   4.500
-61.100   4.500
-61.100   4.500
-61.100   4.500
-61.100   4.500
-61.083   4.500
-61.083   4.500
-61.083   4.517
-61.083   4.517
-61.067   4.500
-61.067   4.500
-61.067   4.500
-61.067   4.500
-61.067   4.517
-61.050   4.517
-61.050   4.517
-61.050   4.517
-61.050   4.517
-61.033   4.517
-61.033   4.517
-61.033   4.517
-61.033   4.517
-61.033   4.517
-61.017   4.517
-61.017   4.517
-61.017   4.517
-61.017   4.517
-61.017   4.500
-61.000   4.500
-61.000   4.500
-61.000   4.500
-61.000   4.500
-60.983   4.500
-60.983   4.500
-60.984   4.502
-60.983   4.517
-60.983   4.517
-60.994   4.520
-60.983   4.517
-60.983   4.517
-60.983   4.533
-60.967   4.533
-60.967   4.533
-60.967   4.533
-60.967   4.533
-60.950   4.533
-60.950   4.533
-60.950   4.533
-60.950   4.533
-60.950   4.550
-60.950   4.550
-60.950   4.550
-60.950   4.550
-60.950   4.550
-60.950   4.567
-60.950   4.567
-60.933   4.567
-60.933   4.567
-60.933   4.567
-60.933   4.567
-60.917   4.567
-60.917   4.567
-60.933   4.583
-60.933   4.583
-60.933   4.583
-60.917   4.600
-60.933   4.600
-60.933   4.600
-60.933   4.616
-60.917   4.617
-60.933   4.617
-60.933   4.617
-60.933   4.617
-60.933   4.617
-60.933   4.617
-60.933   4.617
-60.933   4.633
-60.933   4.633
-60.933   4.633
-60.933   4.633
-60.933   4.633
-60.933   4.633
-60.933   4.650
-60.933   4.650
-60.933   4.650
-60.933   4.650
-60.933   4.650
-60.917   4.650
-60.917   4.650
-60.917   4.650
-60.917   4.650
-60.917   4.650
-60.917   4.650
-60.900   4.667
-60.900   4.667
-60.900   4.667
-60.900   4.667
-60.900   4.683
-60.900   4.683
-60.900   4.683
-60.900   4.683
-60.900   4.683
-60.900   4.683
-60.900   4.700
-60.900   4.700
-60.900   4.700
-60.900   4.700
-60.900   4.700
-60.883   4.700
-60.883   4.700
-60.883   4.700
-60.883   4.700
-60.867   4.700
-60.867   4.700
-60.874   4.714
-60.867   4.700
-60.850   4.700
-60.850   4.700
-60.850   4.700
-60.850   4.700
-60.833   4.700
-60.833   4.700
-60.833   4.700
-60.833   4.700
-60.833   4.700
-60.833   4.700
-60.833   4.717
-60.817   4.717
-60.817   4.717
-60.817   4.717
-60.817   4.717
-60.817   4.717
-60.800   4.717
-60.800   4.717
-60.800   4.733
-60.800   4.733
-60.800   4.750
-60.800   4.733
-60.800   4.733
-60.783   4.733
-60.783   4.733
-60.783   4.733
-60.783   4.733
-60.783   4.750
-60.767   4.750
-60.767   4.750
-60.767   4.750
-60.767   4.750
-60.750   4.750
-60.750   4.750
-60.750   4.750
-60.733   4.750
-60.733   4.750
-60.733   4.750
-60.733   4.750
-60.733   4.750
-60.733   4.767
-60.717   4.767
-60.717   4.767
-60.717   4.767
-60.717   4.767
-60.717   4.767
-60.717   4.767
-60.717   4.767
-60.717   4.767
-60.717   4.783
-60.717   4.783
-60.723   4.793
-60.717   4.783
-60.717   4.783
-60.700   4.783
-60.700   4.800
-60.700   4.800
-60.700   4.800
-60.700   4.800
-60.700   4.800
-60.683   4.800
-60.683   4.800
-60.683   4.800
-60.683   4.800
-60.683   4.800
-60.683   4.800
-60.683   4.817
-60.683   4.817
-60.667   4.817
-60.667   4.817
-60.667   4.817
-60.667   4.817
-60.667   4.833
-60.667   4.833
-60.667   4.833
-60.667   4.833
-60.650   4.833
-60.650   4.833
-60.650   4.833
-60.650   4.833
-60.650   4.850
-60.650   4.850
-60.650   4.850
-60.650   4.850
-60.633   4.867
-60.633   4.867
-60.633   4.867
-60.650   4.867
-60.633   4.867
-60.633   4.883
-60.633   4.867
-60.633   4.883
-60.633   4.883
-60.617   4.883
-60.617   4.883
-60.617   4.883
-60.617   4.883
-60.617   4.883
-60.617   4.883
-60.617   4.883
-60.617   4.883
-60.617   4.883
-60.617   4.883
-60.617   4.883
-60.617   4.883
-60.617   4.900
-60.617   4.900
-60.617   4.900
-60.617   4.900
-60.617   4.900
-60.600   4.900
-60.600   4.900
-60.600   4.900
-60.600   4.917
-60.600   4.917
-60.600   4.917
-60.600   4.917
-60.600   4.917
-60.583   4.917
-60.583   4.917
-60.583   4.917
-60.583   4.917
-60.583   4.917
-60.583   4.917
-60.583   4.917
-60.583   4.917
-60.583   4.933
-60.583   4.933
-60.583   4.933
-60.583   4.933
-60.583   4.933
-60.583   4.933
-60.583   4.933
-60.583   4.933
-60.583   4.950
-60.567   4.950
-60.583   4.956
-60.567   4.950
-60.567   4.950
-60.583   4.950
-60.583   4.950
-60.583   4.950
-60.583   4.950
-60.583   4.950
-60.583   4.967
-60.583   4.967
-60.583   4.967
-60.583   4.967
-60.583   4.967
-60.583   4.967
-60.583   4.967
-60.583   4.983
-60.583   4.983
-60.583   4.983
-60.600   5.000
-60.600   5.000
-60.600   5.000
-60.600   5.000
-60.600   5.000
-60.617   5.033
-60.617   5.050
-60.633   5.050
-60.633   5.050
-60.633   5.067
-60.633   5.067
-60.633   5.067
-60.633   5.083
-60.633   5.083
-60.644   5.099
-60.633   5.100
-60.633   5.117
-60.650   5.117
-60.633   5.117
-60.650   5.100
-60.650   5.117
-60.650   5.133
-60.650   5.133
-60.650   5.133
-60.650   5.150
-60.650   5.150
-60.667   5.167
-60.667   5.167
-60.667   5.167
-60.667   5.183
-60.683   5.183
-60.683   5.183
-60.700   5.183
-60.717   5.200
-60.737   5.202
-60.734   5.200
-60.717   5.217
-60.701   5.217
-60.668   5.218
-60.651   5.218
-60.600   5.217
-60.517   5.201
-60.435   5.184
-60.417   5.201
-60.317   5.201
-60.284   5.218
-60.218   5.251
-60.201   5.267
-60.201   5.267
-60.183   5.233
-60.167   5.217
-60.133   5.267
-60.083   5.150
-60.067   5.133
-60.050   5.100
-60.017   5.083
-60.000   5.067
-59.967   5.050
-59.950   5.033
-59.933   5.000
-59.950   4.967
-59.967   4.950
-60.000   4.933
-60.017   4.867
-60.033   4.800
-60.017   4.783
-60.033   4.733
-60.033   4.700
-60.083   4.667
-60.083   4.617
-60.133   4.600
-60.117   4.583
-60.150   4.567
-60.167   4.533
-60.167   4.500
-60.133   4.517
-60.117   4.500
-60.100   4.533
-60.067   4.517
-60.067   4.517
-60.067   4.500
-60.033   4.500
-60.000   4.467
-59.983   4.483
-59.967   4.517
-59.933   4.483
-59.900   4.467
-59.883   4.500
-59.867   4.467
-59.850   4.450
-59.817   4.450
-59.817   4.483
-59.800   4.467
-59.783   4.450
-59.767   4.433
-59.733   4.417
-59.733   4.400
-59.717   4.400
-59.683   4.367
-59.683   4.350
-59.717   4.333
-59.733   4.317
-59.733   4.300
-59.717   4.283
-59.733   4.233
-59.733   4.200
-59.683   4.167
-59.683   4.167
-59.617   4.150
-59.617   4.133
-59.650   4.100
-59.650   4.083
-59.650   4.083
-59.617   4.050
-59.600   4.000
-59.600   4.000
-59.551   3.967
-59.551   3.968
-59.550   3.967
-59.517   3.967
-59.517   3.917
-59.550   3.917
-59.550   3.883
-59.583   3.883
-59.583   3.800
-59.650   3.783
-59.667   3.750
-59.652   3.733
-59.651   3.718
-59.667   3.717
-59.667   3.700
-59.700   3.683
-59.733   3.650
-59.750   3.633
-59.833   3.600
-59.850   3.567
-59.867   3.552
-59.867   3.551
-59.852   3.551
-59.783   3.500
-59.817   3.467
-59.817   3.450
-59.833   3.433
-59.817   3.417
-59.800   3.433
-59.801   3.383
-59.801   3.368
-59.800   3.350
-59.817   3.350
-59.833   3.300
-59.867   3.233
-59.867   3.217
-59.900   3.200
-59.900   3.183
-59.883   3.150
-59.900   3.150
-59.900   3.117
-59.918   3.101
-59.918   3.101
-59.933   3.083
-59.933   3.067
-59.950   3.033
-59.933   3.000
-59.950   2.983
-59.983   2.917
-59.967   2.900
-59.983   2.883
-59.983   2.700
-59.967   2.667
-59.967   2.667
-59.967   2.667
-59.967   2.633
-59.950   2.617
-59.950   2.600
-59.917   2.567
-59.917   2.533
-59.883   2.483
-59.883   2.450
-59.900   2.433
-59.883   2.417
-59.900   2.400
-59.867   2.350
-59.867   2.367
-59.833   2.350
-59.817   2.333
-59.783   2.300
-59.751   2.284
-59.751   2.284
-59.733   2.300
-59.733   2.283
-59.717   2.267
-59.733   2.150
-59.717   2.117
-59.733   2.067
-59.718   2.034
-59.718   2.034
-59.733   2.017
-59.734   1.951
-59.734   1.951
-59.733   1.835
-59.733   1.835
-59.667   1.835
-59.667   1.835
-59.651   1.852
-59.651   1.867
-59.650   1.817
-59.684   1.768
-59.651   1.735
-59.618   1.718
-59.583   1.718
-59.534   1.717
-59.501   1.667
-59.484   1.634
-59.434   1.601
-59.401   1.550
-59.368   1.517
-59.350   1.517
-59.317   1.468
-59.284   1.450
-59.267   1.401
-59.217   1.368
-59.167   1.351
-59.117   1.335
-59.067   1.318
-59.002   1.318
-58.950   1.300
-58.917   1.283
-58.900   1.233
-58.883   1.217
