-41.850  -2.800
-41.850  -2.900
-41.800  -2.933
-41.800  -2.950
-41.800  -2.983
-41.833  -3.017
-41.850  -3.050
-41.883  -3.067
-41.900  -3.100
-41.917  -3.117
-41.933  -3.183
-41.967  -3.167
-41.967  -3.217
-42.000  -3.250
-42.033  -3.250
-42.133  -3.267
-42.100  -3.300
-42.133  -3.317
-42.133  -3.350
-42.167  -3.383
-42.200  -3.400
-42.217  -3.433
-42.250  -3.433
-42.283  -3.450
-42.317  -3.450
-42.333  -3.433
-42.350  -3.450
-42.400  -3.450
-42.400  -3.467
-42.417  -3.467
-42.433  -3.450
-42.450  -3.450
-42.450  -3.467
-42.483  -3.483
-42.483  -3.450
-42.500  -3.433
-42.517  -3.450
-42.517  -3.467
-42.533  -3.500
-42.583  -3.567
-42.617  -3.567
-42.633  -3.633
-42.667  -3.650
-42.683  -3.683
-42.667  -3.717
-42.683  -3.750
-42.667  -3.783
-42.700  -3.817
-42.717  -3.883
-42.733  -3.917
-42.767  -3.933
-42.783  -3.967
-42.817  -4.000
-42.833  -4.017
-42.850  -4.067
-42.867  -4.100
-42.900  -4.133
-42.883  -4.150
-42.883  -4.167
-42.933  -4.167
-42.983  -4.217
-42.983  -4.300
-42.950  -4.333
-42.967  -4.367
-42.950  -4.383
-42.917  -4.383
-42.867  -4.433
-42.867  -4.467
-42.850  -4.500
-42.867  -4.517
-42.867  -4.567
-42.900  -4.633
-42.933  -4.667
-42.950  -4.683
-42.950  -4.700
-42.917  -4.733
-42.933  -4.750
-42.950  -4.783
-42.933  -4.817
-42.900  -4.833
-42.883  -4.900
-42.867  -4.933
-42.850  -4.983
-42.850  -5.000
-42.850  -5.050
-42.817  -5.083
-42.800  -5.183
-42.833  -5.250
-42.800  -5.300
-42.817  -5.317
-42.833  -5.350
-42.867  -5.383
-42.900  -5.400
-42.917  -5.433
-42.967  -5.450
-42.967  -5.467
-43.017  -5.567
-43.033  -5.583
-43.083  -5.600
-43.100  -5.617
-43.100  -5.633
-43.083  -5.650
-43.083  -5.700
-43.067  -5.733
-43.100  -5.750
-43.083  -5.817
-43.100  -5.833
-43.067  -5.867
-43.100  -5.900
-43.083  -5.950
-43.050  -6.000
-43.067  -6.050
-43.050  -6.083
-43.033  -6.117
-42.983  -6.117
-42.967  -6.183
-42.933  -6.183
-42.917  -6.217
-42.867  -6.233
-42.850  -6.267
-42.850  -6.300
-42.867  -6.317
-42.850  -6.333
-42.833  -6.333
-42.833  -6.350
-42.850  -6.367
-42.850  -6.400
-42.867  -6.417
-42.867  -6.467
-42.883  -6.500
-42.883  -6.533
-42.900  -6.583
-42.917  -6.617
-42.917  -6.633
-42.917  -6.667
-42.983  -6.717
-43.000  -6.767
-43.050  -6.767
-43.067  -6.750
-43.100  -6.767
-43.150  -6.783
-43.200  -6.767
-43.233  -6.767
-43.283  -6.800
-43.350  -6.800
-43.367  -6.817
-43.383  -6.833
-43.400  -6.833
-43.467  -6.850
-43.500  -6.800
-43.550  -6.800
-43.567  -6.767
-43.600  -6.750
-43.650  -6.717
-43.683  -6.700
-43.750  -6.700
-43.783  -6.700
-43.817  -6.733
-43.833  -6.733
-43.917  -6.767
-43.967  -6.750
-44.000  -6.750
-44.000  -2.642
-43.950  -2.617
-43.950  -2.600
-43.933  -2.567
-43.917  -2.550
-43.900  -2.567
-43.900  -2.583
-43.883  -2.633
-43.867  -2.600
-43.850  -2.567
-43.817  -2.583
-43.800  -2.583
-43.783  -2.567
-43.750  -2.567
-43.717  -2.550
-43.700  -2.533
-43.667  -2.500
-43.650  -2.483
-43.617  -2.533
-43.600  -2.517
-43.550  -2.483
-43.550  -2.467
-43.550  -2.433
-43.533  -2.417
-43.517  -2.433
-43.517  -2.450
-43.517  -2.467
-43.500  -2.483
-43.467  -2.500
-43.450  -2.550
-43.433  -2.550
-43.450  -2.517
-43.450  -2.467
-43.467  -2.433
-43.450  -2.433
-43.433  -2.450
-43.383  -2.450
-43.433  -2.433
-43.467  -2.383
-43.500  -2.383
-43.450  -2.350
-43.433  -2.333
-43.383  -2.333
-43.383  -2.350
-43.367  -2.333
-43.317  -2.333
-43.233  -2.367
-43.133  -2.400
-43.017  -2.467
-42.767  -2.567
-42.750  -2.550
-42.717  -2.550
-42.667  -2.617
-42.567  -2.683
-42.500  -2.683
-42.500  -2.700
-42.533  -2.717
-42.467  -2.717
-42.483  -2.700
-42.367  -2.717
-42.350  -2.750
-42.283  -2.750
-42.233  -2.817
-42.217  -2.800
-42.200  -2.817
-42.167  -2.817
-42.183  -2.783
-42.150  -2.783
-42.117  -2.767
-42.100  -2.800
-42.067  -2.817
-42.033  -2.800
-42.017  -2.817
-42.017  -2.733
-42.033  -2.733
-42.033  -2.700
-42.000  -2.700
-41.833  -2.717
-41.817  -2.733
-41.850  -2.767
-41.850  -2.800
