-40.500  -7.317
-40.500  -7.300
-40.517  -7.233
-40.500  -7.150
-40.450  -7.067
-40.400  -7.000
-40.433  -6.933
-40.417  -6.883
-40.370  -6.800
-40.383  -6.767
-40.433  -6.767
-40.467  -6.733
-40.567  -6.717
-40.633  -6.683
-40.717  -6.683
-40.733  -6.650
-40.700  -6.600
-40.717  -6.550
-40.783  -6.517
-40.800  -6.500
-40.800  -6.383
-40.783  -6.367
-40.783  -6.317
-40.817  -6.267
-40.850  -6.200
-40.833  -6.133
-40.867  -6.100
-40.867  -6.050
-40.883  -6.033
-40.900  -6.000
-40.867  -5.967
-40.900  -5.900
-40.883  -5.850
-40.883  -5.800
-40.900  -5.767
-40.917  -5.717
-40.917  -5.617
-40.933  -5.567
-40.933  -5.533
-40.917  -5.483
-40.933  -5.467
-40.983  -5.433
-41.000  -5.400
-41.050  -5.333
-41.050  -5.267
-41.067  -5.200
-41.067  -5.133
-41.083  -5.083
-41.100  -5.033
-41.117  -4.983
-41.117  -4.900
-41.150  -4.883
-41.167  -4.883
-41.183  -4.850
-41.183  -4.850
-41.167  -4.800
-41.167  -4.733
-41.200  -4.667
-41.217  -4.633
-41.250  -4.600
-41.233  -4.567
-41.183  -4.533
-41.150  -4.500
-41.133  -4.417
-41.100  -4.367
-41.067  -4.317
-41.083  -4.283
-41.100  -4.217
-41.117  -4.183
-41.233  -4.000
-41.283  -3.933
-41.300  -3.800
-41.333  -3.750
-41.350  -3.683
-41.383  -3.600
-41.400  -3.550
-41.417  -3.417
-41.417  -3.367
-41.400  -3.317
-41.333  -3.200
-41.317  -3.150
-41.267  -3.083
-41.250  -3.033
-41.267  -3.000
-41.300  -2.967
-41.333  -2.933
-41.400  -2.917
-41.433  -2.917
-41.500  -2.900
-41.583  -2.917
-41.667  -2.850
-41.733  -2.817
-41.800  -2.750
-41.850  -2.800
-41.850  -2.900
-41.800  -2.933
-41.800  -2.950
-41.800  -2.983
-41.833  -3.017
-41.850  -3.050
-41.883  -3.067
-41.900  -3.100
-41.917  -3.117
-41.933  -3.183
-41.967  -3.167
-41.967  -3.217
-42.000  -3.250
-42.033  -3.250
-42.133  -3.267
-42.100  -3.300
-42.133  -3.317
-42.133  -3.350
-42.167  -3.383
-42.200  -3.400
-42.217  -3.433
-42.250  -3.433
-42.283  -3.450
-42.317  -3.450
-42.333  -3.433
-42.350  -3.450
-42.400  -3.450
-42.400  -3.467
-42.417  -3.467
-42.433  -3.450
-42.450  -3.450
-42.450  -3.467
-42.483  -3.483
-42.483  -3.450
-42.500  -3.433
-42.517  -3.450
-42.517  -3.467
-42.533  -3.500
-42.583  -3.567
-42.617  -3.567
-42.633  -3.633
-42.667  -3.650
-42.683  -3.683
-42.667  -3.717
-42.683  -3.750
-42.667  -3.783
-42.700  -3.817
-42.717  -3.883
-42.733  -3.917
-42.767  -3.933
-42.783  -3.967
-42.817  -4.000
-42.833  -4.017
-42.850  -4.067
-42.867  -4.100
-42.900  -4.133
-42.883  -4.150
-42.883  -4.167
-42.933  -4.167
-42.983  -4.217
-42.983  -4.300
-42.950  -4.333
-42.967  -4.367
-42.950  -4.383
-42.917  -4.383
-42.867  -4.433
-42.867  -4.467
-42.850  -4.500
-42.867  -4.517
-42.867  -4.567
-42.900  -4.633
-42.933  -4.667
-42.950  -4.683
-42.950  -4.700
-42.917  -4.733
-42.933  -4.750
-42.950  -4.783
-42.933  -4.817
-42.900  -4.833
-42.883  -4.900
-42.867  -4.933
-42.850  -4.983
-42.850  -5.000
-42.850  -5.050
-42.817  -5.083
-42.800  -5.183
-42.833  -5.250
-42.800  -5.300
-42.817  -5.317
-42.833  -5.350
-42.867  -5.383
-42.900  -5.400
-42.917  -5.433
-42.967  -5.450
-42.967  -5.467
-43.017  -5.567
-43.033  -5.583
-43.083  -5.600
-43.100  -5.617
-43.100  -5.633
-43.083  -5.650
-43.083  -5.700
-43.067  -5.733
-43.100  -5.750
-43.083  -5.817
-43.100  -5.833
-43.067  -5.867
-43.100  -5.900
-43.083  -5.950
-43.050  -6.000
-43.067  -6.050
-43.050  -6.083
-43.033  -6.117
-42.983  -6.117
-42.967  -6.183
-42.933  -6.183
-42.917  -6.217
-42.867  -6.233
-42.850  -6.267
-42.850  -6.300
-42.867  -6.317
-42.850  -6.333
-42.833  -6.333
-42.833  -6.350
-42.850  -6.367
-42.850  -6.400
-42.867  -6.417
-42.867  -6.467
-42.883  -6.500
-42.883  -6.533
-42.900  -6.583
-42.917  -6.617
-42.917  -6.633
-42.917  -6.667
-42.983  -6.717
-43.000  -6.767
-43.050  -6.767
-43.067  -6.750
-43.100  -6.767
-43.150  -6.783
-43.200  -6.767
-43.233  -6.767
-43.283  -6.800
-43.350  -6.800
-43.367  -6.817
-43.383  -6.833
-43.400  -6.833
-43.467  -6.850
-43.500  -6.800
-43.550  -6.800
-43.567  -6.767
-43.600  -6.750
-43.650  -6.717
-43.683  -6.700
-43.750  -6.700
-43.783  -6.700
-43.817  -6.733
-43.833  -6.733
-43.917  -6.767
-43.967  -6.750
-44.000  -6.750
-44.050  -6.767
-44.067  -6.783
-44.083  -6.817
-44.117  -6.817
-44.133  -6.850
-44.167  -6.900
-44.183  -6.917
-44.200  -6.967
-44.250  -7.000
-44.267  -7.033
-44.283  -7.083
-44.300  -7.117
-44.317  -7.117
-44.400  -7.117
-44.433  -7.150
-44.483  -7.167
-44.533  -7.217
-44.567  -7.233
-44.617  -7.300
-44.667  -7.333
-44.683  -7.383
-44.717  -7.400
-44.733  -7.383
-44.750  -7.350
-44.767  -7.367
-44.800  -7.367
-44.817  -7.350
-44.833  -7.383
-44.850  -7.383
-44.867  -7.417
-44.883  -7.433
-44.900  -7.417
-44.933  -7.467
-44.983  -7.483
-45.017  -7.500
-45.050  -7.517
-45.083  -7.500
-45.100  -7.517
-45.133  -7.533
-45.150  -7.517
-45.167  -7.533
-45.183  -7.550
-45.217  -7.567
-45.233  -7.550
-45.267  -7.567
-45.317  -7.583
-45.350  -7.600
-45.367  -7.617
-45.383  -7.617
-45.400  -7.650
-45.417  -7.667
-45.450  -7.683
-45.467  -7.700
-45.467  -7.717
-45.483  -7.733
-45.483  -7.750
-45.517  -7.833
-45.533  -7.867
-45.517  -7.883
-45.533  -7.900
-45.517  -7.917
-45.533  -7.933
-45.567  -8.000
-45.583  -8.017
-45.567  -8.050
-45.567  -8.067
-45.583  -8.117
-45.583  -8.167
-45.617  -8.200
-45.650  -8.250
-45.717  -8.400
-45.733  -8.450
-45.750  -8.517
-45.783  -8.583
-45.767  -8.600
-45.767  -8.617
-45.800  -8.617
-45.817  -8.650
-45.817  -8.667
-45.833  -8.700
-45.850  -8.700
-45.867  -8.733
-45.917  -8.767
-45.950  -8.817
-45.950  -8.833
-45.967  -8.850
-45.967  -8.867
-45.983  -8.950
-45.950  -8.983
-45.933  -9.067
-45.900  -9.250
-45.900  -9.317
-45.883  -9.350
-45.833  -9.383
-45.800  -9.450
-45.783  -9.483
-45.833  -9.550
-45.833  -9.633
-45.833  -9.683
-45.817  -9.767
-45.867  -9.867
-45.833  -9.950
-45.867 -10.033
-45.883 -10.100
-45.917 -10.167
-46.000 -10.250
-46.000 -10.283
-46.004 -10.262
-45.867 -10.300
-45.783 -10.317
-45.783 -10.317
-45.717 -10.300
-45.617 -10.300
-45.567 -10.333
-45.550 -10.333
-45.517 -10.367
-45.483 -10.417
-45.450 -10.567
-45.433 -10.600
-45.367 -10.667
-45.350 -10.733
-45.317 -10.767
-45.283 -10.783
-45.250 -10.817
-45.183 -10.817
-45.117 -10.833
-45.067 -10.850
-44.983 -10.900
-44.933 -10.900
-44.930 -10.928
-44.867 -10.883
-44.817 -10.850
-44.733 -10.783
-44.683 -10.750
-44.667 -10.717
-44.650 -10.700
-44.617 -10.650
-44.517 -10.633
-44.450 -10.617
-44.383 -10.583
-44.367 -10.567
-44.317 -10.567
-44.283 -10.600
-44.267 -10.617
-44.233 -10.617
-44.200 -10.617
-44.067 -10.567
-44.050 -10.500
-44.033 -10.483
-44.033 -10.417
-44.017 -10.400
-43.983 -10.433
-43.950 -10.433
-43.917 -10.417
-43.933 -10.367
-43.833 -10.350
-43.850 -10.300
-43.833 -10.250
-43.783 -10.183
-43.767 -10.067
-43.717 -10.067
-43.683 -10.050
-43.667 -10.000
-43.700  -9.967
-43.700  -9.950
-43.700  -9.933
-43.717  -9.917
-43.683  -9.883
-43.683  -9.867
-43.683  -9.850
-43.667  -9.833
-43.733  -9.800
-43.750  -9.783
-43.783  -9.767
-43.817  -9.683
-43.850  -9.633
-43.850  -9.550
-43.817  -9.467
-43.800  -9.450
-43.700  -9.417
-43.650  -9.383
-43.617  -9.333
-43.600  -9.300
-43.533  -9.300
-43.517  -9.250
-43.467  -9.250
-43.417  -9.283
-43.383  -9.350
-43.333  -9.383
-43.300  -9.400
-43.267  -9.417
-43.250  -9.400
-43.183  -9.417
-43.167  -9.383
-43.133  -9.383
-43.083  -9.383
-43.067  -9.400
-43.033  -9.417
-42.983  -9.417
-42.967  -9.483
-42.950  -9.517
-42.900  -9.517
-42.867  -9.533
-42.817  -9.600
-42.783  -9.600
-42.733  -9.583
-42.733  -9.517
-42.717  -9.517
-42.700  -9.550
-42.633  -9.533
-42.600  -9.500
-42.550  -9.483
-42.533  -9.500
-42.500  -9.500
-42.500  -9.467
-42.433  -9.433
-42.317  -9.300
-42.283  -9.300
-42.233  -9.283
-42.183  -9.283
-42.133  -9.283
-42.050  -9.233
-42.000  -9.233
-41.917  -9.267
-41.900  -9.250
-41.817  -9.200
-41.767  -9.133
-41.733  -9.100
-41.733  -9.033
-41.700  -9.017
-41.650  -8.983
-41.600  -8.967
-41.567  -8.967
-41.550  -8.950
-41.483  -8.867
-41.417  -8.783
-41.350  -8.700
-41.283  -8.667
-41.217  -8.650
-41.200  -8.633
-41.200  -8.600
-41.167  -8.600
-41.133  -8.550
-41.100  -8.533
-41.083  -8.467
-41.033  -8.467
-41.033  -8.450
-41.017  -8.400
-40.983  -8.400
-40.917  -8.450
-40.900  -8.417
-40.883  -8.367
-40.850  -8.383
-40.817  -8.350
-40.817  -8.333
-40.767  -8.300
-40.767  -8.283
-40.750  -8.250
-40.717  -8.233
-40.683  -8.200
-40.633  -8.183
-40.617  -8.150
-40.583  -8.133
-40.583  -8.067
-40.567  -8.000
-40.550  -8.000
-40.550  -7.967
-40.533  -7.933
-40.533  -7.867
-40.517  -7.833
-40.517  -7.800
-40.550  -7.767
-40.583  -7.767
-40.617  -7.783
-40.667  -7.767
-40.667  -7.750
-40.667  -7.700
-40.650  -7.667
-40.633  -7.633
-40.650  -7.583
-40.683  -7.550
-40.717  -7.483
-40.717  -7.450
-40.700  -7.417
-40.683  -7.383
-40.717  -7.383
-40.700  -7.367
-40.683  -7.350
-40.650  -7.350
-40.633  -7.367
-40.633  -7.400
-40.600  -7.400
-40.583  -7.417
-40.567  -7.400
-40.533  -7.367
-40.500  -7.317


