-53.650 -26.233
-53.667 -26.200
-53.667 -26.167
-53.700 -26.133
-53.717 -26.117
-53.740 -26.116
-53.734 -26.102
-53.733 -26.100
-53.733 -26.100
-53.733 -26.083
-53.733 -26.050
-53.750 -26.033
-53.767 -26.017
-53.783 -26.017
-53.800 -26.000
-53.817 -25.983
-53.833 -25.967
-53.833 -25.933
-53.817 -25.917
-53.833 -25.900
-53.833 -25.833
-53.833 -25.833
-53.800 -25.800
-53.817 -25.817
-53.817 -25.800
-53.833 -25.800
-53.833 -25.783
-53.850 -25.767
-53.833 -25.750
-53.867 -25.750
-53.850 -25.733
-53.883 -25.717
-53.867 -25.700
-53.833 -25.700
-53.833 -25.683
-53.833 -25.683
-53.833 -25.683
-53.850 -25.667
-53.867 -25.667
-53.867 -25.650
-53.883 -25.633
-53.900 -25.633
-53.917 -25.650
-53.917 -25.617
-53.933 -25.617
-53.950 -25.650
-53.967 -25.600
-53.983 -25.584
-54.000 -25.567
-54.017 -25.550
-54.050 -25.583
-54.050 -25.550
-54.067 -25.550
-54.083 -25.550
-54.083 -25.600
-54.100 -25.617
-54.117 -25.600
-54.117 -25.533
-54.101 -25.518
-54.100 -25.500
-54.117 -25.500
-54.150 -25.533
-54.167 -25.533
-54.200 -25.517
-54.217 -25.533
-54.183 -25.567
-54.183 -25.583
-54.200 -25.583
-54.217 -25.567
-54.233 -25.567
-54.233 -25.583
-54.267 -25.583
-54.267 -25.567
-54.284 -25.551
-54.300 -25.550
-54.333 -25.567
-54.350 -25.600
-54.351 -25.585
-54.400 -25.600
-54.401 -25.635
-54.433 -25.650
-54.433 -25.683
-54.434 -25.684
-54.450 -25.683
-54.467 -25.633
-54.500 -25.617
-54.533 -25.617
-54.533 -25.583
-54.583 -25.583
-54.583 -25.584
-54.583 -25.584
-54.600 -25.467
-54.617 -25.450
-54.567 -25.367
-54.500 -25.300
-54.467 -25.200
-54.433 -25.167
-54.433 -25.117
-54.450 -25.100
-54.467 -25.033
-54.450 -25.000
-54.433 -24.967
-54.417 -24.933
-54.400 -24.850
-54.383 -24.800
-54.367 -24.767
-54.350 -24.717
-54.333 -24.683
-54.317 -24.650
-54.317 -24.600
-54.333 -24.533
-54.333 -24.483
-54.300 -24.433
-54.267 -24.383
-54.250 -24.350
-54.267 -24.317
-54.300 -24.283
-54.333 -24.250
-54.333 -24.183
-54.350 -24.150
-54.333 -24.117
-54.317 -24.100
-54.300 -24.083
-54.284 -24.052
-54.233 -24.033
-54.200 -24.017
-54.167 -24.000
-54.083 -23.917
-54.067 -23.750
-54.033 -23.667
-54.017 -23.583
-54.000 -23.517
-53.967 -23.450
-53.883 -23.400
-53.817 -23.367
-53.750 -23.333
-53.717 -23.300
-53.700 -23.267
-53.700 -23.250
-53.650 -23.167
-53.633 -23.133
-53.617 -23.067
-53.633 -23.017
-53.617 -22.983
-53.583 -22.933
-53.483 -22.850
-53.383 -22.800
-53.200 -22.733
-53.083 -22.650
-53.033 -22.617
-53.017 -22.600
-53.000 -22.600
-52.983 -22.583
-52.933 -22.567
-52.883 -22.583
-52.850 -22.617
-52.800 -22.600
-52.767 -22.617
-52.717 -22.633
-52.700 -22.633
-52.583 -22.567
-52.533 -22.617
-52.500 -22.633
-52.433 -22.617
-52.350 -22.633
-52.300 -22.633
-52.267 -22.617
-52.233 -22.633
-52.217 -22.683
-52.150 -22.650
-52.150 -22.567
-52.100 -22.500
-52.067 -22.533
-52.000 -22.550
-51.917 -22.583
-51.867 -22.633
-51.767 -22.617
-51.733 -22.633
-51.717 -22.667
-51.650 -22.650
-51.617 -22.667
-51.567 -22.700
-51.483 -22.683
-51.433 -22.650
-51.400 -22.667
-51.317 -22.667
-51.250 -22.683
-51.183 -22.733
-51.117 -22.767
-51.000 -22.783
-50.967 -22.783
-50.950 -22.800
-50.900 -22.800
-50.867 -22.817
-50.833 -22.850
-50.783 -22.900
-50.800 -22.933
-50.717 -22.950
-50.700 -22.917
-50.667 -22.900
-50.617 -22.917
-50.550 -22.917
-50.517 -22.933
-50.433 -22.933
-50.400 -22.917
-50.367 -22.917
-50.317 -22.950
-50.267 -22.933
-50.233 -22.950
-50.083 -22.933
-50.050 -22.900
-50.017 -22.917
-50.000 -22.900
-49.967 -22.900
-49.967 -22.917
-49.950 -22.933
-49.967 -22.967
-49.917 -23.000
-49.917 -23.050
-49.817 -23.083
-49.783 -23.100
-49.733 -23.100
-49.733 -23.150
-49.683 -23.183
-49.667 -23.200
-49.667 -23.333
-49.617 -23.400
-49.600 -23.433
-49.617 -23.467
-49.633 -23.500
-49.600 -23.567
-49.617 -23.600
-49.617 -23.650
-49.567 -23.683
-49.550 -23.717
-49.583 -23.750
-49.567 -23.800
-49.617 -23.850
-49.600 -23.867
-49.583 -23.867
-49.550 -23.917
-49.533 -23.900
-49.500 -23.950
-49.483 -24.000
-49.500 -24.000
-49.500 -24.017
-49.467 -24.033
-49.433 -24.067
-49.417 -24.100
-49.400 -24.117
-49.333 -24.133
-49.350 -24.217
-49.350 -24.233
-49.317 -24.267
-49.317 -24.300
-49.300 -24.317
-49.283 -24.333
-49.250 -24.350
-49.233 -24.350
-49.233 -24.383
-49.250 -24.400
-49.233 -24.417
-49.250 -24.450
-49.267 -24.483
-49.300 -24.500
-49.283 -24.533
-49.317 -24.567
-49.317 -24.667
-49.300 -24.683
-49.283 -24.700
-49.217 -24.700
-49.167 -24.667
-49.133 -24.683
-49.067 -24.683
-49.033 -24.650
-49.033 -24.633
-49.017 -24.633
-49.000 -24.650
-48.983 -24.667
-48.950 -24.683
-48.917 -24.683
-48.883 -24.667
-48.867 -24.683
-48.867 -24.667
-48.817 -24.667
-48.817 -24.683
-48.767 -24.700
-48.750 -24.683
-48.750 -24.700
-48.683 -24.683
-48.683 -24.700
-48.667 -24.683
-48.667 -24.700
-48.650 -24.700
-48.617 -24.683
-48.583 -24.683
-48.550 -24.733
-48.500 -24.750
-48.517 -24.767
-48.550 -24.800
-48.567 -24.867
-48.550 -24.883
-48.567 -24.900
-48.567 -24.950
-48.600 -25.000
-48.583 -25.050
-48.550 -25.050
-48.500 -25.050
-48.433 -25.000
-48.417 -24.983
-48.333 -25.050
-48.300 -25.050
-48.267 -25.017
-48.200 -25.050
-48.200 -25.083
-48.167 -25.133
-48.167 -25.150
-48.183 -25.183
-48.150 -25.233
-48.083 -25.233
-48.083 -25.300
-48.133 -25.333
-48.183 -25.400
-48.217 -25.467
-48.250 -25.467
-48.267 -25.433
-48.250 -25.417
-48.233 -25.417
-48.233 -25.400
-48.233 -25.350
-48.217 -25.333
-48.083 -25.250
-48.200 -25.300
-48.233 -25.300
-48.233 -25.317
-48.267 -25.317
-48.283 -25.283
-48.283 -25.350
-48.267 -25.350
-48.250 -25.367
-48.250 -25.400
-48.283 -25.433
-48.267 -25.483
-48.300 -25.500
-48.333 -25.467
-48.317 -25.450
-48.333 -25.450
-48.350 -25.417
-48.333 -25.383
-48.317 -25.367
-48.350 -25.350
-48.350 -25.333
-48.333 -25.317
-48.333 -25.300
-48.333 -25.267
-48.317 -25.250
-48.333 -25.233
-48.350 -25.233
-48.367 -25.267
-48.383 -25.283
-48.367 -25.300
-48.367 -25.317
-48.383 -25.317
-48.400 -25.300
-48.417 -25.283
-48.417 -25.250
-48.433 -25.250
-48.450 -25.267
-48.450 -25.283
-48.433 -25.300
-48.450 -25.333
-48.500 -25.333
-48.500 -25.350
-48.450 -25.350
-48.450 -25.367
-48.433 -25.383
-48.433 -25.417
-48.417 -25.433
-48.467 -25.450
-48.467 -25.483
-48.517 -25.483
-48.517 -25.450
-48.550 -25.450
-48.567 -25.467
-48.600 -25.450
-48.617 -25.467
-48.650 -25.450
-48.667 -25.433
-48.683 -25.433
-48.700 -25.417
-48.717 -25.367
-48.733 -25.383
-48.717 -25.417
-48.683 -25.467
-48.683 -25.483
-48.733 -25.483
-48.717 -25.500
-48.650 -25.500
-48.633 -25.517
-48.650 -25.517
-48.633 -25.533
-48.617 -25.533
-48.600 -25.517
-48.517 -25.517
-48.483 -25.533
-48.417 -25.550
-48.383 -25.550
-48.367 -25.567
-48.367 -25.583
-48.417 -25.600
-48.450 -25.650
-48.483 -25.700
-48.517 -25.767
-48.533 -25.817
-48.533 -25.850
-48.583 -25.850
-48.600 -25.817
-48.633 -25.817
-48.600 -25.850
-48.683 -25.850
-48.717 -25.867
-48.700 -25.883
-48.617 -25.883
-48.567 -25.867
-48.567 -25.883
-48.583 -25.933
-48.600 -25.983
-48.600 -25.983
-48.967 -25.967
-49.067 -26.017
-49.083 -26.000
-49.100 -26.017
-49.117 -26.000
-49.133 -26.000
-49.150 -26.017
-49.167 -26.000
-49.233 -26.017
-49.250 -26.033
-49.283 -26.067
-49.300 -26.117
-49.367 -26.133
-49.383 -26.167
-49.450 -26.167
-49.483 -26.183
-49.500 -26.200
-49.517 -26.217
-49.550 -26.217
-49.567 -26.233
-49.600 -26.233
-49.617 -26.217
-49.633 -26.217
-49.633 -26.183
-49.650 -26.217
-49.667 -26.200
-49.683 -26.200
-49.683 -26.183
-49.733 -26.150
-49.767 -26.117
-49.783 -26.083
-49.833 -26.100
-49.833 -26.067
-49.850 -26.067
-49.883 -26.033
-49.900 -26.033
-49.917 -26.017
-49.967 -26.017
-49.950 -26.033
-49.983 -26.050
-49.983 -26.017
-50.017 -26.000
-50.017 -26.033
-50.033 -26.033
-50.050 -26.050
-50.083 -26.033
-50.100 -26.050
-50.117 -26.067
-50.133 -26.050
-50.167 -26.067
-50.183 -26.050
-50.233 -26.050
-50.250 -26.033
-50.283 -26.050
-50.317 -26.067
-50.333 -26.133
-50.367 -26.117
-50.367 -26.083
-50.400 -26.050
-50.417 -26.067
-50.450 -26.050
-50.450 -26.033
-50.483 -26.033
-50.483 -26.017
-50.517 -26.033
-50.550 -26.033
-50.567 -26.000
-50.600 -26.033
-50.600 -26.050
-50.550 -26.050
-50.550 -26.067
-50.633 -26.067
-50.667 -26.100
-50.650 -26.133
-50.683 -26.150
-50.700 -26.183
-50.733 -26.217
-50.717 -26.250
-50.750 -26.250
-50.767 -26.217
-50.817 -26.233
-50.833 -26.267
-50.850 -26.267
-50.867 -26.250
-50.883 -26.283
-50.900 -26.283
-50.917 -26.250
-50.933 -26.233
-50.950 -26.250
-50.933 -26.267
-50.950 -26.283
-50.967 -26.267
-50.967 -26.250
-51.000 -26.233
-51.050 -26.250
-51.067 -26.233
-51.117 -26.267
-51.167 -26.283
-51.250 -26.333
-51.267 -26.333
-51.250 -26.367
-51.267 -26.383
-51.283 -26.400
-51.300 -26.433
-51.267 -26.450
-51.250 -26.467
-51.250 -26.483
-51.267 -26.500
-51.250 -26.533
-51.217 -26.567
-51.233 -26.617
-51.267 -26.617
-51.283 -26.650
-51.333 -26.650
-51.383 -26.667
-51.383 -26.700
-51.400 -26.717
-51.433 -26.683
-51.450 -26.633
-51.483 -26.633
-51.500 -26.583
-51.617 -26.600
-51.650 -26.583
-51.883 -26.583
-51.967 -26.567
-51.983 -26.567
-52.033 -26.533
-52.100 -26.500
-52.117 -26.483
-52.167 -26.467
-52.200 -26.450
-52.233 -26.467
-52.333 -26.433
-52.367 -26.433
-52.383 -26.433
-52.433 -26.433
-52.517 -26.400
-52.567 -26.400
-52.600 -26.417
-52.667 -26.367
-52.700 -26.350
-52.817 -26.333
-52.883 -26.333
-52.917 -26.350
-52.967 -26.350
-53.050 -26.367
-53.117 -26.367
-53.167 -26.333
-53.217 -26.317
-53.283 -26.233
-53.400 -26.250
-53.417 -26.267
-53.450 -26.283
-53.500 -26.300
-53.550 -26.283
-53.600 -26.250
-53.633 -26.233
-53.650 -26.233
