-36.733 -10.267
-36.783 -10.217
-36.817 -10.217
-36.867 -10.167
-36.933 -10.117
-36.967 -10.067
-36.967 -10.000
-37.000  -9.983
-37.050  -9.983
-37.150  -9.900
-37.233  -9.900
-37.267  -9.850
-37.300  -9.833
-37.383  -9.783
-37.467  -9.750
-37.600  -9.733
-37.650  -9.700
-37.700  -9.650
-37.733  -9.633
-37.833  -9.600
-37.900  -9.550
-37.917  -9.550
-37.933  -9.533
-38.000  -9.533
-38.017  -9.500
-38.117  -9.433
-38.200  -9.417
-38.233  -9.333
-38.150  -9.233
-38.100  -9.200
-38.083  -9.200
-37.983  -9.167
-37.967  -9.133
-37.917  -9.067
-37.883  -9.050
-37.883  -9.033
-37.867  -9.017
-37.833  -8.967
-37.800  -8.883
-37.767  -8.867
-37.750  -8.883
-37.717  -8.917
-37.667  -9.000
-37.617  -9.000
-37.600  -8.983
-37.550  -8.983
-37.500  -8.983
-37.467  -9.017
-37.400  -9.050
-37.300  -9.100
-37.283  -9.133
-37.233  -9.183
-37.217  -9.233
-37.200  -9.217
-37.167  -9.267
-37.133  -9.267
-37.133  -9.233
-37.083  -9.250
-37.067  -9.283
-37.067  -9.317
-37.033  -9.317
-36.950  -9.383
-36.917  -9.283
-36.833  -9.267
-36.733  -9.283
-36.700  -9.300
-36.633  -9.350
-36.617  -9.350
-36.583  -9.333
-36.533  -9.333
-36.550  -9.300
-36.500  -9.233
-36.433  -9.217
-36.367  -9.217
-36.350  -9.200
-36.317  -9.167
-36.267  -9.150
-36.283  -9.100
-36.267  -9.083
-36.217  -9.083
-36.183  -9.017
-36.117  -9.000
-36.067  -8.917
-36.000  -8.900
-35.917  -8.883
-35.900  -8.867
-35.850  -8.867
-35.817  -8.867
-35.767  -8.867
-35.783  -8.883
-35.717  -8.917
-35.683  -8.900
-35.650  -8.883
-35.617  -8.867
-35.567  -8.833
-35.517  -8.817
-35.467  -8.800
-35.433  -8.833
-35.417  -8.833
-35.400  -8.850
-35.383  -8.867
-35.333  -8.883
-35.317  -8.867
-35.217  -8.883
-35.183  -8.883
-35.150  -8.900
-35.183  -8.983
-35.217  -9.017
-35.233  -9.050
-35.283  -9.150
-35.300  -9.200
-35.333  -9.233
-35.350  -9.267
-35.383  -9.300
-35.417  -9.333
-35.433  -9.350
-35.450  -9.367
-35.483  -9.400
-35.517  -9.450
-35.550  -9.483
-35.583  -9.533
-35.617  -9.550
-35.683  -9.633
-35.700  -9.650
-35.700  -9.667
-35.717  -9.683
-35.750  -9.683
-35.783  -9.717
-35.817  -9.733
-35.867  -9.817
-35.883  -9.833
-35.900  -9.850
-35.950  -9.917
-35.967  -9.967
-35.983  -9.983
-36.000  -9.967
-36.033 -10.033
-36.067 -10.083
-36.117 -10.117
-36.133 -10.150
-36.183 -10.183
-36.217 -10.217
-36.250 -10.233
-36.267 -10.250
-36.300 -10.300
-36.300 -10.367
-36.317 -10.367
-36.350 -10.417
-36.400 -10.483
-36.417 -10.483
-36.433 -10.417
-36.467 -10.400
-36.550 -10.417
-36.567 -10.400
-36.567 -10.350
-36.567 -10.317
-36.567 -10.300
-36.617 -10.250
-36.633 -10.250
-36.667 -10.267
-36.733 -10.267
