-29.3387 -20.4853
-29.3293 -20.4915
-29.3257 -20.4946
-29.3210 -20.4977
-29.3186 -20.5008
-29.3150 -20.5039
-29.3125 -20.5080
-29.3090 -20.5101
-29.3044 -20.5120
-29.2999 -20.5130
-29.2964 -20.5150
-29.2940 -20.5191
-29.2937 -20.5243
-29.2969 -20.5275
-29.3001 -20.5307
-29.3045 -20.5308
-29.3080 -20.5278
-29.3105 -20.5237
-29.3161 -20.5238
-29.3204 -20.5260
-29.3236 -20.5292
-29.3291 -20.5293
-29.3327 -20.5263
-29.3352 -20.5222
-29.3387 -20.5192
-29.3391 -20.5139
-29.3405 -20.5098
-29.3430 -20.5056
-29.3433 -20.5014
-29.3436 -20.4972
-29.3416 -20.4929
-29.3372 -20.4906
-29.3375 -20.4864
-29.3387 -20.4853
