-38.533  -6.383
-38.500  -6.350
-38.467  -6.333
-38.500  -6.367
-38.483  -6.400
-38.450  -6.417
-38.417  -6.417
-38.400  -6.433
-38.367  -6.450
-38.317  -6.467
-38.283  -6.500
-38.233  -6.483
-38.183  -6.483
-38.150  -6.500
-38.117  -6.533
-38.067  -6.450
-38.050  -6.450
-38.050  -6.500
-38.033  -6.500
-38.033  -6.450
-38.000  -6.417
-37.983  -6.417
-37.933  -6.400
-37.867  -6.383
-37.817  -6.300
-37.783  -6.300
-37.683  -6.250
-37.667  -6.233
-37.650  -6.150
-37.617  -6.133
-37.583  -6.133
-37.550  -6.117
-37.533  -6.100
-37.450  -6.100
-37.417  -6.083
-37.383  -6.067
-37.367  -6.083
-37.333  -6.067
-37.300  -6.050
-37.267  -6.033
-37.233  -6.033
-37.183  -6.050
-37.154  -6.030
-37.167  -6.133
-37.300  -6.267
-37.350  -6.300
-37.383  -6.350
-37.400  -6.400
-37.400  -6.450
-37.417  -6.500
-37.433  -6.517
-37.500  -6.533
-37.533  -6.583
-37.533  -6.683
-37.283  -6.717
-37.267  -6.800
-37.267  -6.833
-37.217  -6.833
-37.183  -6.800
-37.133  -6.800
-37.117  -6.833
-37.100  -6.833
-37.000  -6.717
-36.983  -6.700
-36.950  -6.767
-36.833  -6.717
-36.783  -6.767
-36.767  -6.800
-36.733  -6.817
-36.767  -6.900
-36.767  -6.933
-36.733  -6.967
-36.717  -6.983
-36.700  -6.917
-36.583  -6.917
-36.567  -6.900
-36.550  -6.833
-36.517  -6.800
-36.500  -6.750
-36.517  -6.733
-36.567  -6.717
-36.517  -6.583
-36.467  -6.617
-36.450  -6.617
-36.450  -6.550
-36.467  -6.550
-36.500  -6.500
-36.533  -6.483
-36.533  -6.450
-36.500  -6.350
-36.433  -6.367
-36.383  -6.300
-36.367  -6.317
-36.317  -6.283
-36.283  -6.317
-36.300  -6.367
-36.250  -6.433
-36.150  -6.433
-36.083  -6.450
-36.067  -6.433
-36.000  -6.467
-36.000  -6.483
-35.800  -6.483
-35.717  -6.467
-35.700  -6.467
-35.683  -6.450
-35.650  -6.450
-35.600  -6.467
-35.583  -6.483
-35.550  -6.500
-35.533  -6.483
-35.417  -6.483
-35.383  -6.517
-35.333  -6.550
-35.233  -6.533
-35.217  -6.517
-35.183  -6.550
-35.150  -6.550
-35.117  -6.517
-35.100  -6.500
-35.083  -6.517
-35.050  -6.533
-35.017  -6.517
-34.983  -6.500
-34.967  -6.483
-34.950  -6.683
-34.933  -6.683
-34.933  -6.733
-34.950  -6.783
-34.917  -6.767
-34.917  -6.833
-34.883  -6.883
-34.867  -6.900
-34.867  -6.933
-34.850  -6.967
-34.883  -6.983
-34.883  -7.000
-34.867  -7.033
-34.833  -6.983
-34.833  -7.017
-34.833  -7.033
-34.850  -7.050
-34.833  -7.067
-34.833  -7.083
-34.817  -7.117
-34.817  -7.133
-34.800  -7.150
-34.783  -7.150
-34.817  -7.233
-34.800  -7.300
-34.800  -7.317
-34.817  -7.500
-34.817  -7.533
-34.900  -7.550
-34.917  -7.533
-34.967  -7.533
-34.983  -7.483
-34.983  -7.467
-35.000  -7.450
-35.017  -7.450
-35.050  -7.417
-35.067  -7.383
-35.100  -7.400
-35.150  -7.400
-35.200  -7.383
-35.250  -7.367
-35.400  -7.450
-35.417  -7.467
-35.467  -7.433
-35.500  -7.450
-35.517  -7.467
-35.550  -7.550
-35.533  -7.583
-35.550  -7.633
-35.583  -7.650
-35.617  -7.667
-35.683  -7.700
-35.750  -7.717
-35.767  -7.733
-35.883  -7.750
-35.883  -7.717
-35.900  -7.717
-35.917  -7.750
-35.900  -7.767
-35.867  -7.800
-35.950  -7.800
-35.950  -7.817
-35.950  -7.833
-36.000  -7.800
-36.050  -7.800
-36.067  -7.783
-36.150  -7.783
-36.167  -7.800
-36.183  -7.783
-36.200  -7.783
-36.217  -7.767
-36.267  -7.783
-36.250  -7.817
-36.300  -7.817
-36.333  -7.800
-36.400  -7.800
-36.433  -7.817
-36.450  -7.867
-36.450  -7.900
-36.467  -7.917
-36.517  -7.917
-36.550  -7.900
-36.583  -7.883
-36.600  -7.950
-36.617  -7.950
-36.633  -8.000
-36.650  -8.067
-36.667  -8.083
-36.650  -8.117
-36.933  -8.267
-36.950  -8.283
-36.967  -8.300
-36.983  -8.300
-37.017  -8.300
-37.033  -8.267
-37.067  -8.267
-37.117  -8.233
-37.150  -8.250
-37.167  -8.217
-37.117  -8.183
-37.117  -8.150
-37.167  -8.117
-37.150  -8.067
-37.150  -8.017
-37.167  -8.000
-37.200  -7.983
-37.217  -7.950
-37.250  -7.967
-37.267  -7.983
-37.350  -7.967
-37.367  -7.950
-37.317  -7.933
-37.300  -7.917
-37.300  -7.900
-37.267  -7.883
-37.250  -7.867
-37.250  -7.850
-37.150  -7.783
-37.200  -7.633
-37.217  -7.583
-37.200  -7.567
-37.133  -7.567
-37.117  -7.517
-37.067  -7.500
-37.017  -7.500
-37.005  -7.469
-37.017  -7.450
-37.017  -7.433
-37.033  -7.383
-37.100  -7.367
-37.150  -7.333
-37.217  -7.283
-37.250  -7.267
-37.333  -7.283
-37.350  -7.317
-37.367  -7.367
-37.483  -7.350
-37.500  -7.367
-37.500  -7.400
-37.583  -7.483
-37.617  -7.517
-37.667  -7.533
-37.717  -7.567
-37.750  -7.583
-37.767  -7.600
-37.867  -7.650
-37.933  -7.700
-38.000  -7.767
-38.033  -7.750
-38.067  -7.750
-38.067  -7.817
-38.100  -7.833
-38.117  -7.817
-38.150  -7.800
-38.183  -7.783
-38.217  -7.800
-38.233  -7.833
-38.283  -7.833
-38.283  -7.800
-38.317  -7.767
-38.333  -7.700
-38.350  -7.683
-38.433  -7.733
-38.483  -7.717
-38.517  -7.750
-38.533  -7.767
-38.567  -7.733
-38.583  -7.750
-38.600  -7.733
-38.600  -7.700
-38.617  -7.683
-38.633  -7.683
-38.667  -7.650
-38.700  -7.633
-38.717  -7.600
-38.700  -7.583
-38.700  -7.583
-38.650  -7.550
-38.633  -7.533
-38.600  -7.450
-38.600  -7.400
-38.583  -7.400
-38.567  -7.367
-38.533  -7.317
-38.550  -7.283
-38.567  -7.250
-38.600  -7.250
-38.617  -7.200
-38.633  -7.200
-38.633  -7.183
-38.683  -7.183
-38.683  -7.167
-38.667  -7.133
-38.667  -7.083
-38.683  -7.050
-38.733  -7.000
-38.767  -6.967
-38.750  -6.967
-38.750  -6.933
-38.783  -6.900
-38.733  -6.883
-38.700  -6.867
-38.683  -6.833
-38.667  -6.800
-38.650  -6.783
-38.650  -6.733
-38.683  -6.700
-38.650  -6.667
-38.650  -6.617
-38.617  -6.583
-38.633  -6.550
-38.583  -6.467
-38.550  -6.433
-38.517  -6.417
-38.533  -6.383
