-51.917  -1.133
-51.933  -1.133
-51.950  -1.167
-51.967  -1.167
-51.967  -1.117
-52.000  -1.133
-51.983  -1.167
-52.033  -1.167
-52.067  -1.183
-52.050  -1.217
-52.050  -1.233
-52.083  -1.233
-52.117  -1.217
-52.117  -1.167
-52.133  -1.150
-52.200  -1.133
-52.333  -1.117
-52.350  -1.083
-52.433  -1.050
-52.417  -1.033
-52.417   -.967
-52.433   -.950
-52.433   -.917
-52.400   -.900
-52.400   -.883
-52.417   -.850
-52.450   -.817
-52.483   -.850
-52.550   -.850
-52.550   -.833
-52.517   -.817
-52.533   -.783
-52.500   -.733
-52.517   -.683
-52.517   -.667
-52.533   -.600
-52.533   -.583
-52.550   -.567
-52.633   -.583
-52.650   -.583
-52.667   -.567
-52.683   -.533
-52.700   -.483
-52.700   -.467
-52.700   -.450
-52.683   -.417
-52.700   -.383
-52.683   -.350
-52.683   -.317
-52.717   -.283
-52.767   -.267
-52.783   -.217
-52.817   -.200
-52.833   -.183
-52.850   -.150
-52.883   -.150
-52.900   -.167
-52.933   -.150
-52.950   -.117
-52.967   -.050
-52.967    .000
-52.983    .033
-53.000    .050
-53.017    .083
-53.033    .117
-53.050    .167
-53.067    .167
-53.083    .183
-53.100    .217
-53.100    .250
-53.100    .267
-53.133    .300
-53.150    .333
-53.183    .383
-53.167    .417
-53.167    .450
-53.183    .467
-53.167    .483
-53.167    .500
-53.183    .517
-53.150    .550
-53.167    .567
-53.150    .600
-53.117    .650
-53.117    .683
-53.150    .700
-53.167    .733
-53.183    .750
-53.233    .783
-53.267    .817
-53.300    .850
-53.350    .883
-53.400    .917
-53.417    .950
-53.417    .967
-53.417    .983
-53.433   1.000
-53.433   1.050
-53.450   1.067
-53.467   1.133
-53.450   1.150
-53.400   1.150
-53.400   1.183
-53.417   1.200
-53.417   1.217
-53.433   1.250
-53.450   1.233
-53.483   1.233
-53.517   1.217
-53.550   1.217
-53.533   1.267
-53.567   1.300
-53.550   1.317
-53.533   1.333
-53.567   1.350
-53.583   1.333
-53.600   1.350
-53.633   1.350
-53.650   1.333
-53.667   1.350
-53.633   1.383
-53.650   1.400
-53.667   1.383
-53.683   1.367
-53.717   1.367
-53.700   1.417
-53.733   1.433
-53.717   1.417
-53.717   1.400
-53.750   1.383
-53.767   1.400
-53.783   1.400
-53.800   1.417
-53.817   1.417
-53.817   1.400
-53.817   1.383
-53.850   1.400
-53.883   1.400
-53.883   1.433
-53.917   1.450
-53.917   1.433
-53.933   1.433
-53.917   1.467
-53.983   1.467
-53.983   1.500
-54.000   1.500
-54.033   1.533
-54.033   1.517
-54.083   1.500
-54.100   1.550
-54.117   1.567
-54.117   1.600
-54.133   1.583
-54.133   1.617
-54.167   1.650
-54.183   1.667
-54.200   1.633
-54.233   1.683
-54.283   1.700
-54.300   1.733
-54.333   1.750
-54.367   1.750
-54.367   1.767
-54.383   1.767
-54.400   1.750
-54.433   1.767
-54.500   1.750
-54.533   1.767
-54.617   1.783
-54.683   1.767
-54.750   1.783
-54.750   1.817
-54.750   1.833
-54.783   1.933
-54.767   1.983
-54.817   2.033
-54.817   2.067
-54.800   2.150
-54.767   2.183
-54.783   2.217
-54.817   2.267
-54.800   2.317
-54.867   2.400
-54.867   2.433
-54.867   2.433
-54.783   2.433
-54.744   2.472
-54.684   2.447
-54.686   2.412
-54.692   2.362
-54.662   2.327
-54.601   2.338
-54.601   2.338
-54.550   2.317
-54.550   2.250
-54.433   2.200
-54.383   2.200
-54.367   2.183
-54.350   2.150
-54.283   2.150
-54.217   2.167
-54.200   2.167
-54.183   2.167
-54.133   2.117
-54.100   2.133
-54.083   2.200
-54.000   2.200
-53.967   2.200
-53.950   2.233
-53.917   2.267
-53.900   2.267
-53.883   2.317
-53.833   2.317
-53.817   2.300
-53.817   2.333
-53.800   2.350
-53.767   2.367
-53.733   2.367
-53.733   2.350
-53.717   2.333
-53.717   2.317
-53.667   2.300
-53.667   2.283
-53.633   2.283
-53.583   2.267
-53.533   2.250
-53.483   2.250
-53.483   2.250
-53.467   2.250
-53.450   2.250
-53.433   2.283
-53.350   2.333
-53.333   2.350
-53.317   2.350
-53.317   2.350
-53.300   2.317
-53.283   2.317
-53.267   2.283
-53.250   2.250
-53.267   2.217
-53.267   2.183
-53.250   2.200
-53.200   2.183
-53.183   2.200
-53.133   2.217
-53.067   2.200
-53.050   2.167
-53.000   2.167
-52.967   2.150
-52.933   2.183
-52.900   2.183
-52.867   2.233
-52.867   2.250
-52.850   2.250
-52.850   2.267
-52.767   2.317
-52.717   2.333
-52.683   2.367
-52.667   2.383
-52.650   2.433
-52.617   2.450
-52.617   2.467
-52.600   2.467
-52.550   2.517
-52.567   2.533
-52.550   2.550
-52.533   2.583
-52.550   2.600
-52.550   2.617
-52.567   2.633
-52.550   2.650
-52.533   2.650
-52.533   2.667
-52.517   2.683
-52.483   2.750
-52.467   2.783
-52.450   2.833
-52.417   2.883
-52.383   2.900
-52.383   2.917
-52.400   2.917
-52.383   2.933
-52.367   2.967
-52.367   2.983
-52.350   3.033
-52.333   3.067
-52.333   3.083
-52.350   3.100
-52.350   3.133
-52.333   3.133
-52.333   3.167
-52.300   3.167
-52.300   3.217
-52.250   3.250
-52.233   3.233
-52.217   3.250
-52.200   3.283
-52.167   3.333
-52.083   3.483
-52.000   3.617
-51.983   3.683
-51.967   3.717
-51.933   3.717
-51.917   3.733
-51.933   3.767
-51.867   3.800
-51.850   3.833
-51.817   3.850
-51.783   3.900
-51.767   3.967
-51.717   4.000
-51.717   4.017
-51.667   4.033
-51.650   4.083
-51.650   4.083
-51.583   4.200
-51.583   4.233
-51.567   4.233
-51.517   4.067
-51.467   4.017
-51.500   4.067
-51.500   4.100
-51.517   4.133
-51.533   4.217
-51.550   4.250
-51.567   4.300
-51.567   4.400
-51.550   4.433
-51.524   4.434
-51.500   4.433
-51.483   4.433
-51.417   4.383
-51.333   4.283
-51.217   4.133
-51.217   4.100
-51.200   4.067
-51.183   4.033
-51.183   4.000
-51.183   3.767
-51.183   3.733
-51.200   3.700
-51.200   3.667
-51.183   3.567
-51.183   3.667
-51.167   3.750
-51.167   3.783
-51.133   3.900
-51.100   3.900
-51.083   3.900
-51.067   3.883
-51.083   3.767
-51.083   3.750
-51.083   3.717
-51.083   3.633
-51.067   3.500
-51.067   3.483
-51.083   3.417
-51.083   3.400
-51.017   3.200
-51.033   3.117
-51.017   3.100
-51.000   3.083
-51.017   3.050
-51.000   3.017
-50.983   3.000
-50.983   2.950
-50.933   2.883
-50.950   2.833
-50.933   2.817
-50.900   2.800
-50.900   2.767
-50.883   2.750
-50.883   2.700
-50.867   2.683
-50.850   2.650
-50.833   2.617
-50.833   2.600
-50.833   2.517
-50.867   2.483
-50.850   2.483
-50.800   2.517
-50.783   2.483
-50.767   2.450
-50.767   2.400
-50.717   2.250
-50.683   2.183
-50.683   2.150
-50.733   2.150
-50.750   2.133
-50.750   2.117
-50.717   2.117
-50.700   2.133
-50.667   2.133
-50.650   2.117
-50.617   2.100
-50.600   2.067
-50.583   2.050
-50.600   2.000
-50.550   1.950
-50.533   1.933
-50.517   1.917
-50.500   1.850
-50.483   1.833
-50.400   1.800
-50.333   1.817
-50.300   1.817
-50.250   1.817
-50.167   1.817
-50.067   1.783
-49.933   1.717
-49.917   1.683
-49.900   1.600
-49.900   1.550
-49.883   1.417
-49.900   1.367
-49.917   1.300
-49.967   1.267
-50.000   1.233
-50.067   1.233
-50.133   1.217
-50.133   1.250
-50.117   1.317
-50.133   1.333
-50.217   1.350
-50.267   1.333
-50.300   1.317
-50.317   1.267
-50.283   1.217
-50.317   1.183
-50.350   1.183
-50.383   1.200
-50.417   1.200
-50.467   1.150
-50.467   1.117
-50.467   1.083
-50.450   1.100
-50.450   1.117
-50.433   1.167
-50.400   1.183
-50.367   1.167
-50.300   1.167
-50.283   1.183
-50.267   1.217
-50.283   1.250
-50.283   1.283
-50.267   1.317
-50.200   1.333
-50.150   1.317
-50.150   1.267
-50.150   1.217
-50.133   1.200
-50.050   1.200
-50.000   1.217
-49.983   1.217
-49.950   1.233
-49.917   1.250
-49.900   1.217
-49.900   1.200
-49.917   1.150
-49.933   1.133
-49.950   1.100
-49.983   1.083
-50.000   1.067
-50.033   1.083
-50.050   1.050
-50.083   1.017
-50.083   1.000
-50.100    .983
-50.117    .967
-50.183    .917
-50.267    .867
-50.283    .883
-50.283    .833
-50.317    .783
-50.317    .750
-50.333    .733
-50.433    .667
-50.483    .600
-50.567    .433
-50.600    .383
-50.667    .333
-50.717    .267
-50.767    .217
-50.783    .183
-50.867    .183
-50.933    .167
-51.000    .117
-51.050    .033
-51.067    .000
-51.083   -.033
-51.100   -.067
-51.217   -.067
-51.233   -.100
-51.333   -.250
-51.350   -.283
-51.383   -.367
-51.450   -.433
-51.450   -.467
-51.517   -.550
-51.583   -.583
-51.650   -.683
-51.717   -.767
-51.717   -.883
-51.700  -1.017
-51.717  -1.050
-51.750  -1.083
-51.783  -1.100
-51.833  -1.150
-51.867  -1.150
-51.883  -1.150
-51.917  -1.133
NA NA
-50.400   2.133
-50.383   2.117
-50.367   2.100
-50.350   2.033
-50.333   2.017
-50.300   1.950
-50.333   1.917
-50.383   1.867
-50.433   1.867
-50.450   1.883
-50.467   1.933
-50.483   1.967
-50.500   1.983
-50.517   2.000
-50.517   2.117
-50.567   2.150
-50.550   2.167
-50.517   2.200
-50.450   2.200
-50.433   2.183
-50.400   2.150
-50.417   2.117
-50.400   2.133
NA NA
-49.950   1.033
-49.950   1.000
-49.950    .983
-49.967    .967
-50.000    .933
-50.033    .917
-50.050    .917
-50.117    .933
-50.083    .983
-50.050   1.033
-50.033   1.050
-50.000   1.033
-49.967   1.050
-49.950   1.033
-50.017    .850
-50.050    .833
-50.067    .783
-50.117    .750
-50.167    .750
-50.217    .733
-50.267    .733
-50.283    .767
-50.283    .800
-50.250    .850
-50.200    .883
-50.100    .867
-50.067    .883
-50.050    .867
-50.033    .900
-50.017    .900
-50.017    .883
-50.017    .850
