-41.867 -20.783
-41.850 -20.767
-41.833 -20.800
-41.767 -20.800
-41.733 -20.833
-41.733 -20.867
-41.717 -20.867
-41.717 -20.933
-41.700 -20.967
-41.717 -21.000
-41.717 -21.033
-41.733 -21.083
-41.733 -21.100
-41.717 -21.100
-41.717 -21.133
-41.633 -21.150
-41.600 -21.150
-41.550 -21.183
-41.533 -21.183
-41.500 -21.183
-41.483 -21.200
-41.467 -21.217
-41.450 -21.217
-41.417 -21.200
-41.350 -21.217
-41.300 -21.233
-41.233 -21.233
-41.200 -21.250
-41.183 -21.233
-41.167 -21.250
-41.117 -21.217
-41.083 -21.233
-41.067 -21.250
-41.017 -21.250
-41.000 -21.283
-40.958 -21.301
-40.958 -21.301
-40.967 -21.367
-41.000 -21.400
-41.017 -21.433
-41.033 -21.450
-41.067 -21.483
-41.067 -21.500
-41.083 -21.533
-41.050 -21.600
-41.100 -21.650
-41.033 -21.617
-41.017 -21.617
-41.017 -21.633
-41.033 -21.717
-41.000 -21.833
-40.983 -21.917
-40.967 -21.967
-40.983 -22.000
-41.033 -22.033
-41.100 -22.067
-41.150 -22.100
-41.167 -22.117
-41.250 -22.150
-41.283 -22.150
-41.367 -22.183
-41.483 -22.200
-41.567 -22.233
-41.617 -22.267
-41.667 -22.283
-41.700 -22.300
-41.783 -22.367
-41.767 -22.367
-41.767 -22.383
-41.800 -22.400
-41.833 -22.417
-41.833 -22.433
-41.867 -22.467
-41.883 -22.483
-41.900 -22.483
-41.900 -22.500
-41.917 -22.517
-41.933 -22.533
-41.950 -22.533
-41.967 -22.550
-41.983 -22.600
-42.000 -22.667
-41.983 -22.717
-41.967 -22.733
-41.933 -22.767
-41.917 -22.767
-41.900 -22.750
-41.883 -22.750
-41.850 -22.733
-41.850 -22.750
-41.883 -22.767
-41.883 -22.783
-41.917 -22.783
-41.933 -22.800
-41.933 -22.817
-41.950 -22.817
-41.983 -22.833
-41.983 -22.850
-41.983 -22.867
-42.000 -22.883
-42.033 -22.900
-42.050 -22.917
-42.033 -22.933
-42.017 -22.950
-42.033 -22.967
-42.017 -22.983
-42.017 -23.000
-42.067 -22.967
-42.167 -22.950
-42.267 -22.950
-42.483 -22.933
-42.483 -22.917
-42.517 -22.917
-42.517 -22.950
-42.633 -22.933
-42.683 -22.950
-42.717 -22.967
-42.733 -22.967
-42.900 -22.967
-42.933 -22.983
-43.000 -22.967
-43.050 -22.983
-43.067 -22.967
-43.133 -22.950
-43.133 -22.933
-43.100 -22.933
-43.133 -22.900
-43.117 -22.883
-43.100 -22.833
-43.083 -22.817
-43.083 -22.783
-43.067 -22.767
-43.033 -22.733
-43.050 -22.700
-43.100 -22.683
-43.133 -22.717
-43.167 -22.717
-43.233 -22.733
-43.250 -22.750
-43.267 -22.783
-43.283 -22.817
-43.283 -22.833
-43.250 -22.850
-43.217 -22.850
-43.217 -22.900
-43.183 -22.900
-43.167 -22.917
-43.183 -22.950
-43.167 -22.950
-43.167 -22.967
-43.183 -22.967
-43.183 -22.983
-43.217 -22.983
-43.250 -23.000
-43.267 -23.000
-43.300 -23.017
-43.417 -23.000
-43.417 -23.000
-43.483 -23.033
-43.550 -23.050
-43.567 -23.083
-43.583 -23.067
-43.633 -23.050
-43.833 -23.067
-44.000 -23.100
-44.017 -23.083
-44.000 -23.067
-43.967 -23.050
-43.883 -23.067
-43.917 -23.033
-43.817 -23.067
-43.717 -23.050
-43.650 -23.033
-43.600 -23.050
-43.583 -23.067
-43.600 -23.017
-43.650 -23.000
-43.700 -22.983
-43.733 -22.967
-43.767 -22.933
-43.817 -22.917
-43.833 -22.900
-43.867 -22.900
-43.883 -22.917
-43.950 -22.933
-44.000 -22.950
-44.017 -22.967
-44.050 -22.983
-44.050 -22.950
-44.083 -22.967
-44.083 -22.983
-44.100 -23.017
-44.150 -23.033
-44.183 -23.050
-44.200 -23.033
-44.250 -23.050
-44.217 -23.017
-44.233 -23.000
-44.300 -23.017
-44.350 -23.033
-44.367 -23.017
-44.350 -23.000
-44.333 -23.000
-44.300 -22.967
-44.317 -22.950
-44.333 -22.933
-44.367 -22.933
-44.367 -22.950
-44.417 -22.950
-44.450 -23.017
-44.483 -23.000
-44.583 -23.050
-44.667 -23.050
-44.683 -23.067
-44.700 -23.100
-44.717 -23.167
-44.733 -23.200
-44.717 -23.233
-44.667 -23.200
-44.650 -23.183
-44.633 -23.200
-44.633 -23.217
-44.617 -23.217
-44.617 -23.233
-44.650 -23.267
-44.667 -23.300
-44.617 -23.250
-44.583 -23.217
-44.567 -23.217
-44.567 -23.250
-44.517 -23.283
-44.567 -23.317
-44.583 -23.350
-44.633 -23.333
-44.683 -23.350
-44.700 -23.333
-44.717 -23.350
-44.800 -23.300
-44.817 -23.283
-44.867 -23.250
-44.883 -23.217
-44.867 -23.183
-44.833 -23.167
-44.817 -23.150
-44.800 -23.000
-44.800 -22.983
-44.750 -22.967
-44.733 -22.950
-44.683 -22.950
-44.650 -22.933
-44.633 -22.917
-44.550 -22.883
-44.500 -22.850
-44.467 -22.850
-44.467 -22.883
-44.433 -22.883
-44.417 -22.833
-44.400 -22.850
-44.350 -22.850
-44.317 -22.833
-44.267 -22.833
-44.250 -22.817
-44.250 -22.800
-44.233 -22.800
-44.233 -22.783
-44.250 -22.767
-44.233 -22.750
-44.217 -22.733
-44.200 -22.733
-44.200 -22.717
-44.183 -22.700
-44.183 -22.700
-44.167 -22.667
-44.183 -22.650
-44.200 -22.617
-44.283 -22.600
-44.317 -22.583
-44.350 -22.600
-44.367 -22.600
-44.367 -22.583
-44.383 -22.583
-44.383 -22.600
-44.433 -22.600
-44.433 -22.617
-44.450 -22.617
-44.467 -22.600
-44.483 -22.600
-44.500 -22.633
-44.533 -22.617
-44.550 -22.600
-44.583 -22.617
-44.600 -22.617
-44.633 -22.600
-44.633 -22.550
-44.683 -22.550
-44.683 -22.533
-44.700 -22.517
-44.700 -22.517
-44.717 -22.483
-44.717 -22.433
-44.733 -22.417
-44.767 -22.400
-44.833 -22.400
-44.833 -22.400
-44.767 -22.367
-44.683 -22.367
-44.650 -22.383
-44.633 -22.383
-44.633 -22.350
-44.617 -22.333
-44.550 -22.333
-44.433 -22.250
-44.400 -22.267
-44.283 -22.250
-44.250 -22.267
-44.100 -22.183
-44.033 -22.167
-44.000 -22.167
-43.950 -22.133
-43.767 -22.067
-43.750 -22.100
-43.733 -22.100
-43.683 -22.083
-43.583 -22.083
-43.550 -22.100
-43.517 -22.067
-43.450 -22.067
-43.350 -22.000
-43.333 -22.000
-43.250 -22.033
-43.150 -22.033
-43.150 -22.100
-43.133 -22.100
-43.083 -22.083
-43.033 -22.050
-42.967 -22.033
-42.867 -21.950
-42.717 -21.900
-42.667 -21.867
-42.600 -21.850
-42.250 -21.717
-42.267 -21.683
-42.350 -21.650
-42.367 -21.617
-42.283 -21.500
-42.250 -21.500
-42.250 -21.483
-42.267 -21.450
-42.250 -21.400
-42.217 -21.350
-42.217 -21.300
-42.183 -21.250
-42.183 -21.183
-42.167 -21.117
-42.083 -21.033
-42.083 -21.017
-42.117 -21.017
-42.150 -21.000
-42.150 -20.967
-42.167 -20.950
-42.000 -20.950
-42.000 -20.950
-41.867 -20.783
NA NA
-44.350 -23.217
-44.350 -23.183
-44.383 -23.183
-44.333 -23.150
-44.300 -23.117
-44.283 -23.133
-44.233 -23.083
-44.200 -23.100
-44.200 -23.117
-44.167 -23.117
-44.150 -23.133
-44.133 -23.117
-44.150 -23.150
-44.100 -23.167
-44.133 -23.183
-44.150 -23.167
-44.183 -23.183
-44.200 -23.200
-44.267 -23.200
-44.283 -23.183
-44.300 -23.183
-44.350 -23.217
NA NA
-43.250 -22.817
-43.250 -22.800
-43.250 -22.800
-43.233 -22.783
-43.200 -22.800
-43.167 -22.783
-43.183 -22.800
-43.183 -22.833
-43.217 -22.817
-43.217 -22.833
-43.250 -22.833
-43.250 -22.817
NA NA
-42.883 -22.950
-42.833 -22.917
-42.833 -22.933
-42.817 -22.933
-42.783 -22.950
-42.733 -22.950
-42.717 -22.967
-42.883 -22.950
NA NA
-42.383 -22.917
-42.367 -22.900
-42.350 -22.883
-42.250 -22.883
-42.217 -22.850
-42.200 -22.867
-42.167 -22.867
-42.117 -22.833
-42.117 -22.883
-42.083 -22.850
-42.067 -22.867
-42.067 -22.883
-42.100 -22.883
-42.100 -22.950
-42.117 -22.950
-42.183 -22.917
-42.150 -22.950
-42.200 -22.933
-42.233 -22.900
-42.250 -22.933
-42.283 -22.917
-42.300 -22.933
-42.317 -22.900
-42.350 -22.900
-42.367 -22.917
-42.383 -22.917
NA NA
-43.1066 -22.7482
-43.1060 -22.7489
-43.1052 -22.7500
-43.1046 -22.7504
-43.1041 -22.7510
-43.1031 -22.7514
-43.1024 -22.7514
-43.1022 -22.7520
-43.1023 -22.7529
-43.1029 -22.7532
-43.1037 -22.7535
-43.1043 -22.7542
-43.1049 -22.7547
-43.1055 -22.7552
-43.1063 -22.7555
-43.1070 -22.7554
-43.1073 -22.7560
-43.1073 -22.7567
-43.1074 -22.7574
-43.1070 -22.7581
-43.1069 -22.7588
-43.1069 -22.7595
-43.1070 -22.7602
-43.1066 -22.7610
-43.1061 -22.7615
-43.1058 -22.7623
-43.1048 -22.7620
-43.1040 -22.7618
-43.1033 -22.7622
-43.1027 -22.7630
-43.1022 -22.7635
-43.1021 -22.7644
-43.1027 -22.7649
-43.1031 -22.7654
-43.1037 -22.7659
-43.1043 -22.7666
-43.1049 -22.7671
-43.1054 -22.7676
-43.1060 -22.7683
-43.1066 -22.7688
-43.1068 -22.7693
-43.1071 -22.7701
-43.1076 -22.7705
-43.1086 -22.7704
-43.1096 -22.7704
-43.1103 -22.7701
-43.1111 -22.7699
-43.1118 -22.7695
-43.1125 -22.7689
-43.1132 -22.7682
-43.1140 -22.7678
-43.1143 -22.7673
-43.1141 -22.7666
-43.1135 -22.7661
-43.1129 -22.7661
-43.1120 -22.7662
-43.1112 -22.7658
-43.1107 -22.7652
-43.1109 -22.7644
-43.1112 -22.7635
-43.1116 -22.7630
-43.1121 -22.7623
-43.1124 -22.7617
-43.1126 -22.7610
-43.1122 -22.7603
-43.1115 -22.7598
-43.1109 -22.7593
-43.1105 -22.7586
-43.1105 -22.7579
-43.1108 -22.7572
-43.1113 -22.7566
-43.1119 -22.7561
-43.1124 -22.7553
-43.1129 -22.7548
-43.1135 -22.7540
-43.1134 -22.7533
-43.1130 -22.7528
-43.1124 -22.7523
-43.1118 -22.7516
-43.1110 -22.7513
-43.1104 -22.7510
-43.1097 -22.7514
-43.1089 -22.7514
-43.1085 -22.7509
-43.1080 -22.7502
-43.1076 -22.7495
-43.1072 -22.7489
-43.1066 -22.7487
-43.1064 -22.7487
-43.1066 -22.7482
