-38.017  -9.500
-38.000  -9.533
-37.933  -9.533
-37.917  -9.550
-37.900  -9.550
-37.833  -9.600
-37.733  -9.633
-37.700  -9.650
-37.650  -9.700
-37.600  -9.733
-37.467  -9.750
-37.383  -9.783
-37.300  -9.833
-37.267  -9.850
-37.233  -9.900
-37.150  -9.900
-37.050  -9.983
-37.000  -9.983
-36.967 -10.000
-36.967 -10.067
-36.933 -10.117
-36.867 -10.167
-36.817 -10.217
-36.783 -10.217
-36.733 -10.267
-36.683 -10.283
-36.633 -10.267
-36.583 -10.317
-36.583 -10.400
-36.550 -10.450
-36.467 -10.433
-36.433 -10.450
-36.433 -10.483
-36.400 -10.500
-36.583 -10.567
-36.750 -10.667
-36.867 -10.750
-37.033 -10.933
-37.050 -10.917
-37.067 -10.967
-37.050 -10.950
-37.050 -10.983
-37.100 -11.050
-37.167 -11.133
-37.167 -11.100
-37.217 -11.083
-37.183 -11.117
-37.183 -11.167
-37.200 -11.183
-37.217 -11.217
-37.283 -11.300
-37.300 -11.333
-37.333 -11.450
-37.383 -11.467
-37.417 -11.483
-37.483 -11.533
-37.583 -11.533
-37.583 -11.517
-37.617 -11.533
-37.650 -11.517
-37.667 -11.567
-37.700 -11.550
-37.733 -11.550
-37.767 -11.533
-37.817 -11.500
-37.867 -11.467
-37.867 -11.433
-37.900 -11.433
-37.900 -11.433
-37.933 -11.400
-37.967 -11.400
-38.000 -11.350
-38.000 -11.200
-38.083 -11.200
-38.083 -11.167
-38.100 -11.117
-38.100 -11.083
-38.167 -11.017
-38.250 -10.867
-38.250 -10.783
-38.217 -10.717
-38.183 -10.700
-38.117 -10.717
-38.067 -10.717
-38.050 -10.750
-38.017 -10.767
-37.817 -10.700
-37.817 -10.600
-37.833 -10.583
-37.833 -10.533
-37.817 -10.517
-37.867 -10.433
-37.833 -10.400
-37.817 -10.383
-37.783 -10.217
-37.767 -10.133
-37.833 -10.017
-37.833 -10.000
-37.883  -9.967
-37.983  -9.967
-38.000  -9.933
-38.000  -9.833
-38.017  -9.817
-38.050  -9.717
-38.017  -9.650
-38.067  -9.617
-38.067  -9.600
-38.067  -9.550
-38.017  -9.500
