-40.179 -17.980
-40.150 -18.000
-40.150 -18.000
-39.668 -18.333
-39.717 -18.417
-39.733 -18.483
-39.733 -18.583
-39.750 -18.650
-39.733 -18.983
-39.717 -19.233
-39.688 -19.305
-39.800 -19.533
-39.817 -19.600
-39.850 -19.633
-39.900 -19.667
-40.050 -19.800
-40.100 -19.917
-40.133 -19.967
-40.150 -20.000
-40.150 -20.033
-40.167 -20.033
-40.167 -20.050
-40.183 -20.050
-40.200 -20.067
-40.200 -20.067
-40.200 -20.067
-40.183 -20.083
-40.183 -20.117
-40.183 -20.150
-40.183 -20.167
-40.183 -20.183
-40.200 -20.233
-40.200 -20.233
-40.217 -20.250
-40.217 -20.267
-40.233 -20.283
-40.233 -20.300
-40.250 -20.283
-40.267 -20.267
-40.283 -20.300
-40.267 -20.317
-40.283 -20.333
-40.267 -20.333
-40.267 -20.350
-40.283 -20.367
-40.317 -20.417
-40.333 -20.450
-40.367 -20.533
-40.400 -20.583
-40.400 -20.600
-40.417 -20.633
-40.433 -20.650
-40.450 -20.633
-40.450 -20.617
-40.467 -20.633
-40.467 -20.650
-40.483 -20.650
-40.500 -20.683
-40.500 -20.700
-40.517 -20.717
-40.550 -20.750
-40.550 -20.767
-40.583 -20.800
-40.600 -20.800
-40.617 -20.833
-40.633 -20.833
-40.650 -20.817
-40.667 -20.817
-40.667 -20.817
-40.700 -20.833
-40.767 -20.883
-40.767 -20.900
-40.783 -20.917
-40.800 -20.933
-40.817 -20.983
-40.817 -21.033
-40.833 -21.050
-40.850 -21.083
-40.883 -21.150
-40.917 -21.167
-40.950 -21.233
-40.967 -21.267
-40.958 -21.301
-41.000 -21.283
-41.017 -21.250
-41.067 -21.250
-41.083 -21.233
-41.117 -21.217
-41.167 -21.250
-41.183 -21.233
-41.200 -21.250
-41.233 -21.233
-41.300 -21.233
-41.350 -21.217
-41.417 -21.200
-41.450 -21.217
-41.467 -21.217
-41.483 -21.200
-41.500 -21.183
-41.533 -21.183
-41.550 -21.183
-41.600 -21.150
-41.633 -21.150
-41.717 -21.133
-41.717 -21.100
-41.733 -21.100
-41.733 -21.083
-41.717 -21.033
-41.717 -21.000
-41.700 -20.967
-41.717 -20.933
-41.717 -20.867
-41.733 -20.867
-41.733 -20.833
-41.767 -20.800
-41.833 -20.800
-41.850 -20.767
-41.867 -20.783
-41.883 -20.767
-41.879 -20.760
-41.867 -20.717
-41.817 -20.650
-41.833 -20.617
-41.850 -20.617
-41.850 -20.583
-41.833 -20.567
-41.800 -20.550
-41.800 -20.517
-41.817 -20.467
-41.800 -20.467
-41.800 -20.417
-41.833 -20.400
-41.850 -20.383
-41.850 -20.350
-41.783 -20.283
-41.756 -20.207
-41.747 -20.207
-41.737 -20.207
-41.728 -20.207
-41.718 -20.207
-41.708 -20.207
-41.699 -20.207
-41.689 -20.207
-41.680 -20.207
-41.670 -20.207
-41.660 -20.207
-41.651 -20.207
-41.641 -20.207
-41.632 -20.207
-41.622 -20.207
-41.612 -20.207
-41.603 -20.207
-41.593 -20.207
-41.583 -20.207
-41.574 -20.207
-41.564 -20.207
-41.555 -20.207
-41.545 -20.207
-41.535 -20.207
-41.526 -20.207
-41.516 -20.207
-41.507 -20.207
-41.497 -20.207
-41.487 -20.207
-41.478 -20.207
-41.468 -20.207
-41.459 -20.207
-41.449 -20.207
-41.439 -20.207
-41.430 -20.207
-41.420 -20.207
-41.411 -20.207
-41.383 -20.200
-41.300 -20.000
-41.300 -19.950
-41.233 -19.917
-41.183 -19.850
-41.167 -19.750
-41.100 -19.617
-41.050 -19.583
-41.051 -19.483
-40.983 -19.500
-40.967 -19.417
-40.933 -19.150
-41.017 -19.067
-41.050 -19.033
-41.050 -18.983
-41.117 -18.900
-41.200 -18.917
-41.233 -18.817
-41.117 -18.800
-41.073 -18.843
-41.073 -18.843
-40.929 -18.794
-40.929 -18.794
-40.939 -18.769
-40.939 -18.769
-40.940 -18.689
-40.940 -18.689
-41.033 -18.667
-41.017 -18.417
-41.133 -18.400
-41.133 -18.333
-41.117 -18.250
-41.033 -18.183
-40.950 -18.117
-40.900 -18.133
-40.783 -18.167
-40.773 -18.107
-40.773 -18.107
-40.883 -18.000
-40.883 -18.000
-40.903 -17.987
-40.903 -17.987
-40.917 -17.933
-40.783 -17.983
-40.683 -17.967
-40.583 -17.850
-40.467 -17.933
-40.433 -17.900
-40.179 -17.980


