-53.083 -22.650
-53.100 -22.617
-53.067 -22.550
-53.017 -22.533
-52.983 -22.500
-52.867 -22.450
-52.750 -22.350
-52.633 -22.283
-52.483 -22.200
-52.433 -22.167
-52.400 -22.133
-52.350 -22.067
-52.333 -22.000
-52.300 -21.950
-52.267 -21.917
-52.200 -21.850
-52.150 -21.767
-52.067 -21.717
-52.050 -21.650
-52.050 -21.633
-52.067 -21.617
-52.067 -21.583
-52.100 -21.567
-52.100 -21.550
-52.067 -21.517
-52.000 -21.517
-51.950 -21.483
-51.933 -21.450
-51.917 -21.400
-51.883 -21.367
-51.867 -21.333
-51.850 -21.267
-51.867 -21.217
-51.883 -21.200
-51.883 -21.150
-51.817 -21.117
-51.783 -21.083
-51.783 -21.067
-51.767 -21.033
-51.750 -21.017
-51.750 -21.000
-51.733 -20.983
-51.633 -20.917
-51.633 -20.717
-51.600 -20.667
-51.500 -20.550
-51.400 -20.433
-51.350 -20.367
-51.267 -20.317
-51.167 -20.317
-51.067 -20.233
-51.050 -20.217
-51.033 -20.167
-51.017 -20.117
-51.000 -20.100
-51.000 -20.083
-51.000 -20.067
-50.983 -20.067
-50.967 -20.050
-50.967 -20.033
-50.933 -20.017
-50.900 -20.000
-50.850 -19.967
-50.700 -19.917
-50.533 -19.800
-50.467 -19.800
-50.383 -19.833
-50.150 -19.867
-50.083 -19.867
-50.033 -19.917
-49.950 -19.933
-49.833 -19.933
-49.700 -19.933
-49.617 -19.917
-49.500 -19.933
-49.383 -19.983
-49.300 -19.950
-49.233 -20.000
-49.250 -20.017
-49.300 -20.017
-49.300 -20.033
-49.317 -20.050
-49.317 -20.083
-49.300 -20.167
-49.283 -20.200
-49.233 -20.300
-49.183 -20.317
-49.117 -20.283
-49.083 -20.217
-49.083 -20.200
-49.033 -20.150
-49.000 -20.167
-48.983 -20.183
-48.967 -20.217
-48.967 -20.417
-48.900 -20.433
-48.883 -20.400
-48.883 -20.267
-48.867 -20.217
-48.833 -20.150
-48.633 -20.150
-48.583 -20.133
-48.500 -20.133
-48.417 -20.100
-48.333 -20.100
-48.267 -20.133
-48.233 -20.133
-48.233 -20.100
-48.267 -20.067
-48.233 -20.017
-48.200 -20.033
-48.183 -20.083
-48.100 -20.150
-48.033 -20.133
-48.000 -20.117
-47.967 -20.033
-47.950 -20.033
-47.933 -20.100
-47.917 -20.117
-47.883 -20.100
-47.867 -20.050
-47.867 -20.033
-47.867 -20.000
-47.833 -19.983
-47.750 -19.983
-47.700 -19.983
-47.683 -20.000
-47.633 -20.050
-47.600 -20.033
-47.600 -20.000
-47.550 -19.983
-47.500 -19.967
-47.433 -20.000
-47.417 -20.017
-47.450 -20.050
-47.417 -20.067
-47.400 -20.083
-47.350 -20.100
-47.333 -20.117
-47.250 -20.183
-47.250 -20.200
-47.233 -20.233
-47.250 -20.267
-47.267 -20.283
-47.283 -20.333
-47.300 -20.383
-47.283 -20.433
-47.283 -20.450
-47.267 -20.467
-47.217 -20.500
-47.150 -20.533
-47.117 -20.633
-47.100 -20.683
-47.117 -20.700
-47.150 -20.700
-47.167 -20.733
-47.183 -20.750
-47.200 -20.767
-47.217 -20.817
-47.200 -20.833
-47.233 -20.867
-47.233 -20.900
-47.183 -20.933
-47.167 -20.967
-47.150 -21.000
-47.133 -21.033
-47.133 -21.083
-47.117 -21.117
-47.133 -21.133
-47.100 -21.200
-47.050 -21.200
-47.050 -21.233
-47.033 -21.267
-47.000 -21.333
-47.000 -21.417
-46.917 -21.417
-46.900 -21.400
-46.850 -21.367
-46.817 -21.350
-46.800 -21.367
-46.750 -21.367
-46.733 -21.383
-46.700 -21.400
-46.667 -21.383
-46.633 -21.383
-46.650 -21.400
-46.633 -21.417
-46.633 -21.433
-46.550 -21.433
-46.533 -21.450
-46.517 -21.467
-46.517 -21.517
-46.483 -21.550
-46.500 -21.583
-46.500 -21.600
-46.533 -21.617
-46.567 -21.633
-46.567 -21.683
-46.617 -21.683
-46.650 -21.783
-46.683 -21.833
-46.667 -21.867
-46.667 -21.900
-46.650 -21.950
-46.617 -22.000
-46.617 -22.017
-46.650 -22.017
-46.667 -22.033
-46.683 -22.033
-46.683 -22.050
-46.650 -22.067
-46.717 -22.083
-46.717 -22.100
-46.667 -22.100
-46.633 -22.117
-46.617 -22.133
-46.617 -22.167
-46.667 -22.200
-46.650 -22.250
-46.700 -22.267
-46.700 -22.300
-46.717 -22.317
-46.700 -22.333
-46.667 -22.367
-46.650 -22.417
-46.617 -22.417
-46.600 -22.467
-46.583 -22.483
-46.533 -22.467
-46.517 -22.450
-46.517 -22.500
-46.467 -22.517
-46.433 -22.533
-46.400 -22.533
-46.417 -22.550
-46.433 -22.567
-46.433 -22.583
-46.400 -22.600
-46.417 -22.617
-46.417 -22.633
-46.383 -22.650
-46.400 -22.667
-46.467 -22.667
-46.483 -22.700
-46.467 -22.717
-46.417 -22.733
-46.383 -22.750
-46.350 -22.767
-46.333 -22.767
-46.383 -22.833
-46.383 -22.883
-46.333 -22.900
-46.267 -22.883
-46.217 -22.883
-46.200 -22.867
-46.167 -22.850
-46.067 -22.850
-46.050 -22.867
-46.017 -22.883
-45.967 -22.850
-45.967 -22.817
-45.900 -22.817
-45.900 -22.833
-45.883 -22.850
-45.867 -22.850
-45.850 -22.817
-45.817 -22.817
-45.800 -22.833
-45.783 -22.850
-45.767 -22.833
-45.783 -22.817
-45.733 -22.800
-45.717 -22.783
-45.700 -22.767
-45.700 -22.733
-45.717 -22.717
-45.750 -22.717
-45.783 -22.733
-45.817 -22.733
-45.833 -22.717
-45.833 -22.700
-45.783 -22.700
-45.767 -22.683
-45.767 -22.667
-45.700 -22.650
-45.700 -22.633
-45.750 -22.583
-45.733 -22.567
-45.683 -22.533
-45.667 -22.550
-45.683 -22.567
-45.650 -22.583
-45.650 -22.600
-45.667 -22.617
-45.667 -22.650
-45.650 -22.650
-45.567 -22.600
-45.567 -22.617
-45.583 -22.650
-45.483 -22.617
-45.467 -22.600
-45.417 -22.617
-45.417 -22.667
-45.400 -22.650
-45.367 -22.633
-45.333 -22.617
-45.283 -22.617
-45.283 -22.583
-45.183 -22.550
-45.150 -22.517
-45.150 -22.500
-45.133 -22.500
-45.117 -22.483
-45.033 -22.450
-45.000 -22.483
-44.983 -22.483
-44.933 -22.467
-44.917 -22.450
-44.883 -22.433
-44.850 -22.400
-44.833 -22.400
-44.767 -22.400
-44.733 -22.417
-44.717 -22.433
-44.717 -22.483
-44.700 -22.517
-44.700 -22.517
-44.683 -22.533
-44.683 -22.550
-44.633 -22.550
-44.633 -22.600
-44.600 -22.617
-44.583 -22.617
-44.550 -22.600
-44.533 -22.617
-44.500 -22.633
-44.483 -22.600
-44.467 -22.600
-44.450 -22.617
-44.433 -22.617
-44.433 -22.600
-44.383 -22.600
-44.383 -22.583
-44.367 -22.583
-44.367 -22.600
-44.350 -22.600
-44.317 -22.583
-44.283 -22.600
-44.200 -22.617
-44.183 -22.650
-44.167 -22.667
-44.183 -22.700
-44.183 -22.700
-44.200 -22.717
-44.200 -22.733
-44.217 -22.733
-44.233 -22.750
-44.250 -22.767
-44.233 -22.783
-44.233 -22.800
-44.250 -22.800
-44.250 -22.817
-44.267 -22.833
-44.317 -22.833
-44.350 -22.850
-44.400 -22.850
-44.417 -22.833
-44.433 -22.883
-44.467 -22.883
-44.467 -22.850
-44.500 -22.850
-44.550 -22.883
-44.633 -22.917
-44.650 -22.933
-44.683 -22.950
-44.733 -22.950
-44.750 -22.967
-44.800 -22.983
-44.800 -23.000
-44.817 -23.150
-44.833 -23.167
-44.867 -23.183
-44.883 -23.217
-44.867 -23.250
-44.817 -23.283
-44.800 -23.300
-44.717 -23.350
-44.733 -23.367
-44.800 -23.367
-44.817 -23.383
-44.833 -23.383
-44.850 -23.350
-44.883 -23.367
-44.883 -23.350
-44.900 -23.333
-44.933 -23.350
-44.967 -23.400
-45.000 -23.400
-45.000 -23.417
-45.017 -23.417
-45.050 -23.433
-45.050 -23.417
-45.067 -23.433
-45.067 -23.450
-45.017 -23.467
-45.050 -23.467
-45.067 -23.483
-45.083 -23.500
-45.100 -23.500
-45.117 -23.517
-45.133 -23.500
-45.150 -23.483
-45.167 -23.500
-45.167 -23.517
-45.167 -23.533
-45.183 -23.533
-45.200 -23.517
-45.233 -23.550
-45.217 -23.550
-45.200 -23.567
-45.250 -23.583
-45.300 -23.567
-45.333 -23.583
-45.367 -23.617
-45.383 -23.633
-45.417 -23.650
-45.400 -23.667
-45.400 -23.783
-45.433 -23.833
-45.533 -23.833
-45.533 -23.817
-45.550 -23.817
-45.567 -23.800
-45.617 -23.800
-45.633 -23.783
-45.700 -23.767
-45.850 -23.750
-45.983 -23.783
-46.033 -23.800
-46.033 -23.833
-46.050 -23.817
-46.083 -23.817
-46.133 -23.867
-46.133 -23.883
-46.150 -23.900
-46.167 -23.917
-46.167 -23.950
-46.183 -23.967
-46.167 -23.983
-46.217 -23.983
-46.250 -24.000
-46.317 -24.000
-46.300 -23.983
-46.317 -23.967
-46.367 -23.967
-46.383 -24.000
-46.250 -24.000
-46.267 -24.033
-46.283 -24.033
-46.300 -24.017
-46.317 -24.000
-46.383 -24.000
-46.367 -24.033
-46.483 -24.033
-46.717 -24.167
-46.783 -24.200
-46.817 -24.217
-46.900 -24.267
-46.983 -24.333
-46.983 -24.367
-47.000 -24.383
-46.983 -24.417
-47.000 -24.417
-47.017 -24.433
-47.083 -24.467
-47.150 -24.517
-47.167 -24.533
-47.183 -24.550
-47.217 -24.567
-47.233 -24.583
-47.383 -24.667
-47.400 -24.683
-47.550 -24.767
-47.667 -24.833
-47.783 -24.933
-47.867 -25.000
-47.867 -25.033
-47.900 -25.033
-47.900 -25.017
-47.933 -25.033
-48.000 -25.067
-47.950 -25.083
-47.900 -25.050
-47.883 -25.100
-47.917 -25.167
-48.000 -25.233
-48.000 -25.233
-48.000 -25.217
-48.017 -25.233
-48.033 -25.250
-48.067 -25.283
-48.083 -25.300
-48.083 -25.233
-48.150 -25.233
-48.183 -25.183
-48.167 -25.150
-48.167 -25.133
-48.200 -25.083
-48.200 -25.050
-48.267 -25.017
-48.300 -25.050
-48.333 -25.050
-48.417 -24.983
-48.433 -25.000
-48.500 -25.050
-48.550 -25.050
-48.583 -25.050
-48.600 -25.000
-48.567 -24.950
-48.567 -24.900
-48.550 -24.883
-48.567 -24.867
-48.550 -24.800
-48.517 -24.767
-48.500 -24.750
-48.550 -24.733
-48.583 -24.683
-48.617 -24.683
-48.650 -24.700
-48.667 -24.700
-48.667 -24.683
-48.683 -24.700
-48.683 -24.683
-48.750 -24.700
-48.750 -24.683
-48.767 -24.700
-48.817 -24.683
-48.817 -24.667
-48.867 -24.667
-48.867 -24.683
-48.883 -24.667
-48.917 -24.683
-48.950 -24.683
-48.983 -24.667
-49.000 -24.650
-49.017 -24.633
-49.033 -24.633
-49.033 -24.650
-49.067 -24.683
-49.133 -24.683
-49.167 -24.667
-49.217 -24.700
-49.283 -24.700
-49.300 -24.683
-49.317 -24.667
-49.317 -24.567
-49.283 -24.533
-49.300 -24.500
-49.267 -24.483
-49.250 -24.450
-49.233 -24.417
-49.250 -24.400
-49.233 -24.383
-49.233 -24.350
-49.250 -24.350
-49.283 -24.333
-49.300 -24.317
-49.317 -24.300
-49.317 -24.267
-49.350 -24.233
-49.350 -24.217
-49.333 -24.133
-49.400 -24.117
-49.417 -24.100
-49.433 -24.067
-49.467 -24.033
-49.500 -24.017
-49.500 -24.000
-49.483 -24.000
-49.500 -23.950
-49.533 -23.900
-49.550 -23.917
-49.583 -23.867
-49.600 -23.867
-49.617 -23.850
-49.567 -23.800
-49.583 -23.750
-49.550 -23.717
-49.567 -23.683
-49.617 -23.650
-49.617 -23.600
-49.600 -23.567
-49.633 -23.500
-49.617 -23.467
-49.600 -23.433
-49.617 -23.400
-49.667 -23.333
-49.667 -23.200
-49.683 -23.183
-49.733 -23.150
-49.733 -23.100
-49.783 -23.100
-49.817 -23.083
-49.917 -23.050
-49.917 -23.000
-49.967 -22.967
-49.950 -22.933
-49.967 -22.917
-49.967 -22.900
-50.000 -22.900
-50.017 -22.917
-50.050 -22.900
-50.083 -22.933
-50.233 -22.950
-50.267 -22.933
-50.317 -22.950
-50.367 -22.917
-50.400 -22.917
-50.433 -22.933
-50.517 -22.933
-50.550 -22.917
-50.617 -22.917
-50.667 -22.900
-50.700 -22.917
-50.717 -22.950
-50.800 -22.933
-50.783 -22.900
-50.833 -22.850
-50.867 -22.817
-50.900 -22.800
-50.950 -22.800
-50.967 -22.783
-51.000 -22.783
-51.117 -22.767
-51.183 -22.733
-51.250 -22.683
-51.317 -22.667
-51.400 -22.667
-51.433 -22.650
-51.483 -22.683
-51.567 -22.700
-51.617 -22.667
-51.650 -22.650
-51.717 -22.667
-51.733 -22.633
-51.767 -22.617
-51.867 -22.633
-51.917 -22.583
-52.000 -22.550
-52.067 -22.533
-52.100 -22.500
-52.150 -22.567
-52.150 -22.650
-52.217 -22.683
-52.233 -22.633
-52.267 -22.617
-52.300 -22.633
-52.350 -22.633
-52.433 -22.617
-52.500 -22.633
-52.533 -22.617
-52.583 -22.567
-52.700 -22.633
-52.717 -22.633
-52.767 -22.617
-52.800 -22.600
-52.850 -22.617
-52.883 -22.583
-52.933 -22.567
-52.983 -22.583
-53.000 -22.600
-53.017 -22.600
-53.033 -22.617
-53.083 -22.650
NA NA
-45.450 -23.933
-45.467 -23.917
-45.467 -23.883
-45.417 -23.850
-45.383 -23.817
-45.367 -23.733
-45.317 -23.717
-45.300 -23.717
-45.283 -23.733
-45.250 -23.750
-45.250 -23.817
-45.233 -23.833
-45.267 -23.833
-45.267 -23.867
-45.217 -23.900
-45.233 -23.917
-45.217 -23.933
-45.250 -23.950
-45.267 -23.950
-45.283 -23.917
-45.300 -23.900
-45.383 -23.933
-45.450 -23.933
NA NA
-46.6766 -24.4766
-46.6753 -24.4780
-46.6745 -24.4789
-46.6743 -24.4799
-46.6738 -24.4810
-46.6731 -24.4821
-46.6729 -24.4832
-46.6724 -24.4843
-46.6720 -24.4854
-46.6708 -24.4860
-46.6704 -24.4871
-46.6702 -24.4879
-46.6703 -24.4889
-46.6709 -24.4899
-46.6719 -24.4906
-46.6728 -24.4913
-46.6740 -24.4920
-46.6752 -24.4924
-46.6764 -24.4931
-46.6774 -24.4938
-46.6783 -24.4946
-46.6790 -24.4956
-46.6791 -24.4969
-46.6783 -24.4977
-46.6778 -24.4983
-46.6779 -24.4999
-46.6789 -24.5006
-46.6798 -24.5013
-46.6812 -24.5012
-46.6824 -24.5013
-46.6836 -24.5018
-46.6850 -24.5017
-46.6861 -24.5013
-46.6866 -24.5002
-46.6874 -24.4991
-46.6867 -24.4981
-46.6858 -24.4974
-46.6848 -24.4967
-46.6836 -24.4960
-46.6827 -24.4953
-46.6823 -24.4943
-46.6819 -24.4932
-46.6812 -24.4922
-46.6803 -24.4915
-46.6794 -24.4908
-46.6784 -24.4901
-46.6783 -24.4891
-46.6785 -24.4880
-46.6784 -24.4867
-46.6783 -24.4854
-46.6782 -24.4841
-46.6781 -24.4830
-46.6777 -24.4820
-46.6776 -24.4810
-46.6775 -24.4799
-46.6777 -24.4789
-46.6781 -24.4778
-46.6786 -24.4767
-46.6780 -24.4760
-46.6766 -24.4766
