-32.3995  -3.8288
-32.3993  -3.8288
-32.3992  -3.8287
-32.3991  -3.8286
-32.3990  -3.8285
-32.3989  -3.8284
-32.3988  -3.8283
-32.3987  -3.8281
-32.3986  -3.8280
-32.3985  -3.8279
-32.3985  -3.8277
-32.3984  -3.8276
-32.3983  -3.8275
-32.3982  -3.8275
-32.3981  -3.8274
-32.3979  -3.8273
-32.3977  -3.8272
-32.3976  -3.8272
-32.3975  -3.8272
-32.3973  -3.8272
-32.3972  -3.8271
-32.3971  -3.8270
-32.3969  -3.8270
-32.3968  -3.8269
-32.3967  -3.8269
-32.3965  -3.8269
-32.3964  -3.8269
-32.3963  -3.8269
-32.3961  -3.8268
-32.3958  -3.8266
-32.3956  -3.8265
-32.3955  -3.8264
-32.3954  -3.8264
-32.3952  -3.8264
-32.3951  -3.8264
-32.3949  -3.8264
-32.3948  -3.8265
-32.3947  -3.8265
-32.3947  -3.8266
-32.3946  -3.8267
-32.3945  -3.8269
-32.3945  -3.8270
-32.3945  -3.8271
-32.3945  -3.8273
-32.3946  -3.8274
-32.3947  -3.8275
-32.3948  -3.8275
-32.3949  -3.8276
-32.3951  -3.8277
-32.3952  -3.8277
-32.3953  -3.8277
-32.3954  -3.8277
-32.3955  -3.8276
-32.3957  -3.8277
-32.3958  -3.8277
-32.3958  -3.8279
-32.3959  -3.8279
-32.3960  -3.8280
-32.3961  -3.8281
-32.3962  -3.8282
-32.3963  -3.8283
-32.3964  -3.8284
-32.3965  -3.8285
-32.3966  -3.8286
-32.3968  -3.8286
-32.3969  -3.8286
-32.3970  -3.8286
-32.3971  -3.8285
-32.3972  -3.8285
-32.3974  -3.8285
-32.3975  -3.8284
-32.3976  -3.8284
-32.3977  -3.8284
-32.3979  -3.8284
-32.3980  -3.8284
-32.3982  -3.8284
-32.3984  -3.8285
-32.3984  -3.8287
-32.3985  -3.8288
-32.3985  -3.8289
-32.3985  -3.8290
-32.3985  -3.8292
-32.3985  -3.8293
-32.3985  -3.8294
-32.3984  -3.8295
-32.3983  -3.8294
-32.3982  -3.8295
-32.3982  -3.8297
-32.3981  -3.8298
-32.3980  -3.8299
-32.3979  -3.8300
-32.3978  -3.8301
-32.3978  -3.8300
-32.3977  -3.8299
-32.3976  -3.8299
-32.3975  -3.8300
-32.3974  -3.8301
-32.3973  -3.8302
-32.3973  -3.8303
-32.3974  -3.8304
-32.3975  -3.8304
-32.3976  -3.8305
-32.3977  -3.8305
-32.3977  -3.8307
-32.3976  -3.8308
-32.3975  -3.8309
-32.3975  -3.8310
-32.3974  -3.8311
-32.3974  -3.8312
-32.3973  -3.8313
-32.3973  -3.8314
-32.3972  -3.8316
-32.3971  -3.8316
-32.3971  -3.8318
-32.3970  -3.8318
-32.3969  -3.8320
-32.3968  -3.8320
-32.3968  -3.8321
-32.3967  -3.8322
-32.3966  -3.8323
-32.3964  -3.8323
-32.3963  -3.8324
-32.3962  -3.8324
-32.3962  -3.8325
-32.3961  -3.8326
-32.3960  -3.8327
-32.3959  -3.8328
-32.3958  -3.8330
-32.3958  -3.8331
-32.3958  -3.8332
-32.3958  -3.8333
-32.3958  -3.8334
-32.3959  -3.8335
-32.3960  -3.8336
-32.3960  -3.8337
-32.3962  -3.8338
-32.3962  -3.8339
-32.3963  -3.8340
-32.3962  -3.8341
-32.3961  -3.8342
-32.3960  -3.8343
-32.3959  -3.8344
-32.3960  -3.8344
-32.3961  -3.8345
-32.3962  -3.8345
-32.3963  -3.8344
-32.3963  -3.8345
-32.3963  -3.8347
-32.3963  -3.8348
-32.3962  -3.8348
-32.3961  -3.8349
-32.3960  -3.8350
-32.3961  -3.8350
-32.3962  -3.8351
-32.3963  -3.8351
-32.3964  -3.8351
-32.3965  -3.8350
-32.3965  -3.8352
-32.3965  -3.8353
-32.3966  -3.8353
-32.3967  -3.8354
-32.3968  -3.8355
-32.3969  -3.8355
-32.3970  -3.8355
-32.3971  -3.8356
-32.3972  -3.8357
-32.3973  -3.8357
-32.3974  -3.8357
-32.3975  -3.8357
-32.3976  -3.8357
-32.3977  -3.8358
-32.3978  -3.8359
-32.3979  -3.8359
-32.3980  -3.8360
-32.3981  -3.8361
-32.3982  -3.8361
-32.3983  -3.8362
-32.3984  -3.8362
-32.3985  -3.8362
-32.3986  -3.8363
-32.3987  -3.8363
-32.3988  -3.8364
-32.3989  -3.8364
-32.3990  -3.8365
-32.3990  -3.8366
-32.3992  -3.8367
-32.3994  -3.8369
-32.3995  -3.8370
-32.3995  -3.8371
-32.3995  -3.8372
-32.3995  -3.8373
-32.3996  -3.8374
-32.3996  -3.8375
-32.3996  -3.8376
-32.3995  -3.8378
-32.3995  -3.8379
-32.3995  -3.8380
-32.3994  -3.8381
-32.3993  -3.8382
-32.3993  -3.8383
-32.3992  -3.8384
-32.3992  -3.8385
-32.3991  -3.8386
-32.3990  -3.8387
-32.3989  -3.8388
-32.3988  -3.8389
-32.3987  -3.8389
-32.3986  -3.8390
-32.3985  -3.8390
-32.3984  -3.8390
-32.3983  -3.8391
-32.3982  -3.8392
-32.3983  -3.8393
-32.3984  -3.8393
-32.3984  -3.8395
-32.3983  -3.8396
-32.3982  -3.8397
-32.3981  -3.8397
-32.3980  -3.8397
-32.3979  -3.8397
-32.3978  -3.8397
-32.3977  -3.8398
-32.3976  -3.8399
-32.3976  -3.8400
-32.3976  -3.8401
-32.3977  -3.8402
-32.3978  -3.8403
-32.3977  -3.8404
-32.3976  -3.8404
-32.3975  -3.8405
-32.3974  -3.8405
-32.3973  -3.8406
-32.3973  -3.8407
-32.3974  -3.8408
-32.3975  -3.8409
-32.3976  -3.8409
-32.3975  -3.8410
-32.3974  -3.8410
-32.3974  -3.8411
-32.3973  -3.8411
-32.3972  -3.8412
-32.3971  -3.8413
-32.3971  -3.8414
-32.3970  -3.8414
-32.3969  -3.8415
-32.3968  -3.8415
-32.3967  -3.8416
-32.3966  -3.8416
-32.3965  -3.8416
-32.3964  -3.8416
-32.3963  -3.8416
-32.3963  -3.8418
-32.3964  -3.8418
-32.3964  -3.8419
-32.3964  -3.8421
-32.3965  -3.8421
-32.3966  -3.8421
-32.3967  -3.8421
-32.3968  -3.8421
-32.3969  -3.8421
-32.3970  -3.8422
-32.3969  -3.8423
-32.3969  -3.8424
-32.3968  -3.8424
-32.3967  -3.8425
-32.3966  -3.8426
-32.3966  -3.8427
-32.3966  -3.8428
-32.3967  -3.8428
-32.3967  -3.8430
-32.3967  -3.8431
-32.3967  -3.8434
-32.3967  -3.8435
-32.3966  -3.8436
-32.3966  -3.8437
-32.3965  -3.8437
-32.3964  -3.8438
-32.3964  -3.8439
-32.3963  -3.8440
-32.3964  -3.8440
-32.3964  -3.8441
-32.3963  -3.8442
-32.3963  -3.8443
-32.3964  -3.8444
-32.3964  -3.8445
-32.3964  -3.8446
-32.3963  -3.8447
-32.3962  -3.8447
-32.3961  -3.8448
-32.3962  -3.8449
-32.3963  -3.8449
-32.3964  -3.8450
-32.3963  -3.8451
-32.3963  -3.8452
-32.3962  -3.8453
-32.3963  -3.8453
-32.3964  -3.8454
-32.3965  -3.8454
-32.3965  -3.8455
-32.3965  -3.8456
-32.3964  -3.8457
-32.3964  -3.8458
-32.3965  -3.8459
-32.3966  -3.8459
-32.3965  -3.8460
-32.3965  -3.8461
-32.3964  -3.8462
-32.3963  -3.8462
-32.3963  -3.8463
-32.3962  -3.8463
-32.3961  -3.8464
-32.3961  -3.8465
-32.3960  -3.8465
-32.3960  -3.8466
-32.3959  -3.8466
-32.3959  -3.8467
-32.3958  -3.8468
-32.3957  -3.8468
-32.3957  -3.8469
-32.3957  -3.8470
-32.3958  -3.8471
-32.3959  -3.8471
-32.3960  -3.8471
-32.3960  -3.8472
-32.3960  -3.8473
-32.3961  -3.8474
-32.3961  -3.8475
-32.3960  -3.8475
-32.3959  -3.8476
-32.3958  -3.8477
-32.3958  -3.8478
-32.3958  -3.8479
-32.3958  -3.8480
-32.3957  -3.8480
-32.3957  -3.8481
-32.3957  -3.8482
-32.3957  -3.8483
-32.3957  -3.8484
-32.3958  -3.8484
-32.3958  -3.8485
-32.3959  -3.8486
-32.3959  -3.8487
-32.3959  -3.8488
-32.3958  -3.8489
-32.3958  -3.8490
-32.3957  -3.8489
-32.3956  -3.8489
-32.3955  -3.8489
-32.3955  -3.8490
-32.3955  -3.8491
-32.3956  -3.8491
-32.3957  -3.8493
-32.3955  -3.8495
-32.3954  -3.8495
-32.3953  -3.8495
-32.3952  -3.8496
-32.3951  -3.8496
-32.3951  -3.8497
-32.3950  -3.8497
-32.3949  -3.8497
-32.3948  -3.8498
-32.3947  -3.8498
-32.3946  -3.8498
-32.3945  -3.8497
-32.3944  -3.8497
-32.3943  -3.8497
-32.3942  -3.8498
-32.3942  -3.8499
-32.3941  -3.8499
-32.3941  -3.8500
-32.3940  -3.8500
-32.3939  -3.8500
-32.3938  -3.8499
-32.3938  -3.8498
-32.3937  -3.8498
-32.3936  -3.8497
-32.3935  -3.8498
-32.3934  -3.8498
-32.3933  -3.8499
-32.3932  -3.8500
-32.3932  -3.8501
-32.3932  -3.8502
-32.3931  -3.8503
-32.3930  -3.8503
-32.3930  -3.8504
-32.3929  -3.8504
-32.3928  -3.8504
-32.3927  -3.8503
-32.3926  -3.8503
-32.3925  -3.8502
-32.3924  -3.8502
-32.3923  -3.8501
-32.3923  -3.8500
-32.3922  -3.8500
-32.3921  -3.8499
-32.3920  -3.8500
-32.3920  -3.8501
-32.3920  -3.8502
-32.3921  -3.8503
-32.3922  -3.8504
-32.3921  -3.8505
-32.3920  -3.8505
-32.3919  -3.8505
-32.3919  -3.8504
-32.3918  -3.8503
-32.3917  -3.8503
-32.3915  -3.8503
-32.3914  -3.8504
-32.3913  -3.8504
-32.3912  -3.8504
-32.3912  -3.8505
-32.3911  -3.8506
-32.3912  -3.8507
-32.3913  -3.8508
-32.3914  -3.8508
-32.3914  -3.8509
-32.3915  -3.8510
-32.3916  -3.8510
-32.3916  -3.8511
-32.3917  -3.8512
-32.3918  -3.8513
-32.3919  -3.8513
-32.3920  -3.8513
-32.3921  -3.8513
-32.3922  -3.8513
-32.3923  -3.8513
-32.3923  -3.8514
-32.3923  -3.8515
-32.3923  -3.8516
-32.3924  -3.8517
-32.3925  -3.8517
-32.3926  -3.8517
-32.3927  -3.8517
-32.3927  -3.8518
-32.3928  -3.8518
-32.3929  -3.8518
-32.3930  -3.8518
-32.3931  -3.8519
-32.3932  -3.8520
-32.3932  -3.8521
-32.3932  -3.8523
-32.3933  -3.8523
-32.3934  -3.8523
-32.3935  -3.8523
-32.3936  -3.8523
-32.3937  -3.8522
-32.3938  -3.8522
-32.3939  -3.8522
-32.3940  -3.8523
-32.3941  -3.8523
-32.3942  -3.8524
-32.3943  -3.8524
-32.3944  -3.8524
-32.3945  -3.8524
-32.3946  -3.8524
-32.3947  -3.8524
-32.3948  -3.8524
-32.3949  -3.8524
-32.3950  -3.8524
-32.3951  -3.8524
-32.3952  -3.8524
-32.3953  -3.8525
-32.3954  -3.8525
-32.3955  -3.8525
-32.3956  -3.8524
-32.3957  -3.8524
-32.3958  -3.8523
-32.3959  -3.8523
-32.3960  -3.8523
-32.3961  -3.8522
-32.3962  -3.8521
-32.3963  -3.8521
-32.3964  -3.8522
-32.3965  -3.8523
-32.3965  -3.8524
-32.3965  -3.8525
-32.3965  -3.8526
-32.3966  -3.8526
-32.3966  -3.8527
-32.3966  -3.8528
-32.3966  -3.8529
-32.3966  -3.8530
-32.3966  -3.8532
-32.3966  -3.8533
-32.3966  -3.8534
-32.3965  -3.8535
-32.3965  -3.8536
-32.3965  -3.8537
-32.3965  -3.8538
-32.3966  -3.8539
-32.3966  -3.8540
-32.3967  -3.8541
-32.3967  -3.8542
-32.3967  -3.8543
-32.3968  -3.8544
-32.3968  -3.8545
-32.3969  -3.8546
-32.3970  -3.8546
-32.3971  -3.8546
-32.3973  -3.8546
-32.3974  -3.8547
-32.3975  -3.8548
-32.3975  -3.8550
-32.3975  -3.8551
-32.3974  -3.8552
-32.3974  -3.8553
-32.3974  -3.8554
-32.3973  -3.8555
-32.3973  -3.8556
-32.3971  -3.8559
-32.3971  -3.8560
-32.3970  -3.8561
-32.3970  -3.8562
-32.3970  -3.8563
-32.3970  -3.8564
-32.3970  -3.8565
-32.3970  -3.8566
-32.3971  -3.8566
-32.3972  -3.8566
-32.3973  -3.8566
-32.3974  -3.8566
-32.3974  -3.8565
-32.3975  -3.8565
-32.3977  -3.8565
-32.3978  -3.8565
-32.3979  -3.8565
-32.3980  -3.8565
-32.3981  -3.8565
-32.3982  -3.8564
-32.3983  -3.8564
-32.3984  -3.8563
-32.3985  -3.8562
-32.3986  -3.8561
-32.3987  -3.8561
-32.3988  -3.8560
-32.3989  -3.8560
-32.3989  -3.8559
-32.3990  -3.8559
-32.3991  -3.8559
-32.3992  -3.8560
-32.3993  -3.8560
-32.3993  -3.8561
-32.3994  -3.8562
-32.3995  -3.8562
-32.3996  -3.8563
-32.3997  -3.8563
-32.3998  -3.8563
-32.3999  -3.8563
-32.4000  -3.8563
-32.4001  -3.8563
-32.4002  -3.8563
-32.4003  -3.8564
-32.4004  -3.8564
-32.4005  -3.8565
-32.4005  -3.8566
-32.4005  -3.8567
-32.4006  -3.8568
-32.4007  -3.8568
-32.4008  -3.8569
-32.4009  -3.8570
-32.4010  -3.8570
-32.4011  -3.8571
-32.4012  -3.8571
-32.4013  -3.8571
-32.4014  -3.8572
-32.4015  -3.8572
-32.4016  -3.8572
-32.4017  -3.8572
-32.4018  -3.8573
-32.4019  -3.8573
-32.4020  -3.8573
-32.4021  -3.8574
-32.4022  -3.8574
-32.4023  -3.8574
-32.4025  -3.8574
-32.4026  -3.8574
-32.4027  -3.8575
-32.4028  -3.8575
-32.4029  -3.8575
-32.4030  -3.8575
-32.4031  -3.8575
-32.4032  -3.8575
-32.4033  -3.8575
-32.4035  -3.8576
-32.4036  -3.8576
-32.4037  -3.8576
-32.4038  -3.8576
-32.4039  -3.8576
-32.4040  -3.8576
-32.4041  -3.8576
-32.4042  -3.8576
-32.4043  -3.8576
-32.4044  -3.8575
-32.4045  -3.8575
-32.4046  -3.8574
-32.4047  -3.8573
-32.4048  -3.8572
-32.4049  -3.8572
-32.4050  -3.8572
-32.4051  -3.8571
-32.4052  -3.8570
-32.4053  -3.8570
-32.4054  -3.8569
-32.4055  -3.8569
-32.4056  -3.8568
-32.4058  -3.8568
-32.4059  -3.8567
-32.4060  -3.8567
-32.4061  -3.8567
-32.4062  -3.8566
-32.4063  -3.8566
-32.4064  -3.8565
-32.4065  -3.8565
-32.4066  -3.8565
-32.4067  -3.8565
-32.4068  -3.8565
-32.4069  -3.8565
-32.4070  -3.8565
-32.4071  -3.8565
-32.4072  -3.8564
-32.4073  -3.8564
-32.4074  -3.8564
-32.4075  -3.8564
-32.4076  -3.8565
-32.4077  -3.8565
-32.4078  -3.8566
-32.4079  -3.8566
-32.4080  -3.8567
-32.4083  -3.8569
-32.4084  -3.8569
-32.4085  -3.8570
-32.4085  -3.8571
-32.4086  -3.8572
-32.4087  -3.8573
-32.4088  -3.8574
-32.4089  -3.8575
-32.4089  -3.8576
-32.4090  -3.8577
-32.4090  -3.8578
-32.4090  -3.8579
-32.4090  -3.8580
-32.4090  -3.8581
-32.4090  -3.8582
-32.4090  -3.8583
-32.4090  -3.8584
-32.4089  -3.8585
-32.4089  -3.8586
-32.4089  -3.8588
-32.4089  -3.8589
-32.4089  -3.8590
-32.4089  -3.8591
-32.4088  -3.8592
-32.4088  -3.8594
-32.4089  -3.8595
-32.4090  -3.8596
-32.4091  -3.8596
-32.4091  -3.8597
-32.4092  -3.8598
-32.4093  -3.8598
-32.4094  -3.8598
-32.4095  -3.8598
-32.4096  -3.8598
-32.4097  -3.8597
-32.4098  -3.8597
-32.4099  -3.8596
-32.4100  -3.8595
-32.4100  -3.8594
-32.4101  -3.8593
-32.4102  -3.8593
-32.4103  -3.8593
-32.4104  -3.8594
-32.4104  -3.8595
-32.4105  -3.8596
-32.4105  -3.8597
-32.4105  -3.8598
-32.4106  -3.8599
-32.4107  -3.8600
-32.4107  -3.8601
-32.4108  -3.8602
-32.4109  -3.8603
-32.4109  -3.8604
-32.4110  -3.8605
-32.4111  -3.8605
-32.4111  -3.8606
-32.4111  -3.8607
-32.4111  -3.8608
-32.4112  -3.8609
-32.4112  -3.8610
-32.4112  -3.8611
-32.4112  -3.8612
-32.4112  -3.8613
-32.4112  -3.8614
-32.4112  -3.8615
-32.4112  -3.8616
-32.4112  -3.8617
-32.4112  -3.8618
-32.4112  -3.8619
-32.4111  -3.8620
-32.4111  -3.8621
-32.4111  -3.8622
-32.4111  -3.8623
-32.4110  -3.8623
-32.4109  -3.8624
-32.4109  -3.8625
-32.4108  -3.8625
-32.4107  -3.8626
-32.4106  -3.8626
-32.4106  -3.8627
-32.4105  -3.8628
-32.4105  -3.8629
-32.4105  -3.8630
-32.4104  -3.8630
-32.4104  -3.8631
-32.4104  -3.8632
-32.4104  -3.8633
-32.4104  -3.8634
-32.4104  -3.8635
-32.4104  -3.8636
-32.4104  -3.8637
-32.4105  -3.8638
-32.4106  -3.8638
-32.4107  -3.8639
-32.4107  -3.8640
-32.4107  -3.8641
-32.4107  -3.8642
-32.4107  -3.8643
-32.4108  -3.8643
-32.4109  -3.8644
-32.4110  -3.8645
-32.4111  -3.8645
-32.4112  -3.8644
-32.4113  -3.8643
-32.4113  -3.8642
-32.4114  -3.8641
-32.4114  -3.8640
-32.4115  -3.8639
-32.4115  -3.8638
-32.4116  -3.8637
-32.4116  -3.8636
-32.4117  -3.8635
-32.4117  -3.8634
-32.4117  -3.8633
-32.4117  -3.8632
-32.4117  -3.8631
-32.4117  -3.8630
-32.4118  -3.8630
-32.4119  -3.8630
-32.4120  -3.8631
-32.4121  -3.8630
-32.4122  -3.8630
-32.4123  -3.8630
-32.4124  -3.8629
-32.4125  -3.8629
-32.4126  -3.8628
-32.4127  -3.8628
-32.4128  -3.8628
-32.4130  -3.8628
-32.4131  -3.8628
-32.4132  -3.8628
-32.4133  -3.8628
-32.4134  -3.8628
-32.4135  -3.8628
-32.4135  -3.8629
-32.4135  -3.8630
-32.4134  -3.8631
-32.4134  -3.8632
-32.4135  -3.8633
-32.4136  -3.8633
-32.4137  -3.8633
-32.4138  -3.8634
-32.4139  -3.8634
-32.4140  -3.8634
-32.4140  -3.8633
-32.4141  -3.8632
-32.4141  -3.8631
-32.4141  -3.8630
-32.4142  -3.8630
-32.4143  -3.8630
-32.4144  -3.8630
-32.4145  -3.8631
-32.4145  -3.8632
-32.4146  -3.8632
-32.4147  -3.8631
-32.4148  -3.8632
-32.4151  -3.8632
-32.4152  -3.8632
-32.4153  -3.8632
-32.4154  -3.8632
-32.4155  -3.8632
-32.4156  -3.8632
-32.4157  -3.8632
-32.4158  -3.8633
-32.4160  -3.8633
-32.4161  -3.8633
-32.4162  -3.8633
-32.4163  -3.8633
-32.4164  -3.8633
-32.4165  -3.8632
-32.4166  -3.8632
-32.4167  -3.8633
-32.4168  -3.8634
-32.4169  -3.8635
-32.4169  -3.8636
-32.4169  -3.8637
-32.4168  -3.8637
-32.4168  -3.8638
-32.4167  -3.8639
-32.4166  -3.8640
-32.4166  -3.8641
-32.4165  -3.8642
-32.4165  -3.8644
-32.4165  -3.8645
-32.4166  -3.8646
-32.4166  -3.8647
-32.4166  -3.8648
-32.4166  -3.8649
-32.4166  -3.8650
-32.4166  -3.8651
-32.4166  -3.8653
-32.4166  -3.8654
-32.4166  -3.8655
-32.4166  -3.8656
-32.4166  -3.8657
-32.4166  -3.8658
-32.4166  -3.8659
-32.4165  -3.8660
-32.4165  -3.8661
-32.4165  -3.8662
-32.4166  -3.8663
-32.4167  -3.8664
-32.4168  -3.8664
-32.4169  -3.8664
-32.4169  -3.8665
-32.4169  -3.8666
-32.4170  -3.8667
-32.4170  -3.8668
-32.4170  -3.8669
-32.4171  -3.8670
-32.4171  -3.8671
-32.4172  -3.8672
-32.4173  -3.8673
-32.4173  -3.8674
-32.4174  -3.8674
-32.4174  -3.8675
-32.4174  -3.8676
-32.4174  -3.8677
-32.4175  -3.8678
-32.4175  -3.8679
-32.4176  -3.8680
-32.4177  -3.8680
-32.4178  -3.8680
-32.4179  -3.8680
-32.4180  -3.8680
-32.4181  -3.8680
-32.4182  -3.8680
-32.4183  -3.8680
-32.4183  -3.8681
-32.4184  -3.8682
-32.4185  -3.8682
-32.4185  -3.8683
-32.4186  -3.8684
-32.4187  -3.8684
-32.4187  -3.8685
-32.4188  -3.8685
-32.4188  -3.8686
-32.4189  -3.8687
-32.4189  -3.8688
-32.4190  -3.8688
-32.4191  -3.8689
-32.4192  -3.8690
-32.4193  -3.8691
-32.4194  -3.8691
-32.4195  -3.8691
-32.4196  -3.8691
-32.4197  -3.8690
-32.4198  -3.8690
-32.4199  -3.8690
-32.4200  -3.8690
-32.4201  -3.8690
-32.4202  -3.8690
-32.4203  -3.8690
-32.4205  -3.8690
-32.4206  -3.8691
-32.4207  -3.8691
-32.4208  -3.8691
-32.4209  -3.8691
-32.4210  -3.8691
-32.4211  -3.8691
-32.4212  -3.8691
-32.4213  -3.8692
-32.4214  -3.8692
-32.4214  -3.8693
-32.4215  -3.8693
-32.4216  -3.8693
-32.4217  -3.8692
-32.4218  -3.8692
-32.4218  -3.8691
-32.4219  -3.8690
-32.4219  -3.8692
-32.4218  -3.8693
-32.4218  -3.8694
-32.4218  -3.8695
-32.4218  -3.8696
-32.4218  -3.8697
-32.4218  -3.8698
-32.4217  -3.8699
-32.4216  -3.8700
-32.4216  -3.8701
-32.4215  -3.8701
-32.4214  -3.8702
-32.4213  -3.8702
-32.4212  -3.8703
-32.4211  -3.8703
-32.4210  -3.8703
-32.4209  -3.8703
-32.4208  -3.8703
-32.4207  -3.8703
-32.4206  -3.8704
-32.4205  -3.8704
-32.4204  -3.8705
-32.4203  -3.8705
-32.4202  -3.8706
-32.4201  -3.8706
-32.4200  -3.8706
-32.4199  -3.8707
-32.4198  -3.8707
-32.4197  -3.8707
-32.4196  -3.8707
-32.4195  -3.8707
-32.4193  -3.8707
-32.4192  -3.8707
-32.4190  -3.8707
-32.4189  -3.8707
-32.4188  -3.8708
-32.4187  -3.8708
-32.4186  -3.8709
-32.4185  -3.8710
-32.4184  -3.8711
-32.4183  -3.8711
-32.4183  -3.8712
-32.4182  -3.8712
-32.4181  -3.8713
-32.4180  -3.8713
-32.4179  -3.8714
-32.4178  -3.8714
-32.4177  -3.8715
-32.4176  -3.8716
-32.4175  -3.8717
-32.4174  -3.8717
-32.4174  -3.8718
-32.4173  -3.8719
-32.4174  -3.8720
-32.4175  -3.8721
-32.4174  -3.8722
-32.4175  -3.8723
-32.4175  -3.8724
-32.4175  -3.8725
-32.4176  -3.8725
-32.4176  -3.8726
-32.4177  -3.8726
-32.4178  -3.8726
-32.4179  -3.8728
-32.4180  -3.8729
-32.4181  -3.8729
-32.4182  -3.8730
-32.4183  -3.8730
-32.4184  -3.8730
-32.4185  -3.8729
-32.4186  -3.8729
-32.4187  -3.8728
-32.4188  -3.8728
-32.4188  -3.8727
-32.4189  -3.8726
-32.4190  -3.8726
-32.4191  -3.8725
-32.4191  -3.8724
-32.4192  -3.8723
-32.4193  -3.8723
-32.4194  -3.8722
-32.4194  -3.8721
-32.4194  -3.8720
-32.4195  -3.8719
-32.4196  -3.8718
-32.4196  -3.8717
-32.4197  -3.8716
-32.4198  -3.8715
-32.4199  -3.8714
-32.4199  -3.8713
-32.4200  -3.8712
-32.4201  -3.8712
-32.4202  -3.8711
-32.4203  -3.8711
-32.4204  -3.8710
-32.4205  -3.8709
-32.4206  -3.8708
-32.4207  -3.8707
-32.4208  -3.8706
-32.4209  -3.8706
-32.4210  -3.8706
-32.4211  -3.8706
-32.4212  -3.8706
-32.4214  -3.8706
-32.4214  -3.8707
-32.4213  -3.8707
-32.4212  -3.8708
-32.4212  -3.8709
-32.4211  -3.8710
-32.4210  -3.8710
-32.4210  -3.8712
-32.4210  -3.8713
-32.4211  -3.8713
-32.4212  -3.8713
-32.4213  -3.8713
-32.4214  -3.8713
-32.4215  -3.8713
-32.4216  -3.8713
-32.4217  -3.8713
-32.4218  -3.8712
-32.4219  -3.8712
-32.4220  -3.8711
-32.4221  -3.8710
-32.4221  -3.8709
-32.4222  -3.8708
-32.4222  -3.8707
-32.4222  -3.8706
-32.4223  -3.8705
-32.4223  -3.8704
-32.4223  -3.8703
-32.4223  -3.8702
-32.4224  -3.8701
-32.4224  -3.8699
-32.4224  -3.8698
-32.4224  -3.8697
-32.4225  -3.8696
-32.4225  -3.8695
-32.4225  -3.8694
-32.4226  -3.8692
-32.4226  -3.8691
-32.4226  -3.8690
-32.4226  -3.8688
-32.4226  -3.8687
-32.4226  -3.8686
-32.4226  -3.8685
-32.4225  -3.8684
-32.4225  -3.8683
-32.4225  -3.8682
-32.4224  -3.8681
-32.4224  -3.8679
-32.4224  -3.8678
-32.4224  -3.8677
-32.4225  -3.8675
-32.4225  -3.8674
-32.4225  -3.8672
-32.4225  -3.8671
-32.4225  -3.8670
-32.4225  -3.8669
-32.4225  -3.8668
-32.4225  -3.8667
-32.4225  -3.8666
-32.4226  -3.8665
-32.4226  -3.8663
-32.4227  -3.8662
-32.4228  -3.8661
-32.4228  -3.8660
-32.4229  -3.8660
-32.4231  -3.8660
-32.4232  -3.8660
-32.4233  -3.8660
-32.4234  -3.8660
-32.4235  -3.8660
-32.4236  -3.8660
-32.4237  -3.8660
-32.4239  -3.8660
-32.4241  -3.8660
-32.4242  -3.8660
-32.4243  -3.8660
-32.4244  -3.8660
-32.4246  -3.8660
-32.4247  -3.8660
-32.4248  -3.8660
-32.4249  -3.8661
-32.4250  -3.8662
-32.4251  -3.8662
-32.4252  -3.8663
-32.4252  -3.8664
-32.4253  -3.8665
-32.4254  -3.8666
-32.4255  -3.8667
-32.4256  -3.8667
-32.4256  -3.8669
-32.4257  -3.8670
-32.4257  -3.8671
-32.4256  -3.8672
-32.4256  -3.8674
-32.4256  -3.8675
-32.4255  -3.8676
-32.4255  -3.8677
-32.4255  -3.8679
-32.4254  -3.8680
-32.4253  -3.8682
-32.4253  -3.8683
-32.4253  -3.8684
-32.4252  -3.8686
-32.4252  -3.8687
-32.4253  -3.8688
-32.4253  -3.8689
-32.4254  -3.8691
-32.4253  -3.8692
-32.4252  -3.8693
-32.4251  -3.8694
-32.4251  -3.8695
-32.4252  -3.8696
-32.4252  -3.8697
-32.4253  -3.8698
-32.4253  -3.8699
-32.4253  -3.8700
-32.4253  -3.8701
-32.4252  -3.8702
-32.4252  -3.8703
-32.4251  -3.8704
-32.4249  -3.8706
-32.4248  -3.8707
-32.4247  -3.8708
-32.4245  -3.8709
-32.4244  -3.8710
-32.4243  -3.8711
-32.4242  -3.8712
-32.4241  -3.8713
-32.4240  -3.8714
-32.4239  -3.8714
-32.4238  -3.8715
-32.4237  -3.8716
-32.4236  -3.8716
-32.4235  -3.8717
-32.4235  -3.8718
-32.4234  -3.8718
-32.4233  -3.8719
-32.4232  -3.8720
-32.4232  -3.8721
-32.4231  -3.8722
-32.4230  -3.8722
-32.4230  -3.8723
-32.4229  -3.8724
-32.4228  -3.8725
-32.4228  -3.8726
-32.4228  -3.8727
-32.4227  -3.8728
-32.4226  -3.8729
-32.4225  -3.8729
-32.4224  -3.8730
-32.4223  -3.8731
-32.4223  -3.8732
-32.4223  -3.8733
-32.4223  -3.8734
-32.4224  -3.8734
-32.4225  -3.8735
-32.4225  -3.8736
-32.4226  -3.8737
-32.4226  -3.8738
-32.4227  -3.8738
-32.4227  -3.8739
-32.4227  -3.8740
-32.4228  -3.8741
-32.4228  -3.8742
-32.4229  -3.8743
-32.4229  -3.8744
-32.4230  -3.8745
-32.4231  -3.8746
-32.4231  -3.8747
-32.4232  -3.8747
-32.4232  -3.8748
-32.4233  -3.8749
-32.4234  -3.8750
-32.4235  -3.8751
-32.4236  -3.8752
-32.4236  -3.8753
-32.4237  -3.8753
-32.4238  -3.8754
-32.4239  -3.8754
-32.4239  -3.8755
-32.4240  -3.8755
-32.4241  -3.8756
-32.4241  -3.8757
-32.4241  -3.8758
-32.4241  -3.8759
-32.4242  -3.8760
-32.4243  -3.8760
-32.4244  -3.8760
-32.4245  -3.8760
-32.4247  -3.8761
-32.4248  -3.8761
-32.4248  -3.8762
-32.4248  -3.8763
-32.4247  -3.8764
-32.4246  -3.8765
-32.4246  -3.8766
-32.4245  -3.8767
-32.4245  -3.8769
-32.4245  -3.8770
-32.4245  -3.8771
-32.4245  -3.8772
-32.4246  -3.8773
-32.4246  -3.8774
-32.4247  -3.8774
-32.4247  -3.8775
-32.4248  -3.8775
-32.4249  -3.8775
-32.4250  -3.8775
-32.4251  -3.8775
-32.4252  -3.8775
-32.4253  -3.8775
-32.4254  -3.8775
-32.4255  -3.8774
-32.4256  -3.8774
-32.4256  -3.8773
-32.4257  -3.8772
-32.4257  -3.8771
-32.4258  -3.8771
-32.4258  -3.8770
-32.4258  -3.8769
-32.4259  -3.8767
-32.4259  -3.8766
-32.4260  -3.8765
-32.4261  -3.8765
-32.4262  -3.8764
-32.4262  -3.8763
-32.4263  -3.8762
-32.4264  -3.8761
-32.4265  -3.8760
-32.4265  -3.8759
-32.4266  -3.8758
-32.4266  -3.8757
-32.4266  -3.8756
-32.4267  -3.8756
-32.4267  -3.8755
-32.4268  -3.8754
-32.4268  -3.8753
-32.4268  -3.8752
-32.4268  -3.8751
-32.4268  -3.8750
-32.4268  -3.8748
-32.4268  -3.8747
-32.4268  -3.8746
-32.4268  -3.8745
-32.4269  -3.8744
-32.4269  -3.8743
-32.4269  -3.8742
-32.4269  -3.8740
-32.4268  -3.8740
-32.4268  -3.8739
-32.4268  -3.8738
-32.4268  -3.8737
-32.4268  -3.8736
-32.4267  -3.8735
-32.4267  -3.8734
-32.4267  -3.8733
-32.4268  -3.8732
-32.4268  -3.8731
-32.4268  -3.8730
-32.4268  -3.8728
-32.4268  -3.8726
-32.4268  -3.8725
-32.4268  -3.8724
-32.4268  -3.8723
-32.4269  -3.8722
-32.4269  -3.8721
-32.4270  -3.8720
-32.4270  -3.8719
-32.4271  -3.8718
-32.4271  -3.8716
-32.4272  -3.8715
-32.4273  -3.8714
-32.4274  -3.8713
-32.4274  -3.8712
-32.4275  -3.8711
-32.4276  -3.8710
-32.4277  -3.8709
-32.4278  -3.8709
-32.4278  -3.8708
-32.4279  -3.8707
-32.4280  -3.8707
-32.4281  -3.8707
-32.4282  -3.8707
-32.4283  -3.8708
-32.4284  -3.8708
-32.4284  -3.8709
-32.4285  -3.8710
-32.4285  -3.8711
-32.4285  -3.8712
-32.4285  -3.8713
-32.4285  -3.8714
-32.4286  -3.8715
-32.4286  -3.8716
-32.4287  -3.8717
-32.4287  -3.8718
-32.4288  -3.8717
-32.4288  -3.8716
-32.4288  -3.8715
-32.4289  -3.8714
-32.4290  -3.8714
-32.4291  -3.8714
-32.4291  -3.8717
-32.4292  -3.8719
-32.4292  -3.8720
-32.4293  -3.8722
-32.4294  -3.8722
-32.4294  -3.8723
-32.4296  -3.8725
-32.4297  -3.8726
-32.4298  -3.8726
-32.4299  -3.8726
-32.4300  -3.8726
-32.4301  -3.8726
-32.4302  -3.8726
-32.4303  -3.8725
-32.4304  -3.8725
-32.4305  -3.8724
-32.4306  -3.8724
-32.4307  -3.8724
-32.4308  -3.8723
-32.4309  -3.8723
-32.4310  -3.8722
-32.4311  -3.8721
-32.4311  -3.8720
-32.4312  -3.8719
-32.4313  -3.8719
-32.4314  -3.8718
-32.4315  -3.8717
-32.4316  -3.8716
-32.4317  -3.8715
-32.4318  -3.8715
-32.4319  -3.8714
-32.4320  -3.8714
-32.4321  -3.8713
-32.4322  -3.8713
-32.4323  -3.8712
-32.4324  -3.8712
-32.4325  -3.8711
-32.4326  -3.8711
-32.4327  -3.8711
-32.4328  -3.8711
-32.4329  -3.8710
-32.4330  -3.8710
-32.4331  -3.8709
-32.4332  -3.8709
-32.4333  -3.8708
-32.4334  -3.8708
-32.4335  -3.8708
-32.4336  -3.8708
-32.4337  -3.8708
-32.4338  -3.8708
-32.4339  -3.8708
-32.4340  -3.8708
-32.4342  -3.8708
-32.4342  -3.8707
-32.4343  -3.8707
-32.4344  -3.8706
-32.4346  -3.8706
-32.4347  -3.8705
-32.4348  -3.8704
-32.4349  -3.8704
-32.4350  -3.8703
-32.4351  -3.8703
-32.4352  -3.8703
-32.4353  -3.8703
-32.4354  -3.8703
-32.4355  -3.8704
-32.4356  -3.8704
-32.4357  -3.8705
-32.4359  -3.8705
-32.4360  -3.8705
-32.4361  -3.8705
-32.4362  -3.8705
-32.4363  -3.8705
-32.4364  -3.8705
-32.4366  -3.8705
-32.4367  -3.8705
-32.4368  -3.8705
-32.4369  -3.8706
-32.4370  -3.8707
-32.4371  -3.8707
-32.4372  -3.8707
-32.4373  -3.8708
-32.4374  -3.8708
-32.4375  -3.8708
-32.4376  -3.8708
-32.4378  -3.8709
-32.4378  -3.8710
-32.4379  -3.8710
-32.4380  -3.8710
-32.4381  -3.8711
-32.4382  -3.8712
-32.4382  -3.8713
-32.4383  -3.8715
-32.4383  -3.8716
-32.4383  -3.8717
-32.4383  -3.8718
-32.4383  -3.8719
-32.4382  -3.8720
-32.4381  -3.8721
-32.4380  -3.8722
-32.4379  -3.8722
-32.4378  -3.8723
-32.4378  -3.8724
-32.4378  -3.8725
-32.4378  -3.8726
-32.4378  -3.8727
-32.4379  -3.8728
-32.4379  -3.8729
-32.4380  -3.8729
-32.4380  -3.8730
-32.4380  -3.8731
-32.4381  -3.8732
-32.4381  -3.8733
-32.4382  -3.8734
-32.4382  -3.8735
-32.4383  -3.8735
-32.4384  -3.8736
-32.4385  -3.8737
-32.4386  -3.8737
-32.4386  -3.8738
-32.4388  -3.8738
-32.4389  -3.8738
-32.4390  -3.8738
-32.4391  -3.8739
-32.4392  -3.8738
-32.4392  -3.8737
-32.4393  -3.8736
-32.4394  -3.8735
-32.4394  -3.8734
-32.4393  -3.8733
-32.4393  -3.8731
-32.4393  -3.8729
-32.4392  -3.8728
-32.4392  -3.8727
-32.4391  -3.8726
-32.4390  -3.8725
-32.4390  -3.8724
-32.4389  -3.8723
-32.4389  -3.8722
-32.4388  -3.8721
-32.4388  -3.8720
-32.4387  -3.8719
-32.4386  -3.8718
-32.4386  -3.8716
-32.4385  -3.8715
-32.4385  -3.8714
-32.4386  -3.8713
-32.4386  -3.8712
-32.4387  -3.8712
-32.4388  -3.8711
-32.4389  -3.8710
-32.4389  -3.8709
-32.4390  -3.8709
-32.4391  -3.8708
-32.4392  -3.8708
-32.4393  -3.8707
-32.4394  -3.8707
-32.4395  -3.8707
-32.4396  -3.8706
-32.4397  -3.8706
-32.4398  -3.8706
-32.4399  -3.8706
-32.4401  -3.8706
-32.4402  -3.8706
-32.4403  -3.8706
-32.4404  -3.8706
-32.4405  -3.8707
-32.4406  -3.8707
-32.4407  -3.8707
-32.4411  -3.8707
-32.4412  -3.8707
-32.4413  -3.8707
-32.4415  -3.8707
-32.4416  -3.8706
-32.4417  -3.8705
-32.4418  -3.8706
-32.4419  -3.8706
-32.4420  -3.8706
-32.4421  -3.8707
-32.4421  -3.8708
-32.4422  -3.8708
-32.4423  -3.8709
-32.4424  -3.8709
-32.4425  -3.8710
-32.4426  -3.8710
-32.4427  -3.8711
-32.4428  -3.8712
-32.4429  -3.8713
-32.4430  -3.8713
-32.4431  -3.8714
-32.4432  -3.8715
-32.4433  -3.8716
-32.4434  -3.8717
-32.4435  -3.8718
-32.4436  -3.8719
-32.4438  -3.8721
-32.4439  -3.8721
-32.4439  -3.8722
-32.4440  -3.8724
-32.4441  -3.8725
-32.4442  -3.8725
-32.4443  -3.8726
-32.4444  -3.8727
-32.4445  -3.8727
-32.4446  -3.8728
-32.4447  -3.8728
-32.4447  -3.8729
-32.4448  -3.8731
-32.4449  -3.8732
-32.4449  -3.8733
-32.4450  -3.8733
-32.4451  -3.8734
-32.4451  -3.8735
-32.4452  -3.8736
-32.4453  -3.8736
-32.4454  -3.8737
-32.4454  -3.8738
-32.4455  -3.8738
-32.4456  -3.8739
-32.4457  -3.8739
-32.4458  -3.8739
-32.4459  -3.8740
-32.4461  -3.8740
-32.4462  -3.8740
-32.4463  -3.8740
-32.4464  -3.8740
-32.4465  -3.8740
-32.4465  -3.8741
-32.4466  -3.8741
-32.4467  -3.8742
-32.4468  -3.8743
-32.4468  -3.8744
-32.4469  -3.8745
-32.4470  -3.8745
-32.4471  -3.8746
-32.4472  -3.8746
-32.4473  -3.8747
-32.4474  -3.8747
-32.4475  -3.8747
-32.4476  -3.8748
-32.4477  -3.8748
-32.4478  -3.8748
-32.4479  -3.8748
-32.4480  -3.8748
-32.4481  -3.8748
-32.4482  -3.8748
-32.4483  -3.8749
-32.4484  -3.8749
-32.4485  -3.8749
-32.4486  -3.8749
-32.4488  -3.8749
-32.4488  -3.8748
-32.4490  -3.8748
-32.4492  -3.8748
-32.4493  -3.8748
-32.4496  -3.8747
-32.4497  -3.8748
-32.4498  -3.8748
-32.4499  -3.8749
-32.4500  -3.8749
-32.4501  -3.8749
-32.4502  -3.8750
-32.4503  -3.8750
-32.4504  -3.8750
-32.4505  -3.8751
-32.4505  -3.8752
-32.4507  -3.8752
-32.4509  -3.8753
-32.4510  -3.8753
-32.4512  -3.8753
-32.4513  -3.8752
-32.4514  -3.8752
-32.4515  -3.8752
-32.4516  -3.8752
-32.4517  -3.8752
-32.4518  -3.8753
-32.4520  -3.8754
-32.4521  -3.8755
-32.4523  -3.8755
-32.4524  -3.8756
-32.4525  -3.8756
-32.4526  -3.8756
-32.4527  -3.8756
-32.4528  -3.8757
-32.4529  -3.8757
-32.4530  -3.8757
-32.4531  -3.8758
-32.4532  -3.8758
-32.4533  -3.8759
-32.4533  -3.8760
-32.4534  -3.8761
-32.4535  -3.8761
-32.4536  -3.8762
-32.4537  -3.8763
-32.4538  -3.8763
-32.4538  -3.8764
-32.4539  -3.8765
-32.4540  -3.8766
-32.4540  -3.8767
-32.4541  -3.8768
-32.4542  -3.8768
-32.4544  -3.8769
-32.4545  -3.8769
-32.4545  -3.8770
-32.4546  -3.8770
-32.4547  -3.8770
-32.4548  -3.8770
-32.4550  -3.8770
-32.4550  -3.8769
-32.4551  -3.8769
-32.4552  -3.8769
-32.4553  -3.8769
-32.4554  -3.8771
-32.4555  -3.8771
-32.4556  -3.8772
-32.4556  -3.8773
-32.4557  -3.8773
-32.4558  -3.8774
-32.4559  -3.8774
-32.4560  -3.8775
-32.4561  -3.8775
-32.4562  -3.8774
-32.4563  -3.8775
-32.4563  -3.8776
-32.4564  -3.8776
-32.4564  -3.8777
-32.4565  -3.8777
-32.4566  -3.8778
-32.4567  -3.8779
-32.4568  -3.8779
-32.4569  -3.8780
-32.4570  -3.8780
-32.4571  -3.8780
-32.4571  -3.8781
-32.4572  -3.8781
-32.4572  -3.8782
-32.4573  -3.8783
-32.4573  -3.8784
-32.4573  -3.8785
-32.4574  -3.8787
-32.4574  -3.8788
-32.4575  -3.8789
-32.4575  -3.8790
-32.4575  -3.8791
-32.4576  -3.8792
-32.4576  -3.8793
-32.4576  -3.8794
-32.4577  -3.8795
-32.4577  -3.8796
-32.4578  -3.8796
-32.4578  -3.8797
-32.4578  -3.8798
-32.4578  -3.8799
-32.4578  -3.8800
-32.4578  -3.8801
-32.4577  -3.8802
-32.4577  -3.8803
-32.4577  -3.8804
-32.4577  -3.8805
-32.4577  -3.8806
-32.4576  -3.8807
-32.4576  -3.8808
-32.4575  -3.8809
-32.4574  -3.8810
-32.4574  -3.8811
-32.4575  -3.8812
-32.4576  -3.8812
-32.4577  -3.8811
-32.4578  -3.8811
-32.4579  -3.8811
-32.4580  -3.8810
-32.4581  -3.8809
-32.4582  -3.8809
-32.4583  -3.8808
-32.4584  -3.8807
-32.4584  -3.8806
-32.4585  -3.8806
-32.4586  -3.8805
-32.4586  -3.8804
-32.4586  -3.8803
-32.4587  -3.8803
-32.4587  -3.8802
-32.4588  -3.8801
-32.4588  -3.8800
-32.4589  -3.8799
-32.4590  -3.8798
-32.4591  -3.8798
-32.4592  -3.8797
-32.4593  -3.8796
-32.4594  -3.8795
-32.4595  -3.8794
-32.4595  -3.8793
-32.4595  -3.8792
-32.4596  -3.8792
-32.4597  -3.8791
-32.4598  -3.8790
-32.4599  -3.8790
-32.4600  -3.8789
-32.4601  -3.8789
-32.4601  -3.8788
-32.4602  -3.8787
-32.4602  -3.8786
-32.4603  -3.8785
-32.4603  -3.8784
-32.4604  -3.8783
-32.4605  -3.8783
-32.4605  -3.8782
-32.4606  -3.8781
-32.4607  -3.8780
-32.4608  -3.8780
-32.4608  -3.8779
-32.4611  -3.8779
-32.4612  -3.8779
-32.4614  -3.8778
-32.4615  -3.8777
-32.4616  -3.8776
-32.4617  -3.8776
-32.4618  -3.8776
-32.4618  -3.8775
-32.4619  -3.8775
-32.4620  -3.8775
-32.4622  -3.8775
-32.4623  -3.8775
-32.4624  -3.8776
-32.4625  -3.8776
-32.4626  -3.8776
-32.4627  -3.8777
-32.4628  -3.8777
-32.4628  -3.8778
-32.4628  -3.8779
-32.4628  -3.8780
-32.4628  -3.8781
-32.4628  -3.8782
-32.4629  -3.8783
-32.4630  -3.8784
-32.4631  -3.8785
-32.4632  -3.8785
-32.4632  -3.8786
-32.4633  -3.8787
-32.4634  -3.8787
-32.4634  -3.8788
-32.4635  -3.8789
-32.4635  -3.8790
-32.4636  -3.8791
-32.4637  -3.8791
-32.4637  -3.8792
-32.4638  -3.8792
-32.4640  -3.8792
-32.4642  -3.8792
-32.4643  -3.8792
-32.4644  -3.8792
-32.4644  -3.8793
-32.4643  -3.8793
-32.4643  -3.8794
-32.4642  -3.8795
-32.4642  -3.8796
-32.4642  -3.8797
-32.4643  -3.8798
-32.4643  -3.8799
-32.4643  -3.8800
-32.4643  -3.8801
-32.4643  -3.8802
-32.4643  -3.8803
-32.4643  -3.8804
-32.4643  -3.8805
-32.4643  -3.8806
-32.4644  -3.8806
-32.4645  -3.8805
-32.4646  -3.8804
-32.4646  -3.8803
-32.4647  -3.8802
-32.4647  -3.8800
-32.4648  -3.8800
-32.4648  -3.8799
-32.4649  -3.8798
-32.4650  -3.8797
-32.4651  -3.8797
-32.4652  -3.8796
-32.4653  -3.8795
-32.4654  -3.8794
-32.4654  -3.8793
-32.4655  -3.8793
-32.4656  -3.8793
-32.4657  -3.8792
-32.4658  -3.8792
-32.4659  -3.8791
-32.4660  -3.8790
-32.4661  -3.8789
-32.4662  -3.8789
-32.4663  -3.8788
-32.4664  -3.8788
-32.4665  -3.8788
-32.4666  -3.8787
-32.4667  -3.8787
-32.4668  -3.8787
-32.4669  -3.8786
-32.4670  -3.8786
-32.4671  -3.8785
-32.4672  -3.8785
-32.4672  -3.8784
-32.4673  -3.8783
-32.4673  -3.8782
-32.4674  -3.8782
-32.4675  -3.8781
-32.4676  -3.8781
-32.4677  -3.8781
-32.4678  -3.8781
-32.4679  -3.8781
-32.4679  -3.8780
-32.4680  -3.8780
-32.4681  -3.8780
-32.4682  -3.8780
-32.4683  -3.8780
-32.4684  -3.8779
-32.4685  -3.8779
-32.4686  -3.8778
-32.4687  -3.8778
-32.4688  -3.8777
-32.4689  -3.8777
-32.4690  -3.8776
-32.4691  -3.8775
-32.4692  -3.8775
-32.4693  -3.8774
-32.4695  -3.8773
-32.4696  -3.8773
-32.4697  -3.8772
-32.4698  -3.8772
-32.4699  -3.8771
-32.4700  -3.8771
-32.4701  -3.8771
-32.4702  -3.8771
-32.4703  -3.8771
-32.4704  -3.8772
-32.4705  -3.8772
-32.4707  -3.8773
-32.4708  -3.8773
-32.4709  -3.8774
-32.4710  -3.8774
-32.4711  -3.8773
-32.4712  -3.8772
-32.4713  -3.8771
-32.4714  -3.8770
-32.4715  -3.8769
-32.4716  -3.8769
-32.4717  -3.8768
-32.4718  -3.8768
-32.4719  -3.8768
-32.4720  -3.8769
-32.4721  -3.8770
-32.4722  -3.8770
-32.4723  -3.8771
-32.4724  -3.8771
-32.4725  -3.8771
-32.4726  -3.8770
-32.4727  -3.8770
-32.4728  -3.8769
-32.4729  -3.8769
-32.4730  -3.8770
-32.4731  -3.8770
-32.4732  -3.8770
-32.4733  -3.8770
-32.4734  -3.8770
-32.4735  -3.8770
-32.4736  -3.8770
-32.4737  -3.8770
-32.4738  -3.8769
-32.4739  -3.8768
-32.4740  -3.8767
-32.4741  -3.8767
-32.4741  -3.8766
-32.4742  -3.8765
-32.4743  -3.8765
-32.4744  -3.8765
-32.4745  -3.8765
-32.4746  -3.8765
-32.4747  -3.8766
-32.4748  -3.8766
-32.4750  -3.8764
-32.4751  -3.8764
-32.4752  -3.8764
-32.4753  -3.8764
-32.4754  -3.8764
-32.4755  -3.8764
-32.4756  -3.8763
-32.4757  -3.8763
-32.4757  -3.8761
-32.4758  -3.8760
-32.4758  -3.8759
-32.4759  -3.8759
-32.4760  -3.8759
-32.4761  -3.8758
-32.4762  -3.8757
-32.4763  -3.8756
-32.4763  -3.8755
-32.4762  -3.8754
-32.4762  -3.8753
-32.4762  -3.8752
-32.4762  -3.8751
-32.4762  -3.8749
-32.4762  -3.8748
-32.4761  -3.8747
-32.4761  -3.8746
-32.4760  -3.8745
-32.4760  -3.8744
-32.4759  -3.8743
-32.4758  -3.8743
-32.4757  -3.8743
-32.4756  -3.8744
-32.4755  -3.8745
-32.4754  -3.8745
-32.4753  -3.8746
-32.4751  -3.8746
-32.4750  -3.8747
-32.4750  -3.8748
-32.4749  -3.8748
-32.4748  -3.8749
-32.4747  -3.8750
-32.4746  -3.8750
-32.4745  -3.8751
-32.4744  -3.8751
-32.4743  -3.8752
-32.4742  -3.8752
-32.4741  -3.8752
-32.4740  -3.8752
-32.4739  -3.8752
-32.4738  -3.8751
-32.4737  -3.8751
-32.4737  -3.8750
-32.4736  -3.8749
-32.4735  -3.8749
-32.4734  -3.8749
-32.4733  -3.8748
-32.4732  -3.8748
-32.4731  -3.8748
-32.4729  -3.8748
-32.4728  -3.8749
-32.4726  -3.8749
-32.4725  -3.8749
-32.4724  -3.8750
-32.4722  -3.8750
-32.4721  -3.8751
-32.4719  -3.8751
-32.4718  -3.8751
-32.4717  -3.8751
-32.4716  -3.8751
-32.4715  -3.8751
-32.4714  -3.8751
-32.4713  -3.8751
-32.4712  -3.8751
-32.4711  -3.8751
-32.4710  -3.8752
-32.4709  -3.8753
-32.4708  -3.8753
-32.4707  -3.8753
-32.4706  -3.8753
-32.4705  -3.8754
-32.4704  -3.8754
-32.4703  -3.8754
-32.4702  -3.8754
-32.4701  -3.8755
-32.4700  -3.8756
-32.4699  -3.8756
-32.4698  -3.8756
-32.4697  -3.8757
-32.4696  -3.8757
-32.4695  -3.8758
-32.4694  -3.8758
-32.4693  -3.8758
-32.4692  -3.8759
-32.4691  -3.8759
-32.4690  -3.8760
-32.4689  -3.8760
-32.4688  -3.8761
-32.4687  -3.8762
-32.4686  -3.8763
-32.4685  -3.8763
-32.4684  -3.8764
-32.4683  -3.8765
-32.4682  -3.8765
-32.4681  -3.8765
-32.4680  -3.8766
-32.4679  -3.8766
-32.4679  -3.8767
-32.4677  -3.8767
-32.4675  -3.8768
-32.4674  -3.8768
-32.4673  -3.8768
-32.4672  -3.8769
-32.4671  -3.8769
-32.4670  -3.8769
-32.4669  -3.8769
-32.4668  -3.8769
-32.4667  -3.8769
-32.4667  -3.8768
-32.4667  -3.8767
-32.4666  -3.8765
-32.4666  -3.8764
-32.4666  -3.8763
-32.4666  -3.8762
-32.4666  -3.8761
-32.4667  -3.8761
-32.4667  -3.8759
-32.4666  -3.8759
-32.4665  -3.8758
-32.4664  -3.8759
-32.4663  -3.8759
-32.4663  -3.8760
-32.4662  -3.8760
-32.4661  -3.8760
-32.4660  -3.8760
-32.4659  -3.8760
-32.4658  -3.8760
-32.4657  -3.8759
-32.4656  -3.8759
-32.4656  -3.8757
-32.4657  -3.8756
-32.4657  -3.8754
-32.4657  -3.8753
-32.4657  -3.8752
-32.4656  -3.8751
-32.4656  -3.8750
-32.4656  -3.8749
-32.4655  -3.8748
-32.4655  -3.8747
-32.4654  -3.8746
-32.4653  -3.8745
-32.4652  -3.8745
-32.4651  -3.8745
-32.4650  -3.8745
-32.4649  -3.8744
-32.4648  -3.8744
-32.4648  -3.8743
-32.4647  -3.8742
-32.4647  -3.8741
-32.4646  -3.8739
-32.4646  -3.8738
-32.4646  -3.8736
-32.4646  -3.8735
-32.4645  -3.8733
-32.4645  -3.8732
-32.4644  -3.8731
-32.4644  -3.8730
-32.4644  -3.8728
-32.4644  -3.8726
-32.4644  -3.8725
-32.4644  -3.8724
-32.4643  -3.8724
-32.4642  -3.8724
-32.4641  -3.8725
-32.4641  -3.8726
-32.4640  -3.8726
-32.4639  -3.8727
-32.4638  -3.8727
-32.4636  -3.8724
-32.4635  -3.8724
-32.4633  -3.8724
-32.4633  -3.8725
-32.4632  -3.8725
-32.4631  -3.8726
-32.4630  -3.8726
-32.4629  -3.8727
-32.4628  -3.8728
-32.4627  -3.8728
-32.4627  -3.8729
-32.4626  -3.8729
-32.4625  -3.8730
-32.4624  -3.8730
-32.4623  -3.8730
-32.4622  -3.8731
-32.4621  -3.8731
-32.4620  -3.8731
-32.4619  -3.8731
-32.4618  -3.8731
-32.4617  -3.8731
-32.4616  -3.8730
-32.4615  -3.8729
-32.4614  -3.8729
-32.4614  -3.8728
-32.4613  -3.8728
-32.4612  -3.8727
-32.4611  -3.8727
-32.4610  -3.8727
-32.4609  -3.8726
-32.4608  -3.8726
-32.4607  -3.8726
-32.4607  -3.8725
-32.4606  -3.8724
-32.4605  -3.8723
-32.4604  -3.8723
-32.4603  -3.8722
-32.4603  -3.8721
-32.4602  -3.8720
-32.4602  -3.8719
-32.4602  -3.8718
-32.4602  -3.8717
-32.4602  -3.8716
-32.4602  -3.8715
-32.4602  -3.8714
-32.4602  -3.8712
-32.4603  -3.8710
-32.4603  -3.8709
-32.4603  -3.8708
-32.4603  -3.8707
-32.4602  -3.8706
-32.4602  -3.8705
-32.4602  -3.8704
-32.4602  -3.8703
-32.4602  -3.8702
-32.4602  -3.8701
-32.4602  -3.8699
-32.4601  -3.8698
-32.4601  -3.8697
-32.4601  -3.8696
-32.4600  -3.8695
-32.4600  -3.8694
-32.4599  -3.8693
-32.4599  -3.8692
-32.4598  -3.8691
-32.4598  -3.8690
-32.4597  -3.8689
-32.4597  -3.8688
-32.4597  -3.8687
-32.4596  -3.8686
-32.4595  -3.8685
-32.4594  -3.8685
-32.4593  -3.8684
-32.4592  -3.8683
-32.4591  -3.8683
-32.4590  -3.8682
-32.4589  -3.8682
-32.4588  -3.8681
-32.4587  -3.8681
-32.4586  -3.8680
-32.4585  -3.8680
-32.4584  -3.8680
-32.4583  -3.8679
-32.4581  -3.8679
-32.4581  -3.8678
-32.4579  -3.8678
-32.4578  -3.8678
-32.4577  -3.8678
-32.4576  -3.8677
-32.4575  -3.8677
-32.4575  -3.8676
-32.4574  -3.8675
-32.4573  -3.8674
-32.4573  -3.8673
-32.4573  -3.8672
-32.4573  -3.8671
-32.4573  -3.8670
-32.4573  -3.8669
-32.4573  -3.8667
-32.4573  -3.8666
-32.4573  -3.8665
-32.4573  -3.8664
-32.4573  -3.8663
-32.4573  -3.8662
-32.4573  -3.8661
-32.4573  -3.8660
-32.4573  -3.8659
-32.4572  -3.8658
-32.4572  -3.8657
-32.4571  -3.8657
-32.4570  -3.8656
-32.4569  -3.8656
-32.4568  -3.8655
-32.4567  -3.8654
-32.4567  -3.8653
-32.4567  -3.8652
-32.4567  -3.8649
-32.4566  -3.8648
-32.4565  -3.8647
-32.4565  -3.8646
-32.4564  -3.8645
-32.4563  -3.8645
-32.4562  -3.8644
-32.4561  -3.8644
-32.4559  -3.8644
-32.4558  -3.8643
-32.4557  -3.8643
-32.4556  -3.8642
-32.4555  -3.8642
-32.4554  -3.8642
-32.4553  -3.8642
-32.4552  -3.8642
-32.4551  -3.8642
-32.4550  -3.8642
-32.4549  -3.8642
-32.4548  -3.8642
-32.4547  -3.8643
-32.4546  -3.8643
-32.4545  -3.8644
-32.4544  -3.8644
-32.4544  -3.8645
-32.4543  -3.8646
-32.4542  -3.8646
-32.4541  -3.8647
-32.4540  -3.8648
-32.4539  -3.8648
-32.4537  -3.8648
-32.4536  -3.8649
-32.4535  -3.8650
-32.4534  -3.8650
-32.4533  -3.8650
-32.4532  -3.8651
-32.4531  -3.8651
-32.4530  -3.8651
-32.4528  -3.8650
-32.4527  -3.8650
-32.4526  -3.8649
-32.4525  -3.8648
-32.4524  -3.8647
-32.4523  -3.8647
-32.4521  -3.8646
-32.4521  -3.8645
-32.4520  -3.8645
-32.4519  -3.8644
-32.4518  -3.8643
-32.4517  -3.8643
-32.4516  -3.8642
-32.4515  -3.8641
-32.4514  -3.8640
-32.4513  -3.8639
-32.4512  -3.8638
-32.4512  -3.8637
-32.4511  -3.8636
-32.4510  -3.8636
-32.4509  -3.8636
-32.4508  -3.8635
-32.4506  -3.8635
-32.4505  -3.8634
-32.4504  -3.8634
-32.4503  -3.8633
-32.4502  -3.8633
-32.4501  -3.8632
-32.4500  -3.8632
-32.4499  -3.8631
-32.4497  -3.8630
-32.4496  -3.8630
-32.4495  -3.8629
-32.4494  -3.8628
-32.4493  -3.8628
-32.4492  -3.8627
-32.4491  -3.8627
-32.4490  -3.8626
-32.4489  -3.8625
-32.4488  -3.8625
-32.4487  -3.8626
-32.4486  -3.8626
-32.4485  -3.8625
-32.4483  -3.8625
-32.4482  -3.8624
-32.4481  -3.8623
-32.4481  -3.8622
-32.4480  -3.8621
-32.4479  -3.8620
-32.4479  -3.8619
-32.4478  -3.8619
-32.4477  -3.8618
-32.4476  -3.8617
-32.4476  -3.8616
-32.4475  -3.8615
-32.4475  -3.8614
-32.4474  -3.8614
-32.4474  -3.8613
-32.4473  -3.8612
-32.4473  -3.8611
-32.4473  -3.8609
-32.4474  -3.8608
-32.4475  -3.8608
-32.4475  -3.8607
-32.4476  -3.8606
-32.4476  -3.8604
-32.4476  -3.8603
-32.4475  -3.8602
-32.4475  -3.8601
-32.4474  -3.8600
-32.4474  -3.8598
-32.4474  -3.8597
-32.4474  -3.8596
-32.4474  -3.8595
-32.4474  -3.8594
-32.4474  -3.8593
-32.4474  -3.8591
-32.4475  -3.8590
-32.4475  -3.8589
-32.4476  -3.8588
-32.4476  -3.8587
-32.4476  -3.8586
-32.4477  -3.8585
-32.4478  -3.8584
-32.4478  -3.8583
-32.4479  -3.8581
-32.4479  -3.8580
-32.4480  -3.8579
-32.4480  -3.8578
-32.4480  -3.8577
-32.4481  -3.8576
-32.4482  -3.8575
-32.4483  -3.8574
-32.4484  -3.8573
-32.4485  -3.8572
-32.4485  -3.8570
-32.4485  -3.8569
-32.4485  -3.8568
-32.4485  -3.8567
-32.4484  -3.8565
-32.4487  -3.8564
-32.4487  -3.8563
-32.4487  -3.8562
-32.4488  -3.8561
-32.4487  -3.8561
-32.4486  -3.8561
-32.4485  -3.8562
-32.4485  -3.8561
-32.4485  -3.8560
-32.4484  -3.8560
-32.4484  -3.8559
-32.4483  -3.8558
-32.4482  -3.8558
-32.4481  -3.8558
-32.4480  -3.8558
-32.4479  -3.8559
-32.4479  -3.8558
-32.4479  -3.8557
-32.4478  -3.8556
-32.4477  -3.8555
-32.4476  -3.8555
-32.4475  -3.8555
-32.4474  -3.8554
-32.4473  -3.8554
-32.4472  -3.8553
-32.4471  -3.8553
-32.4470  -3.8553
-32.4469  -3.8553
-32.4468  -3.8553
-32.4468  -3.8552
-32.4467  -3.8551
-32.4467  -3.8550
-32.4467  -3.8549
-32.4467  -3.8548
-32.4467  -3.8547
-32.4467  -3.8546
-32.4468  -3.8545
-32.4468  -3.8543
-32.4469  -3.8543
-32.4470  -3.8542
-32.4470  -3.8541
-32.4470  -3.8540
-32.4470  -3.8539
-32.4470  -3.8538
-32.4469  -3.8538
-32.4469  -3.8537
-32.4468  -3.8536
-32.4467  -3.8535
-32.4466  -3.8535
-32.4465  -3.8535
-32.4464  -3.8536
-32.4464  -3.8537
-32.4463  -3.8537
-32.4462  -3.8538
-32.4461  -3.8538
-32.4461  -3.8539
-32.4460  -3.8540
-32.4459  -3.8540
-32.4459  -3.8541
-32.4458  -3.8542
-32.4458  -3.8543
-32.4457  -3.8544
-32.4457  -3.8545
-32.4457  -3.8547
-32.4456  -3.8548
-32.4455  -3.8549
-32.4454  -3.8549
-32.4453  -3.8549
-32.4452  -3.8549
-32.4451  -3.8549
-32.4450  -3.8549
-32.4449  -3.8549
-32.4448  -3.8548
-32.4447  -3.8548
-32.4446  -3.8548
-32.4445  -3.8547
-32.4444  -3.8547
-32.4443  -3.8546
-32.4442  -3.8546
-32.4442  -3.8545
-32.4441  -3.8544
-32.4440  -3.8543
-32.4439  -3.8543
-32.4438  -3.8542
-32.4437  -3.8542
-32.4437  -3.8541
-32.4436  -3.8540
-32.4435  -3.8539
-32.4434  -3.8538
-32.4433  -3.8536
-32.4432  -3.8535
-32.4431  -3.8534
-32.4430  -3.8533
-32.4430  -3.8532
-32.4430  -3.8531
-32.4430  -3.8530
-32.4429  -3.8529
-32.4429  -3.8528
-32.4429  -3.8527
-32.4429  -3.8526
-32.4430  -3.8526
-32.4431  -3.8525
-32.4432  -3.8524
-32.4433  -3.8524
-32.4433  -3.8523
-32.4434  -3.8523
-32.4435  -3.8522
-32.4436  -3.8522
-32.4437  -3.8521
-32.4437  -3.8520
-32.4438  -3.8519
-32.4438  -3.8518
-32.4439  -3.8517
-32.4439  -3.8516
-32.4439  -3.8515
-32.4440  -3.8514
-32.4440  -3.8513
-32.4441  -3.8512
-32.4442  -3.8511
-32.4443  -3.8510
-32.4443  -3.8509
-32.4444  -3.8508
-32.4444  -3.8507
-32.4443  -3.8507
-32.4442  -3.8506
-32.4441  -3.8506
-32.4440  -3.8507
-32.4439  -3.8508
-32.4438  -3.8508
-32.4437  -3.8508
-32.4436  -3.8509
-32.4435  -3.8509
-32.4434  -3.8509
-32.4433  -3.8509
-32.4432  -3.8510
-32.4431  -3.8510
-32.4430  -3.8510
-32.4429  -3.8510
-32.4428  -3.8510
-32.4427  -3.8510
-32.4426  -3.8510
-32.4425  -3.8511
-32.4425  -3.8512
-32.4424  -3.8513
-32.4423  -3.8513
-32.4422  -3.8513
-32.4421  -3.8512
-32.4420  -3.8512
-32.4420  -3.8513
-32.4419  -3.8514
-32.4418  -3.8514
-32.4417  -3.8514
-32.4416  -3.8514
-32.4415  -3.8514
-32.4414  -3.8514
-32.4413  -3.8513
-32.4413  -3.8512
-32.4413  -3.8511
-32.4413  -3.8510
-32.4414  -3.8509
-32.4415  -3.8508
-32.4415  -3.8507
-32.4416  -3.8506
-32.4416  -3.8505
-32.4415  -3.8504
-32.4414  -3.8504
-32.4413  -3.8503
-32.4412  -3.8502
-32.4412  -3.8501
-32.4411  -3.8500
-32.4411  -3.8499
-32.4412  -3.8498
-32.4413  -3.8498
-32.4414  -3.8497
-32.4414  -3.8496
-32.4415  -3.8496
-32.4416  -3.8496
-32.4417  -3.8495
-32.4418  -3.8495
-32.4419  -3.8494
-32.4420  -3.8493
-32.4420  -3.8492
-32.4421  -3.8492
-32.4422  -3.8492
-32.4423  -3.8491
-32.4424  -3.8491
-32.4425  -3.8490
-32.4426  -3.8490
-32.4427  -3.8490
-32.4427  -3.8488
-32.4427  -3.8487
-32.4428  -3.8486
-32.4427  -3.8485
-32.4426  -3.8484
-32.4424  -3.8483
-32.4424  -3.8482
-32.4422  -3.8482
-32.4421  -3.8482
-32.4420  -3.8482
-32.4419  -3.8482
-32.4418  -3.8483
-32.4417  -3.8483
-32.4416  -3.8484
-32.4416  -3.8485
-32.4415  -3.8487
-32.4414  -3.8487
-32.4413  -3.8486
-32.4412  -3.8486
-32.4411  -3.8487
-32.4410  -3.8488
-32.4410  -3.8489
-32.4409  -3.8490
-32.4409  -3.8491
-32.4408  -3.8492
-32.4407  -3.8493
-32.4407  -3.8494
-32.4408  -3.8495
-32.4408  -3.8496
-32.4409  -3.8496
-32.4409  -3.8497
-32.4409  -3.8498
-32.4408  -3.8499
-32.4407  -3.8500
-32.4406  -3.8500
-32.4405  -3.8500
-32.4404  -3.8500
-32.4404  -3.8499
-32.4402  -3.8498
-32.4401  -3.8498
-32.4400  -3.8497
-32.4399  -3.8497
-32.4398  -3.8496
-32.4396  -3.8495
-32.4395  -3.8494
-32.4394  -3.8494
-32.4392  -3.8494
-32.4391  -3.8493
-32.4390  -3.8493
-32.4389  -3.8493
-32.4388  -3.8492
-32.4387  -3.8491
-32.4386  -3.8490
-32.4385  -3.8489
-32.4384  -3.8488
-32.4383  -3.8488
-32.4382  -3.8488
-32.4381  -3.8487
-32.4380  -3.8487
-32.4379  -3.8487
-32.4378  -3.8487
-32.4377  -3.8487
-32.4375  -3.8487
-32.4374  -3.8487
-32.4373  -3.8487
-32.4371  -3.8488
-32.4369  -3.8487
-32.4368  -3.8487
-32.4367  -3.8486
-32.4366  -3.8485
-32.4365  -3.8485
-32.4364  -3.8484
-32.4362  -3.8484
-32.4361  -3.8484
-32.4360  -3.8483
-32.4358  -3.8482
-32.4357  -3.8482
-32.4356  -3.8481
-32.4356  -3.8480
-32.4355  -3.8480
-32.4354  -3.8479
-32.4353  -3.8478
-32.4352  -3.8477
-32.4349  -3.8477
-32.4348  -3.8476
-32.4347  -3.8476
-32.4346  -3.8476
-32.4346  -3.8475
-32.4345  -3.8475
-32.4344  -3.8474
-32.4343  -3.8474
-32.4342  -3.8474
-32.4341  -3.8473
-32.4339  -3.8473
-32.4338  -3.8472
-32.4337  -3.8471
-32.4336  -3.8470
-32.4335  -3.8470
-32.4334  -3.8469
-32.4333  -3.8469
-32.4331  -3.8468
-32.4330  -3.8468
-32.4329  -3.8467
-32.4328  -3.8466
-32.4327  -3.8466
-32.4327  -3.8465
-32.4326  -3.8464
-32.4325  -3.8464
-32.4324  -3.8463
-32.4323  -3.8462
-32.4322  -3.8462
-32.4322  -3.8461
-32.4321  -3.8460
-32.4320  -3.8460
-32.4320  -3.8459
-32.4319  -3.8458
-32.4318  -3.8458
-32.4317  -3.8457
-32.4315  -3.8457
-32.4314  -3.8456
-32.4313  -3.8456
-32.4311  -3.8455
-32.4310  -3.8455
-32.4310  -3.8454
-32.4309  -3.8454
-32.4308  -3.8453
-32.4307  -3.8452
-32.4307  -3.8451
-32.4306  -3.8451
-32.4305  -3.8451
-32.4304  -3.8450
-32.4302  -3.8449
-32.4300  -3.8449
-32.4299  -3.8448
-32.4297  -3.8448
-32.4296  -3.8448
-32.4295  -3.8448
-32.4294  -3.8447
-32.4293  -3.8447
-32.4292  -3.8447
-32.4291  -3.8446
-32.4291  -3.8445
-32.4290  -3.8444
-32.4289  -3.8443
-32.4289  -3.8442
-32.4288  -3.8441
-32.4288  -3.8440
-32.4288  -3.8439
-32.4289  -3.8438
-32.4289  -3.8437
-32.4288  -3.8436
-32.4287  -3.8435
-32.4286  -3.8435
-32.4285  -3.8435
-32.4285  -3.8436
-32.4285  -3.8438
-32.4285  -3.8439
-32.4284  -3.8440
-32.4284  -3.8441
-32.4284  -3.8442
-32.4283  -3.8443
-32.4282  -3.8444
-32.4282  -3.8445
-32.4282  -3.8446
-32.4281  -3.8447
-32.4280  -3.8447
-32.4279  -3.8447
-32.4278  -3.8447
-32.4276  -3.8447
-32.4275  -3.8447
-32.4274  -3.8446
-32.4273  -3.8446
-32.4273  -3.8445
-32.4272  -3.8444
-32.4271  -3.8444
-32.4270  -3.8443
-32.4269  -3.8443
-32.4268  -3.8442
-32.4267  -3.8442
-32.4266  -3.8441
-32.4265  -3.8441
-32.4264  -3.8440
-32.4264  -3.8439
-32.4263  -3.8439
-32.4262  -3.8438
-32.4261  -3.8437
-32.4260  -3.8437
-32.4260  -3.8436
-32.4259  -3.8435
-32.4258  -3.8434
-32.4257  -3.8433
-32.4257  -3.8432
-32.4256  -3.8431
-32.4256  -3.8430
-32.4255  -3.8429
-32.4254  -3.8427
-32.4253  -3.8427
-32.4252  -3.8426
-32.4251  -3.8426
-32.4250  -3.8426
-32.4249  -3.8426
-32.4248  -3.8426
-32.4247  -3.8426
-32.4246  -3.8426
-32.4245  -3.8426
-32.4244  -3.8426
-32.4243  -3.8426
-32.4242  -3.8426
-32.4241  -3.8426
-32.4240  -3.8426
-32.4239  -3.8424
-32.4237  -3.8423
-32.4236  -3.8422
-32.4235  -3.8422
-32.4234  -3.8422
-32.4233  -3.8423
-32.4232  -3.8423
-32.4231  -3.8423
-32.4230  -3.8423
-32.4229  -3.8423
-32.4228  -3.8422
-32.4227  -3.8422
-32.4226  -3.8422
-32.4225  -3.8421
-32.4224  -3.8421
-32.4223  -3.8420
-32.4221  -3.8420
-32.4220  -3.8420
-32.4219  -3.8419
-32.4218  -3.8419
-32.4217  -3.8420
-32.4216  -3.8420
-32.4215  -3.8421
-32.4214  -3.8421
-32.4213  -3.8422
-32.4212  -3.8422
-32.4211  -3.8422
-32.4210  -3.8422
-32.4209  -3.8422
-32.4208  -3.8423
-32.4207  -3.8423
-32.4206  -3.8422
-32.4205  -3.8422
-32.4204  -3.8421
-32.4203  -3.8420
-32.4202  -3.8420
-32.4201  -3.8419
-32.4200  -3.8419
-32.4199  -3.8419
-32.4198  -3.8418
-32.4197  -3.8418
-32.4196  -3.8418
-32.4195  -3.8418
-32.4194  -3.8418
-32.4193  -3.8417
-32.4192  -3.8417
-32.4191  -3.8417
-32.4189  -3.8417
-32.4188  -3.8417
-32.4187  -3.8416
-32.4186  -3.8416
-32.4185  -3.8415
-32.4184  -3.8415
-32.4182  -3.8415
-32.4180  -3.8414
-32.4178  -3.8414
-32.4177  -3.8413
-32.4176  -3.8413
-32.4175  -3.8412
-32.4174  -3.8412
-32.4174  -3.8411
-32.4172  -3.8411
-32.4171  -3.8410
-32.4170  -3.8410
-32.4169  -3.8410
-32.4168  -3.8409
-32.4167  -3.8409
-32.4166  -3.8408
-32.4165  -3.8408
-32.4164  -3.8407
-32.4163  -3.8406
-32.4162  -3.8406
-32.4161  -3.8405
-32.4160  -3.8404
-32.4158  -3.8403
-32.4157  -3.8403
-32.4157  -3.8402
-32.4156  -3.8401
-32.4155  -3.8400
-32.4154  -3.8399
-32.4155  -3.8398
-32.4155  -3.8397
-32.4155  -3.8396
-32.4156  -3.8395
-32.4156  -3.8394
-32.4157  -3.8394
-32.4157  -3.8393
-32.4158  -3.8392
-32.4158  -3.8390
-32.4157  -3.8390
-32.4157  -3.8388
-32.4157  -3.8387
-32.4158  -3.8386
-32.4158  -3.8385
-32.4159  -3.8385
-32.4159  -3.8384
-32.4159  -3.8383
-32.4159  -3.8381
-32.4159  -3.8380
-32.4158  -3.8379
-32.4158  -3.8378
-32.4158  -3.8377
-32.4158  -3.8376
-32.4157  -3.8374
-32.4157  -3.8373
-32.4156  -3.8372
-32.4156  -3.8371
-32.4155  -3.8370
-32.4154  -3.8370
-32.4153  -3.8371
-32.4152  -3.8372
-32.4152  -3.8373
-32.4152  -3.8374
-32.4152  -3.8376
-32.4152  -3.8377
-32.4152  -3.8378
-32.4152  -3.8379
-32.4152  -3.8380
-32.4151  -3.8381
-32.4151  -3.8382
-32.4152  -3.8383
-32.4153  -3.8385
-32.4153  -3.8386
-32.4153  -3.8387
-32.4152  -3.8388
-32.4151  -3.8388
-32.4150  -3.8389
-32.4149  -3.8390
-32.4148  -3.8390
-32.4147  -3.8390
-32.4146  -3.8390
-32.4145  -3.8389
-32.4144  -3.8389
-32.4143  -3.8389
-32.4142  -3.8389
-32.4141  -3.8390
-32.4141  -3.8391
-32.4141  -3.8392
-32.4141  -3.8393
-32.4140  -3.8394
-32.4139  -3.8394
-32.4137  -3.8395
-32.4135  -3.8395
-32.4134  -3.8395
-32.4133  -3.8395
-32.4132  -3.8395
-32.4131  -3.8395
-32.4130  -3.8395
-32.4129  -3.8395
-32.4128  -3.8395
-32.4127  -3.8395
-32.4126  -3.8395
-32.4126  -3.8394
-32.4125  -3.8394
-32.4124  -3.8393
-32.4123  -3.8392
-32.4122  -3.8392
-32.4121  -3.8391
-32.4120  -3.8390
-32.4119  -3.8390
-32.4118  -3.8391
-32.4117  -3.8391
-32.4116  -3.8392
-32.4115  -3.8392
-32.4113  -3.8392
-32.4112  -3.8392
-32.4111  -3.8391
-32.4110  -3.8391
-32.4110  -3.8390
-32.4110  -3.8389
-32.4111  -3.8388
-32.4111  -3.8387
-32.4112  -3.8386
-32.4113  -3.8385
-32.4114  -3.8384
-32.4114  -3.8383
-32.4115  -3.8382
-32.4115  -3.8381
-32.4115  -3.8379
-32.4115  -3.8378
-32.4114  -3.8378
-32.4114  -3.8377
-32.4112  -3.8376
-32.4112  -3.8375
-32.4111  -3.8374
-32.4110  -3.8374
-32.4109  -3.8373
-32.4108  -3.8372
-32.4107  -3.8372
-32.4106  -3.8371
-32.4106  -3.8370
-32.4104  -3.8370
-32.4103  -3.8370
-32.4102  -3.8370
-32.4100  -3.8369
-32.4099  -3.8369
-32.4098  -3.8369
-32.4097  -3.8370
-32.4096  -3.8371
-32.4095  -3.8371
-32.4094  -3.8372
-32.4093  -3.8372
-32.4092  -3.8373
-32.4091  -3.8374
-32.4090  -3.8375
-32.4090  -3.8376
-32.4089  -3.8377
-32.4088  -3.8378
-32.4087  -3.8379
-32.4086  -3.8379
-32.4085  -3.8379
-32.4083  -3.8379
-32.4080  -3.8378
-32.4079  -3.8378
-32.4078  -3.8378
-32.4077  -3.8378
-32.4076  -3.8377
-32.4075  -3.8377
-32.4073  -3.8377
-32.4072  -3.8377
-32.4071  -3.8376
-32.4070  -3.8376
-32.4069  -3.8376
-32.4068  -3.8376
-32.4067  -3.8375
-32.4066  -3.8375
-32.4065  -3.8374
-32.4064  -3.8373
-32.4063  -3.8372
-32.4062  -3.8372
-32.4061  -3.8371
-32.4060  -3.8371
-32.4059  -3.8370
-32.4058  -3.8369
-32.4057  -3.8368
-32.4056  -3.8367
-32.4055  -3.8366
-32.4055  -3.8365
-32.4054  -3.8365
-32.4053  -3.8364
-32.4052  -3.8363
-32.4051  -3.8362
-32.4050  -3.8361
-32.4049  -3.8361
-32.4048  -3.8360
-32.4047  -3.8360
-32.4046  -3.8360
-32.4045  -3.8360
-32.4044  -3.8360
-32.4043  -3.8360
-32.4042  -3.8361
-32.4041  -3.8361
-32.4040  -3.8362
-32.4039  -3.8362
-32.4037  -3.8362
-32.4036  -3.8362
-32.4035  -3.8361
-32.4034  -3.8360
-32.4033  -3.8360
-32.4032  -3.8359
-32.4031  -3.8358
-32.4030  -3.8357
-32.4029  -3.8357
-32.4028  -3.8356
-32.4026  -3.8356
-32.4026  -3.8355
-32.4025  -3.8355
-32.4024  -3.8355
-32.4023  -3.8354
-32.4022  -3.8353
-32.4021  -3.8353
-32.4020  -3.8352
-32.4019  -3.8351
-32.4018  -3.8351
-32.4018  -3.8350
-32.4017  -3.8349
-32.4017  -3.8348
-32.4016  -3.8347
-32.4016  -3.8345
-32.4017  -3.8344
-32.4017  -3.8343
-32.4017  -3.8342
-32.4018  -3.8341
-32.4018  -3.8340
-32.4019  -3.8339
-32.4020  -3.8339
-32.4021  -3.8339
-32.4022  -3.8339
-32.4023  -3.8339
-32.4024  -3.8339
-32.4025  -3.8339
-32.4026  -3.8339
-32.4026  -3.8340
-32.4027  -3.8341
-32.4028  -3.8342
-32.4029  -3.8342
-32.4030  -3.8342
-32.4030  -3.8341
-32.4030  -3.8340
-32.4030  -3.8338
-32.4030  -3.8337
-32.4029  -3.8336
-32.4029  -3.8335
-32.4028  -3.8334
-32.4027  -3.8334
-32.4026  -3.8333
-32.4025  -3.8332
-32.4024  -3.8332
-32.4023  -3.8332
-32.4022  -3.8332
-32.4021  -3.8332
-32.4020  -3.8333
-32.4019  -3.8333
-32.4018  -3.8334
-32.4017  -3.8334
-32.4016  -3.8335
-32.4014  -3.8336
-32.4013  -3.8336
-32.4012  -3.8337
-32.4010  -3.8337
-32.4009  -3.8337
-32.4008  -3.8337
-32.4007  -3.8336
-32.4006  -3.8335
-32.4005  -3.8334
-32.4005  -3.8333
-32.4004  -3.8332
-32.4004  -3.8331
-32.4004  -3.8330
-32.4003  -3.8329
-32.4003  -3.8328
-32.4003  -3.8326
-32.4003  -3.8325
-32.4003  -3.8323
-32.4004  -3.8322
-32.4005  -3.8321
-32.4005  -3.8320
-32.4004  -3.8318
-32.4004  -3.8317
-32.4003  -3.8316
-32.4002  -3.8316
-32.4001  -3.8315
-32.4000  -3.8315
-32.3999  -3.8314
-32.3999  -3.8313
-32.3998  -3.8312
-32.3998  -3.8311
-32.3998  -3.8310
-32.3997  -3.8309
-32.3997  -3.8308
-32.3997  -3.8307
-32.3997  -3.8305
-32.3997  -3.8304
-32.3997  -3.8303
-32.3997  -3.8301
-32.3997  -3.8300
-32.3997  -3.8299
-32.3998  -3.8298
-32.3998  -3.8297
-32.3999  -3.8296
-32.4000  -3.8295
-32.4001  -3.8295
-32.4003  -3.8293
-32.4004  -3.8291
-32.4004  -3.8290
-32.4004  -3.8289
-32.4005  -3.8288
-32.4005  -3.8287
-32.4006  -3.8286
-32.4007  -3.8285
-32.4007  -3.8284
-32.4008  -3.8283
-32.4009  -3.8283
-32.4010  -3.8282
-32.4011  -3.8282
-32.4012  -3.8280
-32.4013  -3.8279
-32.4014  -3.8278
-32.4015  -3.8278
-32.4016  -3.8277
-32.4017  -3.8277
-32.4018  -3.8277
-32.4019  -3.8276
-32.4020  -3.8276
-32.4021  -3.8276
-32.4022  -3.8276
-32.4023  -3.8275
-32.4024  -3.8275
-32.4025  -3.8274
-32.4026  -3.8274
-32.4027  -3.8274
-32.4028  -3.8273
-32.4029  -3.8272
-32.4030  -3.8272
-32.4031  -3.8271
-32.4032  -3.8270
-32.4033  -3.8270
-32.4033  -3.8268
-32.4032  -3.8268
-32.4031  -3.8267
-32.4030  -3.8267
-32.4029  -3.8267
-32.4028  -3.8268
-32.4028  -3.8269
-32.4027  -3.8270
-32.4026  -3.8271
-32.4025  -3.8272
-32.4024  -3.8272
-32.4023  -3.8272
-32.4023  -3.8270
-32.4023  -3.8268
-32.4023  -3.8267
-32.4022  -3.8266
-32.4021  -3.8265
-32.4020  -3.8264
-32.4020  -3.8263
-32.4019  -3.8262
-32.4017  -3.8262
-32.4016  -3.8262
-32.4015  -3.8262
-32.4014  -3.8262
-32.4013  -3.8262
-32.4012  -3.8263
-32.4011  -3.8264
-32.4010  -3.8264
-32.4009  -3.8265
-32.4008  -3.8266
-32.4007  -3.8266
-32.4006  -3.8267
-32.4005  -3.8268
-32.4006  -3.8269
-32.4006  -3.8270
-32.4007  -3.8271
-32.4008  -3.8273
-32.4009  -3.8274
-32.4010  -3.8275
-32.4010  -3.8276
-32.4010  -3.8277
-32.4009  -3.8278
-32.4008  -3.8279
-32.4007  -3.8279
-32.4007  -3.8280
-32.4006  -3.8281
-32.4005  -3.8282
-32.4004  -3.8282
-32.4003  -3.8283
-32.4002  -3.8283
-32.4001  -3.8283
-32.4000  -3.8284
-32.3999  -3.8285
-32.3998  -3.8285
-32.3998  -3.8286
-32.3997  -3.8287
-32.3996  -3.8287
-32.3995  -3.8288
      NA       NA
-32.3936  -3.8230
-32.3934  -3.8230
-32.3933  -3.8230
-32.3932  -3.8229
-32.3931  -3.8229
-32.3930  -3.8229
-32.3929  -3.8229
-32.3928  -3.8229
-32.3928  -3.8230
-32.3927  -3.8231
-32.3927  -3.8232
-32.3927  -3.8234
-32.3926  -3.8235
-32.3925  -3.8235
-32.3925  -3.8236
-32.3925  -3.8237
-32.3925  -3.8238
-32.3924  -3.8239
-32.3924  -3.8240
-32.3924  -3.8241
-32.3925  -3.8242
-32.3925  -3.8243
-32.3925  -3.8244
-32.3925  -3.8245
-32.3925  -3.8246
-32.3925  -3.8247
-32.3925  -3.8248
-32.3925  -3.8249
-32.3926  -3.8250
-32.3927  -3.8250
-32.3927  -3.8251
-32.3928  -3.8251
-32.3929  -3.8252
-32.3930  -3.8252
-32.3930  -3.8253
-32.3931  -3.8253
-32.3932  -3.8254
-32.3933  -3.8255
-32.3934  -3.8256
-32.3935  -3.8256
-32.3936  -3.8256
-32.3937  -3.8257
-32.3938  -3.8257
-32.3939  -3.8257
-32.3940  -3.8257
-32.3941  -3.8257
-32.3942  -3.8256
-32.3944  -3.8256
-32.3944  -3.8255
-32.3945  -3.8255
-32.3945  -3.8254
-32.3946  -3.8254
-32.3947  -3.8253
-32.3947  -3.8252
-32.3948  -3.8251
-32.3948  -3.8250
-32.3949  -3.8249
-32.3949  -3.8248
-32.3949  -3.8247
-32.3949  -3.8246
-32.3949  -3.8245
-32.3950  -3.8244
-32.3949  -3.8243
-32.3949  -3.8242
-32.3949  -3.8241
-32.3948  -3.8241
-32.3948  -3.8240
-32.3948  -3.8239
-32.3948  -3.8238
-32.3947  -3.8237
-32.3947  -3.8236
-32.3946  -3.8236
-32.3945  -3.8236
-32.3944  -3.8235
-32.3943  -3.8234
-32.3942  -3.8233
-32.3942  -3.8232
-32.3941  -3.8231
-32.3940  -3.8231
-32.3939  -3.8230
-32.3938  -3.8230
-32.3937  -3.8230
-32.3936  -3.8230
      NA       NA
-32.3931  -3.8178
-32.3929  -3.8178
-32.3928  -3.8178
-32.3926  -3.8178
-32.3925  -3.8178
-32.3924  -3.8179
-32.3923  -3.8179
-32.3921  -3.8179
-32.3920  -3.8179
-32.3919  -3.8178
-32.3918  -3.8177
-32.3918  -3.8176
-32.3918  -3.8174
-32.3917  -3.8173
-32.3916  -3.8173
-32.3914  -3.8173
-32.3913  -3.8173
-32.3912  -3.8173
-32.3910  -3.8174
-32.3908  -3.8175
-32.3907  -3.8175
-32.3906  -3.8176
-32.3905  -3.8177
-32.3905  -3.8178
-32.3904  -3.8179
-32.3903  -3.8181
-32.3904  -3.8182
-32.3905  -3.8183
-32.3906  -3.8184
-32.3906  -3.8185
-32.3907  -3.8187
-32.3907  -3.8188
-32.3907  -3.8190
-32.3907  -3.8191
-32.3907  -3.8193
-32.3908  -3.8194
-32.3908  -3.8195
-32.3909  -3.8197
-32.3910  -3.8198
-32.3910  -3.8199
-32.3911  -3.8200
-32.3912  -3.8202
-32.3912  -3.8203
-32.3913  -3.8204
-32.3914  -3.8206
-32.3915  -3.8206
-32.3915  -3.8208
-32.3916  -3.8209
-32.3917  -3.8210
-32.3918  -3.8211
-32.3919  -3.8212
-32.3921  -3.8212
-32.3922  -3.8212
-32.3923  -3.8212
-32.3924  -3.8212
-32.3926  -3.8212
-32.3927  -3.8212
-32.3928  -3.8213
-32.3929  -3.8214
-32.3930  -3.8214
-32.3931  -3.8215
-32.3933  -3.8216
-32.3933  -3.8217
-32.3934  -3.8218
-32.3935  -3.8219
-32.3936  -3.8220
-32.3937  -3.8221
-32.3937  -3.8222
-32.3938  -3.8222
-32.3939  -3.8222
-32.3940  -3.8222
-32.3941  -3.8222
-32.3943  -3.8222
-32.3944  -3.8221
-32.3945  -3.8220
-32.3946  -3.8220
-32.3947  -3.8219
-32.3948  -3.8218
-32.3948  -3.8217
-32.3949  -3.8216
-32.3950  -3.8215
-32.3951  -3.8214
-32.3951  -3.8213
-32.3951  -3.8211
-32.3951  -3.8210
-32.3950  -3.8209
-32.3950  -3.8208
-32.3950  -3.8207
-32.3951  -3.8206
-32.3951  -3.8204
-32.3952  -3.8203
-32.3952  -3.8202
-32.3952  -3.8200
-32.3952  -3.8199
-32.3952  -3.8197
-32.3951  -3.8196
-32.3951  -3.8195
-32.3950  -3.8193
-32.3950  -3.8191
-32.3949  -3.8189
-32.3949  -3.8188
-32.3948  -3.8187
-32.3947  -3.8187
-32.3944  -3.8186
-32.3943  -3.8186
-32.3942  -3.8185
-32.3941  -3.8185
-32.3939  -3.8184
-32.3938  -3.8184
-32.3936  -3.8183
-32.3935  -3.8183
-32.3934  -3.8182
-32.3933  -3.8182
-32.3932  -3.8180
-32.3931  -3.8179
-32.3931  -3.8178
      NA       NA
-32.3888  -3.8070
-32.3885  -3.8069
-32.3884  -3.8069
-32.3883  -3.8071
-32.3882  -3.8072
-32.3881  -3.8073
-32.3880  -3.8074
-32.3879  -3.8075
-32.3877  -3.8076
-32.3876  -3.8077
-32.3875  -3.8077
-32.3873  -3.8077
-32.3872  -3.8077
-32.3870  -3.8077
-32.3869  -3.8077
-32.3867  -3.8077
-32.3866  -3.8078
-32.3865  -3.8078
-32.3864  -3.8079
-32.3863  -3.8080
-32.3862  -3.8081
-32.3862  -3.8083
-32.3861  -3.8084
-32.3860  -3.8085
-32.3860  -3.8087
-32.3859  -3.8088
-32.3857  -3.8088
-32.3856  -3.8088
-32.3854  -3.8087
-32.3853  -3.8087
-32.3851  -3.8087
-32.3850  -3.8087
-32.3849  -3.8087
-32.3848  -3.8087
-32.3847  -3.8088
-32.3846  -3.8088
-32.3844  -3.8089
-32.3843  -3.8089
-32.3841  -3.8089
-32.3840  -3.8090
-32.3839  -3.8091
-32.3838  -3.8092
-32.3838  -3.8093
-32.3837  -3.8094
-32.3836  -3.8095
-32.3835  -3.8096
-32.3834  -3.8098
-32.3834  -3.8099
-32.3833  -3.8100
-32.3832  -3.8101
-32.3831  -3.8102
-32.3830  -3.8103
-32.3829  -3.8103
-32.3828  -3.8104
-32.3826  -3.8104
-32.3825  -3.8105
-32.3824  -3.8105
-32.3822  -3.8105
-32.3820  -3.8105
-32.3818  -3.8105
-32.3817  -3.8104
-32.3816  -3.8103
-32.3815  -3.8103
-32.3814  -3.8102
-32.3814  -3.8100
-32.3813  -3.8099
-32.3812  -3.8097
-32.3811  -3.8096
-32.3810  -3.8095
-32.3810  -3.8094
-32.3810  -3.8093
-32.3809  -3.8091
-32.3809  -3.8089
-32.3809  -3.8088
-32.3809  -3.8086
-32.3809  -3.8085
-32.3809  -3.8083
-32.3809  -3.8082
-32.3808  -3.8081
-32.3808  -3.8079
-32.3808  -3.8078
-32.3808  -3.8076
-32.3808  -3.8075
-32.3808  -3.8073
-32.3808  -3.8072
-32.3807  -3.8071
-32.3806  -3.8069
-32.3805  -3.8068
-32.3803  -3.8068
-32.3802  -3.8068
-32.3801  -3.8069
-32.3800  -3.8069
-32.3799  -3.8070
-32.3797  -3.8069
-32.3797  -3.8068
-32.3797  -3.8066
-32.3796  -3.8065
-32.3795  -3.8064
-32.3794  -3.8062
-32.3794  -3.8061
-32.3793  -3.8059
-32.3792  -3.8058
-32.3792  -3.8056
-32.3791  -3.8055
-32.3790  -3.8053
-32.3789  -3.8052
-32.3789  -3.8050
-32.3789  -3.8049
-32.3788  -3.8048
-32.3787  -3.8047
-32.3786  -3.8048
-32.3785  -3.8050
-32.3784  -3.8051
-32.3784  -3.8053
-32.3784  -3.8055
-32.3785  -3.8056
-32.3785  -3.8058
-32.3783  -3.8059
-32.3782  -3.8060
-32.3781  -3.8060
-32.3780  -3.8061
-32.3779  -3.8062
-32.3778  -3.8063
-32.3778  -3.8064
-32.3779  -3.8065
-32.3780  -3.8066
-32.3781  -3.8066
-32.3783  -3.8067
-32.3784  -3.8067
-32.3786  -3.8068
-32.3787  -3.8068
-32.3788  -3.8069
-32.3789  -3.8070
-32.3789  -3.8071
-32.3790  -3.8073
-32.3791  -3.8074
-32.3792  -3.8075
-32.3793  -3.8077
-32.3793  -3.8078
-32.3793  -3.8080
-32.3793  -3.8081
-32.3794  -3.8082
-32.3795  -3.8083
-32.3796  -3.8084
-32.3797  -3.8086
-32.3798  -3.8087
-32.3799  -3.8088
-32.3800  -3.8089
-32.3801  -3.8090
-32.3801  -3.8091
-32.3801  -3.8092
-32.3801  -3.8094
-32.3800  -3.8094
-32.3799  -3.8095
-32.3798  -3.8096
-32.3797  -3.8097
-32.3796  -3.8097
-32.3795  -3.8098
-32.3795  -3.8100
-32.3794  -3.8101
-32.3794  -3.8102
-32.3795  -3.8104
-32.3795  -3.8105
-32.3796  -3.8107
-32.3797  -3.8108
-32.3798  -3.8109
-32.3798  -3.8110
-32.3799  -3.8111
-32.3801  -3.8112
-32.3803  -3.8112
-32.3804  -3.8113
-32.3806  -3.8113
-32.3807  -3.8113
-32.3808  -3.8112
-32.3809  -3.8111
-32.3810  -3.8110
-32.3811  -3.8110
-32.3812  -3.8110
-32.3813  -3.8111
-32.3814  -3.8113
-32.3814  -3.8114
-32.3814  -3.8115
-32.3814  -3.8117
-32.3814  -3.8118
-32.3814  -3.8119
-32.3814  -3.8121
-32.3814  -3.8122
-32.3814  -3.8124
-32.3814  -3.8125
-32.3814  -3.8126
-32.3813  -3.8127
-32.3813  -3.8128
-32.3812  -3.8129
-32.3812  -3.8131
-32.3812  -3.8132
-32.3812  -3.8133
-32.3813  -3.8134
-32.3813  -3.8135
-32.3814  -3.8136
-32.3815  -3.8137
-32.3816  -3.8138
-32.3817  -3.8139
-32.3818  -3.8140
-32.3819  -3.8140
-32.3820  -3.8140
-32.3822  -3.8140
-32.3823  -3.8140
-32.3824  -3.8140
-32.3826  -3.8140
-32.3827  -3.8140
-32.3828  -3.8141
-32.3830  -3.8141
-32.3830  -3.8142
-32.3832  -3.8143
-32.3833  -3.8144
-32.3834  -3.8144
-32.3835  -3.8144
-32.3836  -3.8145
-32.3837  -3.8145
-32.3839  -3.8145
-32.3840  -3.8145
-32.3841  -3.8146
-32.3842  -3.8146
-32.3843  -3.8146
-32.3844  -3.8146
-32.3846  -3.8146
-32.3847  -3.8146
-32.3848  -3.8147
-32.3849  -3.8147
-32.3849  -3.8148
-32.3850  -3.8149
-32.3852  -3.8149
-32.3853  -3.8150
-32.3854  -3.8150
-32.3855  -3.8150
-32.3856  -3.8150
-32.3857  -3.8149
-32.3858  -3.8148
-32.3859  -3.8148
-32.3860  -3.8148
-32.3861  -3.8148
-32.3861  -3.8149
-32.3861  -3.8150
-32.3861  -3.8151
-32.3860  -3.8152
-32.3860  -3.8153
-32.3861  -3.8154
-32.3863  -3.8154
-32.3864  -3.8154
-32.3865  -3.8154
-32.3867  -3.8154
-32.3868  -3.8154
-32.3869  -3.8154
-32.3870  -3.8154
-32.3872  -3.8154
-32.3873  -3.8155
-32.3873  -3.8156
-32.3874  -3.8157
-32.3876  -3.8157
-32.3877  -3.8158
-32.3878  -3.8158
-32.3879  -3.8157
-32.3880  -3.8157
-32.3881  -3.8158
-32.3881  -3.8159
-32.3881  -3.8160
-32.3882  -3.8161
-32.3883  -3.8161
-32.3884  -3.8160
-32.3885  -3.8160
-32.3886  -3.8159
-32.3887  -3.8159
-32.3889  -3.8159
-32.3890  -3.8159
-32.3891  -3.8160
-32.3891  -3.8161
-32.3892  -3.8162
-32.3893  -3.8162
-32.3895  -3.8162
-32.3896  -3.8162
-32.3897  -3.8162
-32.3898  -3.8162
-32.3900  -3.8162
-32.3901  -3.8162
-32.3902  -3.8161
-32.3903  -3.8160
-32.3904  -3.8160
-32.3905  -3.8159
-32.3906  -3.8158
-32.3906  -3.8157
-32.3907  -3.8157
-32.3908  -3.8156
-32.3909  -3.8155
-32.3909  -3.8154
-32.3909  -3.8153
-32.3909  -3.8151
-32.3908  -3.8150
-32.3907  -3.8150
-32.3907  -3.8149
-32.3906  -3.8148
-32.3905  -3.8147
-32.3905  -3.8146
-32.3904  -3.8145
-32.3904  -3.8144
-32.3904  -3.8143
-32.3904  -3.8141
-32.3904  -3.8140
-32.3905  -3.8139
-32.3904  -3.8138
-32.3904  -3.8137
-32.3904  -3.8135
-32.3904  -3.8134
-32.3905  -3.8133
-32.3906  -3.8132
-32.3907  -3.8132
-32.3908  -3.8131
-32.3909  -3.8131
-32.3910  -3.8130
-32.3911  -3.8130
-32.3913  -3.8130
-32.3914  -3.8130
-32.3915  -3.8129
-32.3916  -3.8129
-32.3917  -3.8128
-32.3918  -3.8128
-32.3920  -3.8127
-32.3921  -3.8127
-32.3922  -3.8127
-32.3923  -3.8127
-32.3924  -3.8127
-32.3925  -3.8127
-32.3927  -3.8127
-32.3927  -3.8128
-32.3928  -3.8129
-32.3929  -3.8130
-32.3931  -3.8130
-32.3932  -3.8130
-32.3932  -3.8131
-32.3934  -3.8130
-32.3935  -3.8130
-32.3936  -3.8129
-32.3937  -3.8128
-32.3938  -3.8128
-32.3939  -3.8127
-32.3941  -3.8126
-32.3942  -3.8126
-32.3943  -3.8125
-32.3944  -3.8125
-32.3946  -3.8124
-32.3947  -3.8123
-32.3948  -3.8122
-32.3948  -3.8121
-32.3948  -3.8120
-32.3948  -3.8119
-32.3948  -3.8118
-32.3947  -3.8116
-32.3946  -3.8116
-32.3945  -3.8116
-32.3944  -3.8118
-32.3943  -3.8119
-32.3942  -3.8119
-32.3941  -3.8119
-32.3940  -3.8117
-32.3940  -3.8116
-32.3939  -3.8115
-32.3940  -3.8113
-32.3941  -3.8112
-32.3941  -3.8111
-32.3941  -3.8110
-32.3940  -3.8110
-32.3938  -3.8110
-32.3937  -3.8110
-32.3936  -3.8111
-32.3935  -3.8112
-32.3934  -3.8112
-32.3933  -3.8111
-32.3932  -3.8110
-32.3931  -3.8109
-32.3932  -3.8107
-32.3931  -3.8106
-32.3930  -3.8105
-32.3929  -3.8105
-32.3928  -3.8105
-32.3927  -3.8106
-32.3926  -3.8107
-32.3925  -3.8109
-32.3924  -3.8109
-32.3922  -3.8108
-32.3921  -3.8107
-32.3920  -3.8106
-32.3919  -3.8105
-32.3919  -3.8104
-32.3918  -3.8103
-32.3917  -3.8102
-32.3916  -3.8101
-32.3914  -3.8100
-32.3913  -3.8099
-32.3912  -3.8099
-32.3911  -3.8099
-32.3910  -3.8100
-32.3908  -3.8101
-32.3906  -3.8102
-32.3905  -3.8102
-32.3904  -3.8102
-32.3902  -3.8102
-32.3900  -3.8102
-32.3899  -3.8102
-32.3898  -3.8102
-32.3897  -3.8101
-32.3896  -3.8101
-32.3894  -3.8100
-32.3893  -3.8099
-32.3892  -3.8098
-32.3891  -3.8097
-32.3891  -3.8096
-32.3890  -3.8095
-32.3889  -3.8094
-32.3888  -3.8093
-32.3887  -3.8092
-32.3888  -3.8090
-32.3888  -3.8088
-32.3888  -3.8087
-32.3889  -3.8086
-32.3890  -3.8084
-32.3891  -3.8083
-32.3892  -3.8083
-32.3893  -3.8081
-32.3893  -3.8079
-32.3893  -3.8078
-32.3891  -3.8078
-32.3890  -3.8078
-32.3890  -3.8076
-32.3891  -3.8075
-32.3892  -3.8074
-32.3892  -3.8073
-32.3893  -3.8071
-32.3892  -3.8070
-32.3891  -3.8069
-32.3889  -3.8069
-32.3888  -3.8069
-32.3888  -3.8070
