-47.300 -16.033
-47.301 -16.050
-48.000 -16.050
-48.279 -16.050
-48.267 -16.000
-48.267 -15.967
-48.267 -15.933
-48.283 -15.917
-48.283 -15.867
-48.283 -15.836
-48.283 -15.817
-48.233 -15.783
-48.217 -15.733
-48.217 -15.700
-48.233 -15.700
-48.250 -15.667
-48.233 -15.633
-48.217 -15.617
-48.200 -15.623
-48.200 -15.500
-48.000 -15.500
-47.500 -15.500
-47.417 -15.500
-47.417 -15.546
-47.400 -15.550
-47.367 -15.567
-47.333 -15.583
-47.333 -15.667
-47.317 -15.700
-47.333 -15.767
-47.367 -15.833
-47.383 -15.917
-47.367 -15.917
-47.367 -15.967
-47.350 -16.000
-47.300 -16.033
