-53.383 -33.750
-53.383 -33.750
-53.433 -33.750
-53.450 -33.700
-53.467 -33.700
-53.483 -33.683
-53.517 -33.700
-53.550 -33.667
-53.533 -33.550
-53.533 -33.550
-53.517 -33.333
-53.517 -33.183
-53.500 -33.150
-53.433 -33.050
-53.250 -32.950
-53.250 -32.933
-53.283 -32.933
-53.300 -32.900
-53.183 -32.833
-53.150 -32.767
-53.083 -32.767
-53.083 -32.750
-53.167 -32.650
-53.167 -32.650
-53.183 -32.650
-53.217 -32.633
-53.233 -32.633
-53.250 -32.600
-53.267 -32.600
-53.300 -32.617
-53.317 -32.600
-53.333 -32.583
-53.367 -32.583
-53.383 -32.567
-53.417 -32.567
-53.417 -32.550
-53.433 -32.550
-53.467 -32.467
-53.517 -32.483
-53.567 -32.450
-53.600 -32.417
-53.617 -32.400
-53.650 -32.367
-53.633 -32.350
-53.650 -32.300
-53.650 -32.283
-53.667 -32.267
-53.683 -32.217
-53.700 -32.200
-53.717 -32.200
-53.717 -32.167
-53.733 -32.133
-53.750 -32.117
-53.717 -32.100
-53.733 -32.083
-53.783 -32.067
-53.817 -32.050
-53.833 -32.050
-53.850 -32.000
-54.000 -31.917
-54.050 -31.883
-54.067 -31.900
-54.100 -31.900
-54.160 -31.872
-54.164 -31.869
-54.188 -31.865
-54.218 -31.829
-54.236 -31.816
-54.255 -31.802
-54.286 -31.779
-54.317 -31.755
-54.334 -31.743
-54.351 -31.730
-54.383 -31.706
-54.402 -31.692
-54.389 -31.701
-54.421 -31.678
-54.457 -31.651
-54.467 -31.617
-54.467 -31.600
-54.500 -31.567
-54.500 -31.533
-54.533 -31.500
-54.576 -31.481
-54.578 -31.470
-54.587 -31.457
-54.602 -31.456
-54.619 -31.456
-54.630 -31.455
-54.642 -31.455
-54.661 -31.454
-54.680 -31.448
-54.693 -31.446
-54.702 -31.438
-54.850 -31.433
-54.883 -31.417
-54.900 -31.383
-54.918 -31.379
-54.950 -31.383
-54.967 -31.350
-54.955 -31.328
-55.010 -31.309
-55.000 -31.300
-55.017 -31.267
-55.032 -31.285
-55.083 -31.317
-55.150 -31.300
-55.200 -31.267
-55.224 -31.261
-55.278 -31.195
-55.300 -31.150
-55.314 -31.146
-55.333 -31.117
-55.350 -31.083
-55.367 -31.050
-55.367 -31.033
-55.417 -31.017
-55.431 -30.993
-55.431 -30.993
-55.450 -30.967
-55.483 -30.950
-55.540 -30.894
-55.567 -30.867
-55.578 -30.835
-55.633 -30.850
-55.660 -30.875
-55.667 -30.883
-55.650 -30.917
-55.666 -30.954
-55.717 -30.967
-55.773 -30.998
-55.867 -31.050
-55.883 -31.067
-55.900 -31.067
-55.917 -31.083
-55.935 -31.087
-55.967 -31.067
-56.000 -31.083
-56.011 -31.082
-56.017 -31.033
-56.017 -30.950
-56.000 -30.883
-56.000 -30.867
-56.017 -30.783
-56.050 -30.767
-56.117 -30.733
-56.133 -30.717
-56.133 -30.683
-56.167 -30.667
-56.183 -30.600
-56.233 -30.600
-56.233 -30.583
-56.267 -30.583
-56.267 -30.567
-56.283 -30.533
-56.300 -30.517
-56.333 -30.533
-56.367 -30.500
-56.383 -30.500
-56.417 -30.467
-56.400 -30.450
-56.433 -30.433
-56.450 -30.383
-56.500 -30.383
-56.517 -30.367
-56.550 -30.350
-56.533 -30.317
-56.550 -30.317
-56.567 -30.283
-56.617 -30.300
-56.600 -30.283
-56.633 -30.250
-56.617 -30.250
-56.650 -30.217
-56.650 -30.200
-56.700 -30.200
-56.700 -30.183
-56.783 -30.150
-56.800 -30.117
-56.850 -30.083
-56.867 -30.083
-56.883 -30.100
-56.900 -30.083
-56.917 -30.100
-57.000 -30.083
-57.050 -30.100
-57.067 -30.100
-57.083 -30.100
-57.133 -30.133
-57.133 -30.150
-57.150 -30.167
-57.167 -30.183
-57.167 -30.200
-57.150 -30.233
-57.217 -30.283
-57.233 -30.283
-57.250 -30.267
-57.267 -30.283
-57.300 -30.267
-57.333 -30.283
-57.367 -30.283
-57.383 -30.300
-57.417 -30.300
-57.417 -30.283
-57.467 -30.267
-57.500 -30.283
-57.533 -30.283
-57.567 -30.250
-57.567 -30.250
-57.550 -30.217
-57.600 -30.200
-57.638 -30.195
-57.597 -30.184
-57.583 -30.183
-57.567 -30.167
-57.533 -30.167
-57.467 -30.117
-57.400 -30.017
-57.317 -29.983
-57.317 -29.967
-57.333 -29.900
-57.283 -29.833
-57.233 -29.783
-57.183 -29.783
-57.117 -29.767
-57.100 -29.767
-57.017 -29.667
-56.983 -29.650
-56.967 -29.633
-56.967 -29.600
-56.883 -29.533
-56.867 -29.517
-56.833 -29.500
-56.783 -29.467
-56.783 -29.450
-56.783 -29.433
-56.783 -29.417
-56.767 -29.417
-56.750 -29.367
-56.700 -29.350
-56.650 -29.283
-56.650 -29.233
-56.633 -29.183
-56.617 -29.183
-56.617 -29.167
-56.567 -29.133
-56.550 -29.117
-56.533 -29.117
-56.500 -29.100
-56.500 -29.083
-56.400 -29.067
-56.400 -29.050
-56.383 -29.017
-56.400 -28.983
-56.400 -28.983
-56.383 -28.950
-56.317 -28.917
-56.283 -28.883
-56.300 -28.800
-56.283 -28.783
-56.217 -28.767
-56.183 -28.750
-56.150 -28.733
-56.133 -28.700
-56.083 -28.650
-56.033 -28.617
-56.017 -28.600
-56.017 -28.583
-55.983 -28.550
-56.000 -28.533
-56.000 -28.500
-55.933 -28.483
-55.900 -28.483
-55.900 -28.450
-55.917 -28.400
-55.867 -28.367
-55.750 -28.383
-55.717 -28.433
-55.700 -28.383
-55.667 -28.333
-55.683 -28.300
-55.700 -28.317
-55.767 -28.283
-55.783 -28.267
-55.767 -28.233
-55.700 -28.217
-55.667 -28.183
-55.633 -28.167
-55.633 -28.117
-55.600 -28.117
-55.600 -28.150
-55.550 -28.167
-55.533 -28.133
-55.550 -28.133
-55.500 -28.100
-55.500 -28.083
-55.483 -28.100
-55.450 -28.100
-55.433 -28.067
-55.400 -28.050
-55.383 -28.033
-55.367 -28.000
-55.383 -28.000
-55.383 -27.983
-55.367 -27.967
-55.350 -27.967
-55.334 -27.951
-55.333 -27.917
-55.283 -27.933
-55.267 -27.917
-55.233 -27.900
-55.200 -27.850
-55.183 -27.850
-55.167 -27.867
-55.133 -27.900
-55.133 -27.867
-55.117 -27.850
-55.051 -27.835
-55.033 -27.850
-55.033 -27.833
-55.050 -27.817
-55.067 -27.800
-55.083 -27.800
-55.083 -27.783
-55.067 -27.767
-55.050 -27.767
-55.033 -27.783
-55.017 -27.800
-54.983 -27.783
-54.983 -27.767
-54.950 -27.783
-54.900 -27.700
-54.917 -27.650
-54.867 -27.617
-54.867 -27.633
-54.850 -27.617
-54.833 -27.567
-54.817 -27.533
-54.800 -27.533
-54.800 -27.567
-54.783 -27.583
-54.767 -27.583
-54.750 -27.550
-54.683 -27.567
-54.667 -27.550
-54.683 -27.517
-54.667 -27.500
-54.650 -27.517
-54.650 -27.550
-54.633 -27.533
-54.617 -27.500
-54.600 -27.483
-54.600 -27.450
-54.583 -27.450
-54.567 -27.467
-54.533 -27.500
-54.517 -27.500
-54.517 -27.483
-54.500 -27.467
-54.450 -27.467
-54.483 -27.433
-54.483 -27.417
-54.417 -27.400
-54.400 -27.417
-54.367 -27.467
-54.350 -27.450
-54.350 -27.400
-54.317 -27.417
-54.300 -27.450
-54.283 -27.433
-54.283 -27.400
-54.233 -27.383
-54.233 -27.367
-54.233 -27.350
-54.217 -27.317
-54.200 -27.267
-54.183 -27.250
-54.167 -27.267
-54.167 -27.300
-54.100 -27.300
-54.083 -27.267
-54.050 -27.250
-54.033 -27.217
-54.000 -27.183
-53.983 -27.200
-53.967 -27.183
-53.967 -27.150
-53.933 -27.150
-53.917 -27.167
-53.900 -27.167
-53.883 -27.133
-53.850 -27.133
-53.833 -27.150
-53.834 -27.152
-53.817 -27.183
-53.800 -27.150
-53.767 -27.150
-53.750 -27.200
-53.717 -27.183
-53.700 -27.167
-53.667 -27.167
-53.650 -27.183
-53.650 -27.217
-53.633 -27.217
-53.633 -27.200
-53.617 -27.183
-53.550 -27.183
-53.500 -27.217
-53.483 -27.200
-53.500 -27.167
-53.517 -27.133
-53.483 -27.133
-53.467 -27.150
-53.417 -27.150
-53.400 -27.100
-53.367 -27.100
-53.350 -27.117
-53.317 -27.117
-53.300 -27.133
-53.333 -27.217
-53.317 -27.217
-53.300 -27.200
-53.267 -27.183
-53.250 -27.167
-53.183 -27.200
-53.167 -27.133
-53.150 -27.150
-53.150 -27.183
-53.067 -27.150
-53.083 -27.117
-53.050 -27.083
-53.017 -27.067
-53.033 -27.100
-53.017 -27.117
-53.050 -27.150
-53.033 -27.167
-53.000 -27.133
-52.983 -27.150
-53.017 -27.200
-53.000 -27.217
-52.967 -27.217
-52.967 -27.167
-52.950 -27.167
-52.933 -27.200
-52.917 -27.200
-52.883 -27.183
-52.867 -27.167
-52.850 -27.183
-52.850 -27.217
-52.783 -27.200
-52.767 -27.200
-52.767 -27.250
-52.733 -27.250
-52.733 -27.233
-52.700 -27.250
-52.700 -27.283
-52.683 -27.267
-52.683 -27.250
-52.667 -27.233
-52.650 -27.250
-52.650 -27.267
-52.617 -27.267
-52.600 -27.250
-52.567 -27.250
-52.550 -27.233
-52.533 -27.267
-52.483 -27.267
-52.483 -27.233
-52.433 -27.217
-52.450 -27.267
-52.400 -27.300
-52.400 -27.250
-52.383 -27.267
-52.383 -27.300
-52.367 -27.300
-52.350 -27.283
-52.333 -27.300
-52.317 -27.317
-52.300 -27.317
-52.317 -27.267
-52.283 -27.250
-52.233 -27.267
-52.283 -27.300
-52.250 -27.300
-52.233 -27.333
-52.217 -27.333
-52.183 -27.267
-52.167 -27.283
-52.183 -27.317
-52.117 -27.300
-52.117 -27.350
-52.083 -27.333
-52.050 -27.350
-52.017 -27.333
-52.033 -27.367
-51.967 -27.367
-51.950 -27.383
-51.983 -27.383
-52.017 -27.400
-51.950 -27.417
-51.933 -27.433
-51.967 -27.467
-51.950 -27.467
-51.900 -27.450
-51.900 -27.517
-51.883 -27.517
-51.867 -27.500
-51.883 -27.483
-51.850 -27.467
-51.850 -27.517
-51.833 -27.500
-51.800 -27.517
-51.800 -27.483
-51.750 -27.483
-51.733 -27.517
-51.717 -27.517
-51.700 -27.467
-51.667 -27.467
-51.667 -27.483
-51.683 -27.483
-51.667 -27.517
-51.650 -27.500
-51.650 -27.483
-51.617 -27.483
-51.633 -27.533
-51.617 -27.533
-51.600 -27.517
-51.583 -27.517
-51.583 -27.567
-51.567 -27.583
-51.550 -27.550
-51.500 -27.550
-51.483 -27.567
-51.467 -27.600
-51.433 -27.617
-51.433 -27.650
-51.417 -27.650
-51.400 -27.617
-51.383 -27.617
-51.367 -27.667
-51.350 -27.683
-51.333 -27.667
-51.317 -27.667
-51.317 -27.700
-51.300 -27.717
-51.267 -27.750
-51.233 -27.767
-51.200 -27.767
-51.167 -27.783
-51.133 -27.817
-51.133 -27.833
-51.100 -27.817
-51.067 -27.867
-51.050 -27.883
-51.050 -27.900
-51.017 -27.917
-51.017 -27.967
-51.000 -27.967
-50.983 -27.933
-50.917 -27.967
-50.933 -28.000
-50.883 -28.017
-50.867 -28.050
-50.900 -28.083
-50.867 -28.083
-50.867 -28.133
-50.850 -28.133
-50.850 -28.117
-50.817 -28.117
-50.817 -28.133
-50.783 -28.133
-50.783 -28.200
-50.767 -28.183
-50.733 -28.250
-50.700 -28.267
-50.667 -28.300
-50.650 -28.333
-50.633 -28.367
-50.617 -28.383
-50.583 -28.383
-50.567 -28.400
-50.533 -28.417
-50.517 -28.400
-50.483 -28.400
-50.450 -28.417
-50.417 -28.433
-50.383 -28.433
-50.367 -28.417
-50.350 -28.450
-50.333 -28.450
-50.317 -28.433
-50.267 -28.467
-50.250 -28.450
-50.217 -28.467
-50.200 -28.450
-50.183 -28.450
-50.183 -28.483
-50.167 -28.483
-50.167 -28.467
-50.150 -28.467
-50.117 -28.433
-50.100 -28.483
-50.033 -28.483
-50.017 -28.467
-49.983 -28.450
-49.950 -28.450
-49.950 -28.483
-49.933 -28.483
-49.933 -28.467
-49.900 -28.467
-49.883 -28.450
-49.867 -28.450
-49.867 -28.467
-49.850 -28.500
-49.817 -28.500
-49.800 -28.483
-49.783 -28.500
-49.767 -28.467
-49.750 -28.500
-49.733 -28.500
-49.733 -28.517
-49.717 -28.517
-49.733 -28.533
-49.717 -28.617
-49.800 -28.617
-49.833 -28.700
-49.850 -28.700
-49.883 -28.700
-49.900 -28.733
-49.917 -28.717
-49.950 -28.717
-49.950 -28.733
-49.933 -28.733
-49.967 -28.800
-49.967 -28.883
-49.967 -28.900
-49.950 -28.950
-49.967 -28.967
-49.983 -29.033
-50.000 -29.067
-50.000 -29.083
-50.017 -29.117
-50.033 -29.100
-50.050 -29.083
-50.067 -29.133
-50.067 -29.100
-50.100 -29.100
-50.100 -29.117
-50.100 -29.150
-50.183 -29.183
-50.183 -29.183
-50.167 -29.233
-50.183 -29.283
-50.183 -29.300
-50.167 -29.300
-50.100 -29.317
-50.083 -29.333
-50.050 -29.367
-50.050 -29.333
-50.100 -29.283
-50.100 -29.267
-50.000 -29.233
-49.967 -29.217
-49.950 -29.200
-49.900 -29.217
-49.850 -29.250
-49.833 -29.283
-49.750 -29.300
-49.750 -29.317
-49.742 -29.328
-49.917 -29.600
-50.067 -29.867
-50.133 -30.033
-50.283 -30.400
-50.333 -30.500
-50.450 -30.650
-50.533 -30.783
-50.683 -30.983
-50.767 -31.100
-50.883 -31.217
-51.083 -31.400
-51.183 -31.483
-51.250 -31.567
-51.483 -31.733
-51.650 -31.817
-51.800 -31.900
-51.933 -31.983
-51.950 -32.000
-52.067 -32.117
-52.083 -32.183
-52.100 -32.133
-52.050 -32.067
-52.050 -32.000
-52.100 -32.000
-52.117 -32.017
-52.183 -32.033
-52.217 -32.033
-52.200 -32.000
-52.233 -32.000
-52.267 -32.050
-52.233 -32.033
-52.217 -32.050
-52.217 -32.083
-52.117 -32.033
-52.067 -32.033
-52.117 -32.133
-52.100 -32.167
-52.133 -32.167
-52.183 -32.217
-52.250 -32.267
-52.317 -32.367
-52.350 -32.417
-52.383 -32.483
-52.433 -32.633
-52.450 -32.700
-52.467 -32.750
-52.533 -32.917
-52.567 -32.967
-52.583 -33.017
-52.633 -33.117
-52.767 -33.267
-52.883 -33.383
-53.000 -33.467
-53.250 -33.667
-53.317 -33.700
-53.383 -33.750
NA NA
-52.233 -32.000
-52.233 -31.983
-52.217 -31.967
-52.183 -31.967
-52.150 -31.933
-52.150 -31.950
-52.117 -31.950
-52.133 -31.917
-52.183 -31.900
-52.217 -31.867
-52.217 -31.883
-52.233 -31.867
-52.250 -31.900
-52.250 -31.833
-52.217 -31.833
-52.217 -31.800
-52.233 -31.800
-52.233 -31.783
-52.217 -31.783
-52.217 -31.733
-52.133 -31.683
-52.067 -31.667
-52.033 -31.683
-52.000 -31.600
-52.017 -31.517
-52.000 -31.433
-51.967 -31.367
-51.950 -31.333
-51.917 -31.317
-51.883 -31.317
-51.850 -31.317
-51.783 -31.267
-51.750 -31.283
-51.717 -31.267
-51.617 -31.267
-51.633 -31.250
-51.650 -31.200
-51.617 -31.133
-51.600 -31.117
-51.567 -31.117
-51.450 -31.083
-51.483 -31.033
-51.500 -30.983
-51.500 -30.917
-51.500 -30.900
-51.450 -30.867
-51.383 -30.883
-51.417 -30.800
-51.417 -30.733
-51.383 -30.633
-51.367 -30.633
-51.333 -30.633
-51.317 -30.700
-51.300 -30.733
-51.300 -30.667
-51.317 -30.583
-51.267 -30.467
-51.250 -30.433
-51.217 -30.417
-51.200 -30.400
-51.167 -30.417
-51.150 -30.433
-51.133 -30.400
-51.100 -30.367
-51.133 -30.367
-51.183 -30.383
-51.200 -30.383
-51.217 -30.350
-51.217 -30.300
-51.250 -30.317
-51.267 -30.300
-51.300 -30.300
-51.300 -30.233
-51.333 -30.233
-51.317 -30.200
-51.333 -30.183
-51.317 -30.117
-51.333 -30.100
-51.317 -30.083
-51.333 -30.067
-51.317 -30.050
-51.317 -30.017
-51.300 -30.000
-51.267 -30.017
-51.267 -30.050
-51.233 -30.000
-51.217 -29.983
-51.217 -30.000
-51.233 -30.050
-51.250 -30.083
-51.267 -30.100
-51.267 -30.133
-51.217 -30.150
-51.233 -30.167
-51.250 -30.183
-51.250 -30.200
-51.217 -30.200
-51.183 -30.217
-51.183 -30.233
-51.167 -30.233
-51.150 -30.250
-51.133 -30.267
-51.117 -30.250
-51.100 -30.267
-51.100 -30.233
-51.067 -30.250
-51.067 -30.267
-51.033 -30.283
-51.017 -30.317
-51.033 -30.333
-51.050 -30.350
-51.050 -30.400
-51.000 -30.400
-51.000 -30.400
-50.950 -30.433
-50.917 -30.433
-50.933 -30.417
-50.933 -30.350
-50.917 -30.333
-50.850 -30.333
-50.800 -30.333
-50.800 -30.317
-50.783 -30.283
-50.683 -30.300
-50.667 -30.283
-50.700 -30.217
-50.700 -30.200
-50.683 -30.217
-50.667 -30.200
-50.617 -30.200
-50.583 -30.250
-50.550 -30.250
-50.550 -30.367
-50.567 -30.383
-50.567 -30.450
-50.583 -30.483
-50.617 -30.483
-50.650 -30.450
-50.667 -30.433
-50.633 -30.417
-50.700 -30.350
-50.733 -30.367
-50.700 -30.417
-50.683 -30.517
-50.683 -30.600
-50.700 -30.700
-50.717 -30.767
-50.750 -30.783
-50.783 -30.817
-50.850 -30.850
-50.883 -30.883
-50.933 -30.900
-50.967 -30.900
-50.950 -30.933
-50.950 -30.933
-50.950 -30.983
-50.983 -31.033
-51.033 -31.050
-51.100 -31.100
-51.133 -31.100
-51.167 -31.067
-51.183 -31.100
-51.183 -31.150
-51.167 -31.217
-51.167 -31.333
-51.200 -31.400
-51.233 -31.433
-51.283 -31.483
-51.333 -31.517
-51.367 -31.533
-51.417 -31.517
-51.417 -31.483
-51.467 -31.533
-51.450 -31.600
-51.467 -31.583
-51.483 -31.567
-51.500 -31.583
-51.567 -31.667
-51.650 -31.750
-51.700 -31.783
-51.800 -31.783
-51.833 -31.800
-51.800 -31.800
-51.800 -31.833
-51.883 -31.867
-52.017 -31.817
-52.067 -31.817
-52.100 -31.833
-52.017 -31.917
-52.000 -31.950
-52.050 -31.983
-52.050 -32.000
NA NA
-52.200 -32.000
-52.167 -31.967
-52.117 -31.967
-52.083 -31.983
-52.100 -32.000
NA NA
-53.133 -33.533
-53.150 -33.517
-53.150 -33.500
-53.133 -33.500
-53.133 -33.483
-53.117 -33.467
-53.100 -33.433
-53.083 -33.417
-53.067 -33.400
-53.050 -33.383
-53.050 -33.367
-53.033 -33.350
-53.017 -33.317
-52.983 -33.300
-52.933 -33.233
-52.933 -33.217
-52.900 -33.200
-52.900 -33.183
-52.850 -33.133
-52.833 -33.117
-52.817 -33.083
-52.733 -33.000
-52.733 -32.967
-52.700 -32.950
-52.700 -32.917
-52.667 -32.883
-52.633 -32.867
-52.650 -32.850
-52.633 -32.850
-52.650 -32.833
-52.633 -32.817
-52.600 -32.817
-52.617 -32.800
-52.617 -32.783
-52.600 -32.767
-52.533 -32.767
-52.533 -32.800
-52.550 -32.817
-52.550 -32.800
-52.567 -32.800
-52.567 -32.850
-52.550 -32.867
-52.583 -32.900
-52.583 -32.883
-52.600 -32.917
-52.617 -32.917
-52.617 -33.000
-52.633 -33.050
-52.650 -33.017
-52.650 -33.067
-52.700 -33.133
-52.717 -33.133
-52.717 -33.150
-52.733 -33.150
-52.750 -33.167
-52.767 -33.200
-52.783 -33.200
-52.783 -33.217
-52.800 -33.217
-52.833 -33.267
-52.867 -33.300
-52.883 -33.317
-52.967 -33.400
-53.017 -33.433
-53.100 -33.517
-53.133 -33.533
NA NA
-53.167 -32.650
-53.150 -32.633
-53.100 -32.633
-53.067 -32.600
-53.033 -32.600
-53.000 -32.583
-53.000 -32.567
-52.983 -32.517
-52.967 -32.483
-52.917 -32.467
-52.850 -32.450
-52.783 -32.433
-52.750 -32.400
-52.733 -32.383
-52.717 -32.367
-52.750 -32.350
-52.783 -32.367
-52.800 -32.367
-52.783 -32.350
-52.817 -32.350
-52.817 -32.333
-52.800 -32.333
-52.817 -32.317
-52.800 -32.283
-52.783 -32.267
-52.783 -32.233
-52.750 -32.217
-52.733 -32.200
-52.783 -32.200
-52.733 -32.183
-52.750 -32.167
-52.700 -32.167
-52.633 -32.150
-52.633 -32.150
-52.667 -32.217
-52.700 -32.300
-52.633 -32.417
-52.583 -32.500
-52.600 -32.550
-52.633 -32.667
-52.767 -32.867
-52.817 -32.900
-52.883 -32.900
-53.000 -32.800
-53.000 -32.750
-53.033 -32.783
-53.050 -32.817
-53.083 -32.817
-53.100 -32.800
-53.117 -32.783
-53.133 -32.783
-53.167 -32.850
-53.167 -32.967
-53.217 -33.033
-53.250 -33.067
-53.267 -33.100
-53.333 -33.083
-53.333 -33.067
-53.417 -33.167
-53.450 -33.150
-53.450 -33.200
-53.483 -33.250
-53.433 -33.433
-53.450 -33.517
-53.467 -33.517
-53.483 -33.567
-53.500 -33.550
-53.517 -33.533
-53.533 -33.550
