-54.284 -24.052
-54.317 -24.050
-54.350 -24.033
-54.367 -24.000
-54.383 -23.933
-54.467 -23.900
-54.585 -23.834
-54.585 -23.835
-54.585 -23.850
-54.600 -23.850
-54.601 -23.850
-54.617 -23.833
-54.618 -23.818
-54.635 -23.818
-54.650 -23.817
-54.651 -23.817
-54.667 -23.802
-54.667 -23.801
-54.668 -23.818
-54.684 -23.818
-54.685 -23.835
-54.685 -23.851
-54.701 -23.851
-54.701 -23.851
-54.717 -23.851
-54.734 -23.851
-54.735 -23.851
-54.750 -23.851
-54.751 -23.851
-54.767 -23.851
-54.768 -23.867
-54.784 -23.867
-54.784 -23.852
-54.785 -23.867
-54.785 -23.868
-54.800 -23.852
-54.801 -23.868
-54.801 -23.884
-54.817 -23.884
-54.818 -23.884
-54.833 -23.868
-54.834 -23.884
-54.834 -23.884
-54.835 -23.884
-54.835 -23.885
-54.835 -23.901
-54.851 -23.900
-54.851 -23.901
-54.873 -23.907
-54.868 -23.900
-54.868 -23.885
-54.884 -23.885
-54.900 -23.901
-54.901 -23.901
-54.901 -23.902
-54.918 -23.917
-54.918 -23.918
-54.917 -23.934
-54.918 -23.934
-54.927 -23.946
-54.918 -23.950
-54.917 -23.951
-54.918 -23.951
-54.934 -23.951
-54.934 -23.951
-54.934 -23.951
-54.967 -23.951
-54.935 -23.951
-54.935 -23.951
-54.950 -23.951
-54.967 -23.951
-54.968 -23.951
-54.983 -23.951
-54.984 -23.951
-54.984 -23.951
-55.000 -23.951
-55.017 -23.967
-55.018 -23.967
-55.033 -23.967
-55.035 -23.968
-55.050 -23.968
-55.051 -23.984
-55.052 -23.984
-55.067 -23.983
-55.067 -23.983
-55.068 -23.983
-55.083 -23.968
-55.084 -23.968
-55.085 -23.967
-55.085 -23.967
-55.101 -23.951
-55.117 -23.968
-55.117 -23.967
-55.118 -23.968
-55.134 -23.984
-55.135 -23.984
-55.151 -23.983
-55.151 -23.984
-55.167 -23.984
-55.180 -23.988
-55.168 -23.984
-55.184 -23.984
-55.185 -23.984
-55.185 -23.984
-55.200 -23.985
-55.201 -24.000
-55.217 -24.001
-55.218 -24.001
-55.218 -24.001
-55.234 -24.000
-55.242 -24.001
-55.234 -23.985
-55.250 -23.985
-55.251 -23.984
-55.251 -23.984
-55.252 -23.984
-55.267 -23.984
-55.267 -23.968
-55.268 -23.967
-55.284 -23.967
-55.300 -23.951
-55.302 -23.951
-55.317 -23.967
-55.318 -23.984
-55.334 -23.984
-55.335 -23.984
-55.350 -23.984
-55.351 -23.968
-55.367 -23.968
-55.367 -23.968
-55.368 -23.967
-55.384 -23.967
-55.384 -23.967
-55.384 -23.967
-55.385 -23.967
-55.385 -23.967
-55.401 -23.951
-55.402 -23.950
-55.417 -23.934
-55.417 -23.934
-55.418 -23.934
-55.418 -23.918
-55.431 -23.923
-55.418 -23.917
-55.434 -23.917
-55.434 -23.917
-55.434 -23.901
-55.434 -23.901
-55.434 -23.900
-55.434 -23.885
-55.434 -23.884
-55.433 -23.883
-55.433 -23.868
-55.433 -23.872
-55.434 -23.852
-55.434 -23.851
-55.434 -23.835
-55.434 -23.834
-55.434 -23.817
-55.434 -23.817
-55.435 -23.817
-55.434 -23.801
-55.434 -23.800
-55.433 -23.784
-55.418 -23.784
-55.418 -23.767
-55.434 -23.752
-55.434 -23.751
-55.434 -23.735
-55.434 -23.734
-55.434 -23.718
-55.434 -23.716
-55.440 -23.712
-55.446 -23.712
-55.449 -23.715
-55.452 -23.717
-55.454 -23.714
-55.461 -23.712
-55.461 -23.707
-55.461 -23.699
-55.459 -23.684
-55.466 -23.677
-55.473 -23.675
-55.472 -23.667
-55.472 -23.658
-55.475 -23.647
-55.481 -23.640
-55.489 -23.642
-55.495 -23.638
-55.507 -23.630
-55.518 -23.626
-55.529 -23.630
-55.537 -23.625
-55.533 -23.610
-55.535 -23.592
-55.526 -23.580
-55.524 -23.567
-55.529 -23.560
-55.532 -23.551
-55.534 -23.541
-55.536 -23.536
-55.538 -23.533
-55.538 -23.524
-55.545 -23.511
-55.547 -23.496
-55.551 -23.488
-55.559 -23.476
-55.542 -23.477
-55.539 -23.464
-55.542 -23.449
-55.527 -23.429
-55.521 -23.423
-55.518 -23.416
-55.511 -23.400
-55.502 -23.378
-55.502 -23.372
-55.508 -23.366
-55.518 -23.351
-55.525 -23.341
-55.532 -23.332
-55.543 -23.323
-55.547 -23.322
-55.552 -23.319
-55.547 -23.303
-55.552 -23.287
-55.550 -23.279
-55.546 -23.276
-55.543 -23.274
-55.538 -23.273
-55.532 -23.269
-55.529 -23.268
-55.527 -23.265
-55.525 -23.263
-55.523 -23.261
-55.524 -23.256
-55.535 -23.250
-55.534 -23.235
-55.540 -23.226
-55.540 -23.219
-55.532 -23.216
-55.524 -23.208
-55.523 -23.194
-55.530 -23.190
-55.536 -23.184
-55.541 -23.177
-55.539 -23.169
-55.540 -23.164
-55.539 -23.160
-55.540 -23.156
-55.545 -23.156
-55.553 -23.153
-55.559 -23.148
-55.565 -23.144
-55.571 -23.143
-55.583 -23.149
-55.594 -23.152
-55.594 -23.142
-55.594 -23.130
-55.596 -23.121
-55.594 -23.117
-55.603 -23.099
-55.610 -23.086
-55.609 -23.077
-55.609 -23.067
-55.613 -23.055
-55.609 -23.050
-55.612 -23.041
-55.617 -23.037
-55.627 -23.033
-55.633 -23.026
-55.633 -23.014
-55.630 -23.002
-55.631 -22.998
-55.626 -22.988
-55.622 -22.989
-55.625 -22.978
-55.630 -22.970
-55.635 -22.965
-55.636 -22.958
-55.634 -22.954
-55.642 -22.951
-55.642 -22.943
-55.645 -22.938
-55.650 -22.932
-55.645 -22.922
-55.649 -22.912
-55.647 -22.897
-55.649 -22.888
-55.655 -22.886
-55.660 -22.879
-55.658 -22.869
-55.660 -22.863
-55.661 -22.858
-55.661 -22.847
-55.657 -22.838
-55.659 -22.831
-55.656 -22.823
-55.653 -22.819
-55.652 -22.817
-55.654 -22.809
-55.649 -22.805
-55.648 -22.799
-55.648 -22.795
-55.651 -22.792
-55.649 -22.791
-55.646 -22.790
-55.644 -22.789
-55.642 -22.788
-55.641 -22.786
-55.639 -22.785
-55.637 -22.783
-55.635 -22.779
-55.635 -22.774
-55.633 -22.770
-55.629 -22.768
-55.628 -22.767
-55.621 -22.767
-55.616 -22.768
-55.617 -22.765
-55.621 -22.762
-55.624 -22.758
-55.620 -22.755
-55.617 -22.749
-55.619 -22.745
-55.614 -22.740
-55.614 -22.736
-55.611 -22.717
-55.611 -22.704
-55.601 -22.683
-55.607 -22.689
-55.616 -22.670
-55.611 -22.660
-55.615 -22.654
-55.620 -22.650
-55.621 -22.644
-55.621 -22.640
-55.622 -22.634
-55.622 -22.630
-55.624 -22.627
-55.626 -22.623
-55.634 -22.618
-55.646 -22.611
-55.658 -22.602
-55.676 -22.594
-55.680 -22.589
-55.692 -22.578
-55.695 -22.563
-55.711 -22.558
-55.717 -22.553
-55.722 -22.549
-55.725 -22.544
-55.728 -22.539
-55.731 -22.534
-55.733 -22.530
-55.735 -22.527
-55.737 -22.519
-55.744 -22.506
-55.744 -22.489
-55.744 -22.483
-55.750 -22.475
-55.743 -22.470
-55.740 -22.464
-55.735 -22.460
-55.732 -22.459
-55.733 -22.445
-55.733 -22.435
-55.736 -22.424
-55.734 -22.411
-55.742 -22.404
-55.741 -22.390
-55.744 -22.386
-55.754 -22.386
-55.773 -22.386
-55.776 -22.384
-55.780 -22.386
-55.785 -22.389
-55.788 -22.381
-55.800 -22.370
-55.795 -22.365
-55.801 -22.355
-55.806 -22.350
-55.818 -22.345
-55.821 -22.339
-55.824 -22.336
-55.825 -22.330
-55.827 -22.324
-55.825 -22.316
-55.830 -22.315
-55.833 -22.309
-55.832 -22.305
-55.836 -22.302
-55.835 -22.298
-55.836 -22.294
-55.838 -22.289
-55.846 -22.286
-55.850 -22.280
-55.855 -22.282
-55.861 -22.283
-55.867 -22.283
-55.983 -22.267
-56.067 -22.283
-56.133 -22.283
-56.233 -22.267
-56.250 -22.233
-56.300 -22.217
-56.367 -22.167
-56.383 -22.117
-56.400 -22.067
-56.467 -22.083
-56.518 -22.100
-56.567 -22.183
-56.600 -22.200
-56.617 -22.233
-56.633 -22.267
-56.650 -22.250
-56.667 -22.233
-56.717 -22.250
-56.750 -22.233
-56.783 -22.267
-56.817 -22.267
-56.833 -22.300
-56.883 -22.250
-56.900 -22.267
-56.933 -22.250
-56.967 -22.250
-56.983 -22.233
-57.100 -22.250
-57.117 -22.217
-57.200 -22.217
-57.217 -22.183
-57.250 -22.217
-57.317 -22.200
-57.367 -22.200
-57.400 -22.183
-57.467 -22.167
-57.533 -22.167
-57.617 -22.167
-57.650 -22.117
-57.683 -22.100
-57.733 -22.083
-57.767 -22.117
-57.783 -22.133
-57.833 -22.133
-57.833 -22.083
-57.883 -22.117
-57.933 -22.117
-57.950 -22.083
-57.983 -22.083
-57.983 -22.033
-57.967 -22.000
-57.933 -21.917
-57.950 -21.867
-57.917 -21.817
-57.900 -21.783
-57.933 -21.767
-57.900 -21.700
-57.900 -21.683
-57.933 -21.600
-57.950 -21.533
-57.933 -21.483
-57.900 -21.400
-57.850 -21.333
-57.867 -21.317
-57.917 -21.267
-57.833 -21.183
-57.850 -21.117
-57.850 -21.067
-57.833 -21.000
-57.833 -20.950
-57.917 -20.900
-57.867 -20.867
-57.900 -20.800
-57.917 -20.767
-57.883 -20.717
-57.933 -20.667
-57.983 -20.717
-57.967 -20.650
-58.000 -20.583
-58.000 -20.550
-58.000 -20.467
-58.050 -20.383
-58.083 -20.367
-58.083 -20.267
-58.133 -20.267
-58.167 -20.217
-58.117 -20.200
-58.167 -20.167
-58.167 -20.167
-58.100 -20.117
-58.033 -20.083
-58.000 -20.050
-57.967 -20.050
-57.933 -20.017
-57.883 -20.000
-57.867 -19.983
-57.850 -19.967
-57.850 -19.967
-57.851 -19.967
-57.851 -19.967
-58.133 -19.750
-58.133 -19.750
-58.117 -19.750
-58.117 -19.750
-57.883 -19.233
-57.883 -19.233
-57.767 -19.033
-57.767 -19.033
-57.700 -19.033
-57.700 -19.033
-57.700 -19.017
-57.700 -19.017
-57.700 -19.015
-57.700 -19.015
-57.700 -19.015
-57.685 -19.000
-57.700 -19.000
-57.700 -19.000
-57.719 -18.979
-57.719 -18.968
-57.717 -18.967
-57.717 -18.967
-57.719 -18.900
-57.719 -18.900
-57.764 -18.900
-57.731 -18.899
-57.717 -18.883
-57.743 -18.899
-57.754 -18.899
-57.766 -18.899
-57.766 -18.899
-57.450 -18.217
-57.450 -18.217
-57.500 -18.183
-57.500 -18.183
-57.617 -18.000
-57.617 -18.000
-57.700 -17.717
-57.700 -17.717
-57.750 -17.717
-57.750 -17.667
-57.767 -17.650
-57.767 -17.633
-57.800 -17.567
-57.750 -17.550
-57.733 -17.533
-57.700 -17.550
-57.700 -17.600
-57.683 -17.633
-57.667 -17.667
-57.683 -17.700
-57.650 -17.717
-57.633 -17.767
-57.617 -17.767
-57.600 -17.783
-57.517 -17.850
-57.500 -17.850
-57.483 -17.867
-57.467 -17.883
-57.467 -17.900
-57.417 -17.867
-57.367 -17.833
-57.300 -17.817
-57.200 -17.800
-57.100 -17.767
-57.050 -17.733
-57.033 -17.733
-57.017 -17.683
-56.983 -17.667
-56.950 -17.617
-56.967 -17.600
-56.950 -17.567
-56.933 -17.567
-56.933 -17.550
-56.900 -17.533
-56.867 -17.517
-56.850 -17.500
-56.850 -17.483
-56.833 -17.450
-56.817 -17.433
-56.833 -17.417
-56.817 -17.383
-56.783 -17.383
-56.750 -17.350
-56.750 -17.333
-56.700 -17.317
-56.650 -17.333
-56.633 -17.317
-56.617 -17.333
-56.600 -17.333
-56.567 -17.333
-56.567 -17.317
-56.533 -17.317
-56.500 -17.300
-56.433 -17.317
-56.383 -17.300
-56.367 -17.283
-56.333 -17.267
-56.317 -17.267
-56.283 -17.267
-56.283 -17.250
-56.233 -17.217
-56.200 -17.233
-56.183 -17.217
-56.150 -17.183
-56.133 -17.183
-56.133 -17.167
-56.100 -17.167
-56.067 -17.167
-56.050 -17.183
-56.033 -17.183
-56.017 -17.217
-56.000 -17.233
-55.983 -17.250
-55.950 -17.250
-55.933 -17.267
-55.883 -17.250
-55.883 -17.283
-55.817 -17.300
-55.800 -17.300
-55.783 -17.317
-55.717 -17.333
-55.650 -17.333
-55.617 -17.350
-55.600 -17.350
-55.583 -17.367
-55.583 -17.400
-55.500 -17.483
-55.467 -17.483
-55.450 -17.500
-55.367 -17.533
-55.350 -17.550
-55.317 -17.550
-55.267 -17.550
-55.200 -17.617
-55.150 -17.650
-55.117 -17.650
-55.100 -17.633
-55.083 -17.633
-55.050 -17.633
-55.017 -17.633
-54.983 -17.633
-54.950 -17.600
-54.900 -17.617
-54.867 -17.600
-54.850 -17.617
-54.833 -17.600
-54.800 -17.583
-54.783 -17.567
-54.750 -17.550
-54.750 -17.517
-54.717 -17.517
-54.700 -17.500
-54.667 -17.500
-54.617 -17.483
-54.583 -17.467
-54.550 -17.483
-54.517 -17.467
-54.483 -17.483
-54.467 -17.517
-54.433 -17.517
-54.383 -17.567
-54.383 -17.600
-54.383 -17.633
-54.350 -17.667
-54.300 -17.667
-54.250 -17.633
-54.183 -17.600
-54.133 -17.600
-54.083 -17.600
-54.067 -17.517
-54.083 -17.500
-54.050 -17.450
-54.000 -17.450
-53.967 -17.450
-53.900 -17.383
-53.833 -17.350
-53.833 -17.317
-53.783 -17.267
-53.750 -17.233
-53.700 -17.217
-53.700 -17.350
-53.700 -17.550
-53.800 -17.667
-53.867 -17.717
-53.900 -17.750
-53.917 -17.800
-53.967 -17.883
-53.933 -17.900
-53.883 -17.917
-53.850 -17.933
-53.817 -17.967
-53.717 -18.000
-53.700 -18.017
-53.667 -17.983
-53.633 -17.983
-53.583 -18.017
-53.550 -18.017
-53.483 -18.033
-53.450 -18.000
-53.400 -18.000
-53.333 -18.000
-53.250 -18.000
-53.183 -18.050
-53.083 -18.050
-53.083 -18.050
-53.133 -18.067
-53.100 -18.217
-53.050 -18.333
-52.983 -18.283
-52.867 -18.300
-52.783 -18.317
-52.817 -18.400
-52.883 -18.433
-52.967 -18.483
-52.967 -18.533
-52.950 -18.583
-52.900 -18.633
-52.867 -18.650
-52.800 -18.667
-52.717 -18.683
-52.683 -18.667
-52.583 -18.683
-52.533 -18.650
-52.383 -18.767
-52.333 -18.817
-52.267 -18.833
-52.150 -18.883
-52.100 -18.917
-52.033 -18.950
-52.017 -18.983
-51.933 -18.967
-51.800 -19.067
-51.650 -19.133
-51.517 -19.150
-51.433 -19.167
-51.367 -19.217
-51.300 -19.233
-51.217 -19.250
-51.167 -19.283
-51.067 -19.333
-51.033 -19.367
-51.000 -19.400
-50.917 -19.467
-50.917 -19.467
-50.917 -19.533
-51.000 -19.600
-51.033 -19.683
-51.033 -19.733
-51.033 -19.833
-51.017 -19.883
-51.000 -19.933
-51.017 -20.000
-51.000 -20.067
-51.000 -20.083
-51.000 -20.100
-51.017 -20.117
-51.033 -20.167
-51.050 -20.217
-51.067 -20.233
-51.167 -20.317
-51.267 -20.317
-51.350 -20.367
-51.400 -20.433
-51.500 -20.550
-51.600 -20.667
-51.633 -20.717
-51.633 -20.917
-51.733 -20.983
-51.750 -21.000
-51.750 -21.017
-51.767 -21.033
-51.783 -21.067
-51.783 -21.083
-51.817 -21.117
-51.883 -21.150
-51.883 -21.200
-51.867 -21.217
-51.850 -21.267
-51.867 -21.333
-51.883 -21.367
-51.917 -21.400
-51.933 -21.450
-51.950 -21.483
-52.000 -21.517
-52.067 -21.517
-52.100 -21.550
-52.100 -21.567
-52.067 -21.583
-52.067 -21.617
-52.050 -21.633
-52.050 -21.650
-52.067 -21.717
-52.150 -21.767
-52.200 -21.850
-52.267 -21.917
-52.300 -21.950
-52.333 -22.000
-52.350 -22.067
-52.400 -22.133
-52.433 -22.167
-52.483 -22.200
-52.633 -22.283
-52.750 -22.350
-52.867 -22.450
-52.983 -22.500
-53.017 -22.533
-53.067 -22.550
-53.100 -22.617
-53.083 -22.650
-53.200 -22.733
-53.383 -22.800
-53.483 -22.850
-53.583 -22.933
-53.617 -22.983
-53.633 -23.017
-53.617 -23.067
-53.633 -23.133
-53.650 -23.167
-53.700 -23.250
-53.700 -23.267
-53.717 -23.300
-53.750 -23.333
-53.817 -23.367
-53.883 -23.400
-53.967 -23.450
-54.000 -23.517
-54.017 -23.583
-54.033 -23.667
-54.067 -23.750
-54.083 -23.917
-54.167 -24.000
-54.200 -24.017
-54.233 -24.033
-54.284 -24.052
