-34.967  -6.483
-34.983  -6.500
-35.017  -6.517
-35.050  -6.533
-35.083  -6.517
-35.100  -6.500
-35.117  -6.517
-35.150  -6.550
-35.183  -6.550
-35.217  -6.517
-35.233  -6.533
-35.333  -6.550
-35.383  -6.517
-35.417  -6.483
-35.533  -6.483
-35.550  -6.500
-35.583  -6.483
-35.600  -6.467
-35.650  -6.450
-35.683  -6.450
-35.700  -6.467
-35.717  -6.467
-35.800  -6.483
-36.000  -6.483
-36.000  -6.467
-36.067  -6.433
-36.083  -6.450
-36.150  -6.433
-36.250  -6.433
-36.300  -6.367
-36.283  -6.317
-36.317  -6.283
-36.367  -6.317
-36.383  -6.300
-36.433  -6.367
-36.500  -6.350
-36.533  -6.450
-36.533  -6.483
-36.500  -6.500
-36.467  -6.550
-36.450  -6.550
-36.450  -6.617
-36.467  -6.617
-36.517  -6.583
-36.567  -6.717
-36.517  -6.733
-36.500  -6.750
-36.517  -6.800
-36.550  -6.833
-36.567  -6.900
-36.583  -6.917
-36.700  -6.917
-36.717  -6.983
-36.733  -6.967
-36.767  -6.933
-36.767  -6.900
-36.733  -6.817
-36.767  -6.800
-36.783  -6.767
-36.833  -6.717
-36.950  -6.767
-36.983  -6.700
-37.000  -6.717
-37.100  -6.833
-37.117  -6.833
-37.133  -6.800
-37.183  -6.800
-37.217  -6.833
-37.267  -6.833
-37.267  -6.800
-37.283  -6.717
-37.533  -6.683
-37.533  -6.583
-37.500  -6.533
-37.433  -6.517
-37.417  -6.500
-37.400  -6.450
-37.400  -6.400
-37.383  -6.350
-37.350  -6.300
-37.300  -6.267
-37.167  -6.133
-37.154  -6.030
-37.183  -6.050
-37.233  -6.033
-37.267  -6.033
-37.300  -6.050
-37.333  -6.067
-37.367  -6.083
-37.383  -6.067
-37.417  -6.083
-37.450  -6.100
-37.533  -6.100
-37.550  -6.117
-37.583  -6.133
-37.617  -6.133
-37.650  -6.150
-37.667  -6.233
-37.683  -6.250
-37.783  -6.300
-37.817  -6.300
-37.867  -6.383
-37.933  -6.400
-37.983  -6.417
-38.000  -6.417
-38.033  -6.450
-38.033  -6.500
-38.050  -6.500
-38.050  -6.450
-38.067  -6.450
-38.117  -6.533
-38.150  -6.500
-38.183  -6.483
-38.233  -6.483
-38.283  -6.500
-38.317  -6.467
-38.367  -6.450
-38.400  -6.433
-38.417  -6.417
-38.450  -6.417
-38.483  -6.400
-38.500  -6.367
-38.467  -6.333
-38.500  -6.350
-38.533  -6.383
-38.550  -6.400
-38.583  -6.417
-38.600  -6.383
-38.567  -6.333
-38.583  -6.283
-38.567  -6.267
-38.533  -6.250
-38.533  -6.233
-38.550  -6.233
-38.550  -6.217
-38.517  -6.217
-38.500  -6.200
-38.483  -6.183
-38.483  -6.133
-38.467  -6.100
-38.433  -6.067
-38.400  -6.067
-38.367  -6.083
-38.333  -6.100
-38.267  -6.050
-38.250  -6.017
-38.233  -6.000
-38.217  -5.967
-38.183  -5.950
-38.167  -5.933
-38.150  -5.917
-38.117  -5.883
-38.117  -5.850
-38.083  -5.817
-38.083  -5.800
-38.067  -5.783
-38.067  -5.733
-38.083  -5.717
-38.067  -5.650
-37.917  -5.467
-37.901  -5.402
-37.767  -5.200
-37.676  -5.000
-37.634  -4.917
-37.633  -4.917
-37.633  -4.926
-37.500  -4.883
-37.250  -4.831
-37.233  -4.867
-37.200  -4.900
-37.183  -4.917
-37.150  -4.950
-37.150  -4.933
-37.100  -4.917
-37.100  -4.933
-37.033  -4.933
-37.000  -4.933
-36.983  -4.917
-36.950  -4.933
-36.867  -4.950
-36.850  -4.983
-36.833  -5.017
-36.783  -5.050
-36.767  -5.050
-36.733  -5.067
-36.717  -5.083
-36.700  -5.067
-36.700  -5.100
-36.667  -5.083
-36.600  -5.100
-36.617  -5.083
-36.617  -5.067
-36.483  -5.067
-36.500  -5.050
-36.483  -5.050
-36.433  -5.067
-36.383  -5.083
-36.133  -5.083
-36.100  -5.067
-36.067  -5.050
-36.000  -5.033
-36.000  -5.050
-35.933  -5.050
-35.883  -5.067
-35.783  -5.083
-35.733  -5.100
-35.683  -5.117
-35.650  -5.117
-35.617  -5.117
-35.483  -5.167
-35.450  -5.200
-35.400  -5.233
-35.367  -5.283
-35.367  -5.333
-35.350  -5.367
-35.317  -5.383
-35.317  -5.400
-35.283  -5.433
-35.283  -5.467
-35.250  -5.483
-35.267  -5.500
-35.233  -5.583
-35.217  -5.650
-35.217  -5.683
-35.200  -5.700
-35.200  -5.767
-35.183  -5.783
-35.183  -5.867
-35.167  -5.883
-35.150  -5.883
-35.150  -5.950
-35.117  -6.000
-35.100  -6.050
-35.100  -6.167
-35.067  -6.217
-35.033  -6.233
-35.033  -6.350
-34.983  -6.383
-34.967  -6.483
