-44.833 -22.400
-44.850 -22.400
-44.883 -22.433
-44.917 -22.450
-44.933 -22.467
-44.983 -22.483
-45.000 -22.483
-45.033 -22.450
-45.117 -22.483
-45.133 -22.500
-45.150 -22.500
-45.150 -22.517
-45.183 -22.550
-45.283 -22.583
-45.283 -22.617
-45.333 -22.617
-45.367 -22.633
-45.400 -22.650
-45.417 -22.667
-45.417 -22.617
-45.467 -22.600
-45.483 -22.617
-45.583 -22.650
-45.567 -22.617
-45.567 -22.600
-45.650 -22.650
-45.667 -22.650
-45.667 -22.617
-45.650 -22.600
-45.650 -22.583
-45.683 -22.567
-45.667 -22.550
-45.683 -22.533
-45.733 -22.567
-45.750 -22.583
-45.700 -22.633
-45.700 -22.650
-45.767 -22.667
-45.767 -22.683
-45.783 -22.700
-45.833 -22.700
-45.833 -22.717
-45.817 -22.733
-45.783 -22.733
-45.750 -22.717
-45.717 -22.717
-45.700 -22.733
-45.700 -22.767
-45.717 -22.783
-45.733 -22.800
-45.783 -22.817
-45.767 -22.833
-45.783 -22.850
-45.800 -22.833
-45.817 -22.817
-45.850 -22.817
-45.867 -22.850
-45.883 -22.850
-45.900 -22.833
-45.900 -22.817
-45.967 -22.817
-45.967 -22.850
-46.017 -22.883
-46.050 -22.867
-46.067 -22.850
-46.167 -22.850
-46.200 -22.867
-46.217 -22.883
-46.267 -22.883
-46.333 -22.900
-46.383 -22.883
-46.383 -22.833
-46.333 -22.767
-46.350 -22.767
-46.383 -22.750
-46.417 -22.733
-46.467 -22.717
-46.483 -22.700
-46.467 -22.667
-46.400 -22.667
-46.383 -22.650
-46.417 -22.633
-46.417 -22.617
-46.400 -22.600
-46.433 -22.583
-46.433 -22.567
-46.417 -22.550
-46.400 -22.533
-46.433 -22.533
-46.467 -22.517
-46.517 -22.500
-46.517 -22.450
-46.533 -22.467
-46.583 -22.483
-46.600 -22.467
-46.617 -22.417
-46.650 -22.417
-46.667 -22.367
-46.700 -22.333
-46.717 -22.317
-46.700 -22.300
-46.700 -22.267
-46.650 -22.250
-46.667 -22.200
-46.617 -22.167
-46.617 -22.133
-46.633 -22.117
-46.667 -22.100
-46.717 -22.100
-46.717 -22.083
-46.650 -22.067
-46.683 -22.050
-46.683 -22.033
-46.667 -22.033
-46.650 -22.017
-46.617 -22.017
-46.617 -22.000
-46.650 -21.950
-46.667 -21.900
-46.667 -21.867
-46.683 -21.833
-46.650 -21.783
-46.617 -21.683
-46.567 -21.683
-46.567 -21.633
-46.533 -21.617
-46.500 -21.600
-46.500 -21.583
-46.483 -21.550
-46.517 -21.517
-46.517 -21.467
-46.533 -21.450
-46.550 -21.433
-46.633 -21.433
-46.633 -21.417
-46.650 -21.400
-46.633 -21.383
-46.667 -21.383
-46.700 -21.400
-46.733 -21.383
-46.750 -21.367
-46.800 -21.367
-46.817 -21.350
-46.850 -21.367
-46.900 -21.400
-46.917 -21.417
-47.000 -21.417
-47.000 -21.333
-47.033 -21.267
-47.050 -21.233
-47.050 -21.200
-47.100 -21.200
-47.133 -21.133
-47.117 -21.117
-47.133 -21.083
-47.133 -21.033
-47.150 -21.000
-47.167 -20.967
-47.183 -20.933
-47.233 -20.900
-47.233 -20.867
-47.200 -20.833
-47.217 -20.817
-47.200 -20.767
-47.183 -20.750
-47.167 -20.733
-47.150 -20.700
-47.117 -20.700
-47.100 -20.683
-47.117 -20.633
-47.150 -20.533
-47.217 -20.500
-47.267 -20.467
-47.283 -20.450
-47.283 -20.433
-47.300 -20.383
-47.283 -20.333
-47.267 -20.283
-47.250 -20.267
-47.233 -20.233
-47.250 -20.200
-47.250 -20.183
-47.333 -20.117
-47.350 -20.100
-47.400 -20.083
-47.417 -20.067
-47.450 -20.050
-47.417 -20.017
-47.433 -20.000
-47.500 -19.967
-47.550 -19.983
-47.600 -20.000
-47.600 -20.033
-47.633 -20.050
-47.683 -20.000
-47.700 -19.983
-47.750 -19.983
-47.833 -19.983
-47.867 -20.000
-47.867 -20.033
-47.867 -20.050
-47.883 -20.100
-47.917 -20.117
-47.933 -20.100
-47.950 -20.033
-47.967 -20.033
-48.000 -20.117
-48.033 -20.133
-48.100 -20.150
-48.183 -20.083
-48.200 -20.033
-48.233 -20.017
-48.267 -20.067
-48.233 -20.100
-48.233 -20.133
-48.267 -20.133
-48.333 -20.100
-48.417 -20.100
-48.500 -20.133
-48.583 -20.133
-48.633 -20.150
-48.833 -20.150
-48.867 -20.217
-48.883 -20.267
-48.883 -20.400
-48.900 -20.433
-48.967 -20.417
-48.967 -20.217
-48.983 -20.183
-49.000 -20.167
-49.033 -20.150
-49.083 -20.200
-49.083 -20.217
-49.117 -20.283
-49.183 -20.317
-49.233 -20.300
-49.283 -20.200
-49.300 -20.167
-49.317 -20.083
-49.317 -20.050
-49.300 -20.033
-49.300 -20.017
-49.250 -20.017
-49.233 -20.000
-49.300 -19.950
-49.383 -19.983
-49.500 -19.933
-49.617 -19.917
-49.700 -19.933
-49.833 -19.933
-49.950 -19.933
-50.033 -19.917
-50.083 -19.867
-50.150 -19.867
-50.383 -19.833
-50.467 -19.800
-50.533 -19.800
-50.700 -19.917
-50.850 -19.967
-50.900 -20.000
-50.933 -20.017
-50.967 -20.033
-50.967 -20.050
-50.983 -20.067
-51.000 -20.067
-51.000 -20.083
-51.000 -20.100
-51.017 -20.117
-51.033 -20.167
-51.017 -20.117
-51.000 -20.100
-51.000 -20.083
-51.000 -20.067
-51.017 -20.000
-51.000 -19.933
-51.017 -19.883
-51.033 -19.833
-51.033 -19.733
-51.033 -19.683
-51.000 -19.600
-50.917 -19.533
-50.917 -19.467
-50.850 -19.433
-50.867 -19.383
-50.750 -19.233
-50.683 -19.167
-50.583 -19.133
-50.517 -19.050
-50.500 -18.967
-50.450 -18.900
-50.417 -18.833
-50.317 -18.700
-50.250 -18.683
-50.133 -18.667
-50.017 -18.600
-49.950 -18.617
-49.833 -18.633
-49.767 -18.617
-49.683 -18.583
-49.650 -18.567
-49.550 -18.500
-49.483 -18.567
-49.400 -18.650
-49.333 -18.567
-49.283 -18.533
-49.217 -18.467
-49.217 -18.417
-49.133 -18.383
-49.067 -18.417
-48.983 -18.350
-48.900 -18.317
-48.833 -18.350
-48.800 -18.367
-48.633 -18.333
-48.567 -18.333
-48.467 -18.367
-48.367 -18.367
-48.317 -18.383
-48.267 -18.333
-48.217 -18.367
-48.117 -18.433
-48.050 -18.417
-48.017 -18.433
-48.000 -18.450
-47.967 -18.450
-47.950 -18.483
-47.917 -18.467
-47.867 -18.450
-47.833 -18.433
-47.800 -18.400
-47.750 -18.400
-47.717 -18.350
-47.650 -18.317
-47.633 -18.333
-47.633 -18.283
-47.617 -18.250
-47.600 -18.233
-47.583 -18.217
-47.567 -18.200
-47.550 -18.183
-47.533 -18.217
-47.517 -18.183
-47.500 -18.200
-47.450 -18.167
-47.433 -18.133
-47.400 -18.117
-47.367 -18.100
-47.300 -18.067
-47.300 -18.017
-47.317 -17.983
-47.350 -17.900
-47.350 -17.867
-47.350 -17.783
-47.333 -17.733
-47.317 -17.717
-47.267 -17.600
-47.400 -17.500
-47.500 -17.450
-47.533 -17.400
-47.500 -17.333
-47.450 -17.350
-47.417 -17.300
-47.400 -17.250
-47.383 -17.233
-47.367 -17.217
-47.367 -17.200
-47.350 -17.167
-47.283 -17.150
-47.183 -17.067
-47.133 -17.000
-47.150 -16.967
-47.167 -16.933
-47.183 -16.900
-47.200 -16.817
-47.217 -16.783
-47.217 -16.733
-47.250 -16.667
-47.317 -16.617
-47.333 -16.617
-47.367 -16.600
-47.400 -16.567
-47.417 -16.550
-47.450 -16.467
-47.417 -16.383
-47.350 -16.317
-47.350 -16.150
-47.317 -16.100
-47.301 -16.050
-47.301 -16.050
-47.300 -16.033
-47.300 -16.033
-47.283 -16.017
-47.200 -16.000
-47.167 -15.967
-47.133 -15.933
-47.083 -15.950
-47.033 -15.917
-46.983 -15.917
-46.883 -15.900
-46.817 -15.883
-46.833 -15.817
-46.850 -15.783
-46.850 -15.733
-46.867 -15.717
-46.883 -15.700
-46.900 -15.667
-46.883 -15.617
-46.933 -15.567
-46.933 -15.483
-46.917 -15.400
-46.850 -15.367
-46.867 -15.350
-46.850 -15.333
-46.833 -15.317
-46.883 -15.283
-46.900 -15.250
-46.900 -15.233
-46.917 -15.250
-46.933 -15.250
-46.933 -15.183
-46.883 -15.117
-46.933 -15.067
-46.917 -15.033
-46.850 -15.000
-46.767 -15.017
-46.683 -15.050
-46.617 -15.100
-46.567 -15.083
-46.517 -15.050
-46.533 -14.983
-46.533 -14.917
-46.533 -14.900
-46.517 -14.850
-46.567 -14.800
-46.550 -14.783
-46.533 -14.767
-46.517 -14.750
-46.483 -14.700
-46.467 -14.683
-46.400 -14.750
-46.333 -14.800
-46.283 -14.800
-46.317 -14.850
-46.317 -14.883
-46.267 -14.900
-46.200 -14.933
-46.167 -14.933
-46.150 -14.917
-46.100 -14.933
-46.067 -14.933
-46.034 -14.867
-46.034 -14.867
-45.983 -14.917
-45.967 -14.983
-45.967 -15.017
-46.050 -15.133
-46.050 -15.150
-46.100 -15.233
-46.050 -15.233
-46.017 -15.217
-46.017 -15.217
-45.983 -15.200
-45.950 -15.133
-45.850 -15.150
-45.817 -15.117
-45.733 -15.117
-45.667 -15.067
-45.633 -15.017
-45.600 -15.000
-45.550 -14.950
-45.550 -14.917
-45.483 -14.933
-45.450 -14.933
-45.417 -14.900
-45.400 -14.917
-45.333 -14.833
-45.317 -14.833
-45.200 -14.733
-45.117 -14.750
-45.067 -14.750
-45.033 -14.683
-44.983 -14.650
-44.900 -14.617
-44.850 -14.567
-44.817 -14.500
-44.683 -14.433
-44.650 -14.383
-44.483 -14.317
-44.350 -14.267
-44.250 -14.250
-44.216 -14.233
-44.183 -14.267
-44.150 -14.283
-44.117 -14.267
-44.067 -14.283
-44.000 -14.267
-43.917 -14.317
-43.900 -14.300
-43.800 -14.333
-43.883 -14.517
-43.883 -14.667
-43.833 -14.683
-43.733 -14.700
-43.733 -14.717
-43.733 -14.717
-43.683 -14.733
-43.633 -14.750
-43.600 -14.750
-43.533 -14.800
-43.483 -14.783
-43.500 -14.767
-43.467 -14.767
-43.450 -14.717
-43.383 -14.700
-43.333 -14.667
-43.283 -14.650
-43.217 -14.667
-43.200 -14.633
-43.133 -14.667
-43.117 -14.683
-43.100 -14.667
-43.100 -14.683
-43.050 -14.683
-43.017 -14.700
-42.950 -14.717
-42.950 -14.733
-42.817 -14.833
-42.817 -14.900
-42.750 -14.867
-42.733 -14.883
-42.717 -14.883
-42.717 -14.900
-42.700 -14.917
-42.683 -14.917
-42.650 -14.933
-42.617 -14.933
-42.517 -14.983
-42.467 -15.000
-42.450 -15.017
-42.367 -15.050
-42.333 -15.067
-42.317 -15.100
-42.267 -15.100
-42.217 -15.067
-42.183 -15.117
-42.117 -15.133
-42.067 -15.150
-42.000 -15.150
-41.950 -15.167
-41.917 -15.150
-41.883 -15.150
-41.867 -15.100
-41.817 -15.100
-41.800 -15.083
-41.797 -15.086
-41.358 -15.500
-41.332 -15.744
-41.317 -15.733
-41.267 -15.750
-41.233 -15.750
-41.217 -15.750
-41.200 -15.767
-41.150 -15.783
-41.150 -15.767
-41.100 -15.750
-41.033 -15.733
-41.017 -15.717
-40.967 -15.650
-40.933 -15.650
-40.917 -15.683
-40.883 -15.700
-40.867 -15.683
-40.817 -15.650
-40.800 -15.650
-40.800 -15.683
-40.783 -15.700
-40.767 -15.733
-40.750 -15.750
-40.683 -15.700
-40.650 -15.700
-40.617 -15.717
-40.583 -15.733
-40.583 -15.750
-40.583 -15.783
-40.550 -15.800
-40.533 -15.783
-40.517 -15.800
-40.483 -15.767
-40.467 -15.750
-40.450 -15.750
-40.450 -15.767
-40.433 -15.800
-40.367 -15.817
-40.233 -15.817
-40.217 -15.833
-40.217 -15.867
-40.183 -15.867
-40.183 -15.900
-40.117 -15.900
-40.083 -15.917
-40.067 -15.967
-40.017 -15.983
-40.000 -15.983
-39.967 -16.000
-39.967 -16.000
-39.867 -16.100
-39.867 -16.150
-39.900 -16.200
-40.000 -16.350
-40.050 -16.367
-40.133 -16.483
-40.167 -16.567
-40.250 -16.567
-40.283 -16.667
-40.300 -16.750
-40.250 -16.850
-40.450 -16.900
-40.500 -16.883
-40.567 -17.067
-40.583 -17.100
-40.583 -17.233
-40.550 -17.283
-40.633 -17.400
-40.600 -17.433
-40.533 -17.350
-40.500 -17.367
-40.550 -17.433
-40.483 -17.417
-40.500 -17.517
-40.483 -17.567
-40.400 -17.567
-40.367 -17.633
-40.283 -17.717
-40.183 -17.800
-40.167 -17.854
-40.212 -17.896
-40.264 -17.922
-40.250 -17.950
-40.179 -17.980
-40.433 -17.900
-40.467 -17.933
-40.583 -17.850
-40.683 -17.967
-40.783 -17.983
-40.917 -17.933
-40.903 -17.987
-40.903 -17.987
-40.883 -18.000
-40.883 -18.000
-40.773 -18.107
-40.773 -18.107
-40.783 -18.167
-40.900 -18.133
-40.950 -18.117
-41.033 -18.183
-41.117 -18.250
-41.133 -18.333
-41.133 -18.400
-41.017 -18.417
-41.033 -18.667
-40.940 -18.689
-40.940 -18.689
-40.939 -18.769
-40.939 -18.769
-40.929 -18.794
-40.929 -18.794
-41.073 -18.843
-41.073 -18.843
-41.117 -18.800
-41.233 -18.817
-41.200 -18.917
-41.117 -18.900
-41.050 -18.983
-41.050 -19.033
-41.017 -19.067
-40.933 -19.150
-40.967 -19.417
-40.983 -19.500
-41.051 -19.483
-41.050 -19.583
-41.100 -19.617
-41.167 -19.750
-41.183 -19.850
-41.233 -19.917
-41.300 -19.950
-41.300 -20.000
-41.383 -20.200
-41.411 -20.207
-41.420 -20.207
-41.430 -20.207
-41.439 -20.207
-41.449 -20.207
-41.459 -20.207
-41.468 -20.207
-41.478 -20.207
-41.487 -20.207
-41.497 -20.207
-41.507 -20.207
-41.516 -20.207
-41.526 -20.207
-41.535 -20.207
-41.545 -20.207
-41.555 -20.207
-41.564 -20.207
-41.574 -20.207
-41.583 -20.207
-41.593 -20.207
-41.603 -20.207
-41.612 -20.207
-41.622 -20.207
-41.632 -20.207
-41.641 -20.207
-41.651 -20.207
-41.660 -20.207
-41.670 -20.207
-41.680 -20.207
-41.689 -20.207
-41.699 -20.207
-41.708 -20.207
-41.718 -20.207
-41.728 -20.207
-41.737 -20.207
-41.747 -20.207
-41.756 -20.207
-41.783 -20.283
-41.850 -20.350
-41.850 -20.383
-41.833 -20.400
-41.800 -20.417
-41.800 -20.467
-41.817 -20.467
-41.800 -20.517
-41.800 -20.550
-41.833 -20.567
-41.850 -20.583
-41.850 -20.617
-41.833 -20.617
-41.817 -20.650
-41.867 -20.717
-41.879 -20.760
-41.883 -20.767
-41.867 -20.783
-42.000 -20.950
-42.000 -20.950
-42.167 -20.950
-42.150 -20.967
-42.150 -21.000
-42.117 -21.017
-42.083 -21.017
-42.083 -21.033
-42.167 -21.117
-42.183 -21.183
-42.183 -21.250
-42.217 -21.300
-42.217 -21.350
-42.250 -21.400
-42.267 -21.450
-42.250 -21.483
-42.250 -21.500
-42.283 -21.500
-42.367 -21.617
-42.350 -21.650
-42.267 -21.683
-42.250 -21.717
-42.600 -21.850
-42.667 -21.867
-42.717 -21.900
-42.867 -21.950
-42.967 -22.033
-43.033 -22.050
-43.083 -22.083
-43.133 -22.100
-43.150 -22.100
-43.150 -22.033
-43.250 -22.033
-43.333 -22.000
-43.350 -22.000
-43.450 -22.067
-43.517 -22.067
-43.550 -22.100
-43.583 -22.083
-43.683 -22.083
-43.733 -22.100
-43.750 -22.100
-43.767 -22.067
-43.950 -22.133
-44.000 -22.167
-44.033 -22.167
-44.100 -22.183
-44.250 -22.267
-44.283 -22.250
-44.400 -22.267
-44.433 -22.250
-44.550 -22.333
-44.617 -22.333
-44.633 -22.350
-44.633 -22.383
-44.650 -22.383
-44.683 -22.367
-44.767 -22.367
-44.833 -22.400

