-28.8470 -20.4815
-28.8475 -20.4822
-28.8480 -20.4831
-28.8484 -20.4840
-28.8491 -20.4851
-28.8498 -20.4864
-28.8501 -20.4869
-28.8503 -20.4880
-28.8503 -20.4891
-28.8504 -20.4904
-28.8504 -20.4912
-28.8504 -20.4925
-28.8504 -20.4936
-28.8504 -20.4948
-28.8504 -20.4961
-28.8507 -20.4970
-28.8509 -20.4982
-28.8509 -20.4993
-28.8503 -20.5003
-28.8496 -20.5011
-28.8492 -20.5019
-28.8485 -20.5025
-28.8477 -20.5035
-28.8471 -20.5043
-28.8464 -20.5049
-28.8458 -20.5053
-28.8447 -20.5060
-28.8436 -20.5066
-28.8424 -20.5070
-28.8417 -20.5074
-28.8409 -20.5073
-28.8393 -20.5073
-28.8383 -20.5071
-28.8374 -20.5064
-28.8365 -20.5060
-28.8356 -20.5050
-28.8351 -20.5040
-28.8344 -20.5029
-28.8339 -20.5021
-28.8336 -20.5011
-28.8334 -20.5004
-28.8333 -20.4994
-28.8331 -20.4986
-28.8328 -20.4975
-28.8325 -20.4967
-28.8323 -20.4956
-28.8318 -20.4948
-28.8317 -20.4937
-28.8316 -20.4924
-28.8323 -20.4916
-28.8324 -20.4905
-28.8331 -20.4895
-28.8334 -20.4884
-28.8339 -20.4880
-28.8352 -20.4871
-28.8361 -20.4865
-28.8365 -20.4861
-28.8376 -20.4855
-28.8383 -20.4848
-28.8387 -20.4842
-28.8396 -20.4835
-28.8405 -20.4829
-28.8411 -20.4822
-28.8418 -20.4816
-28.8429 -20.4811
-28.8436 -20.4809
-28.8447 -20.4810
-28.8459 -20.4810
-28.8468 -20.4810
-28.8475 -20.4813
-28.8470 -20.4815
