-33.8124  -3.8529
-33.8117  -3.8528
-33.8114  -3.8529
-33.8111  -3.8529
-33.8108  -3.8529
-33.8105  -3.8530
-33.8102  -3.8532
-33.8099  -3.8534
-33.8096  -3.8535
-33.8093  -3.8537
-33.8090  -3.8539
-33.8088  -3.8541
-33.8085  -3.8541
-33.8082  -3.8542
-33.8079  -3.8543
-33.8076  -3.8545
-33.8074  -3.8545
-33.8071  -3.8547
-33.8068  -3.8549
-33.8065  -3.8550
-33.8062  -3.8553
-33.8061  -3.8556
-33.8061  -3.8560
-33.8063  -3.8562
-33.8066  -3.8564
-33.8067  -3.8566
-33.8069  -3.8570
-33.8069  -3.8573
-33.8070  -3.8576
-33.8071  -3.8579
-33.8073  -3.8581
-33.8071  -3.8583
-33.8068  -3.8583
-33.8064  -3.8585
-33.8061  -3.8586
-33.8058  -3.8587
-33.8056  -3.8589
-33.8055  -3.8592
-33.8052  -3.8594
-33.8049  -3.8595
-33.8046  -3.8595
-33.8043  -3.8596
-33.8041  -3.8598
-33.8039  -3.8601
-33.8036  -3.8603
-33.8035  -3.8601
-33.8034  -3.8598
-33.8034  -3.8594
-33.8033  -3.8590
-33.8033  -3.8586
-33.8035  -3.8583
-33.8036  -3.8580
-33.8037  -3.8577
-33.8037  -3.8573
-33.8037  -3.8570
-33.8035  -3.8567
-33.8033  -3.8567
-33.8030  -3.8567
-33.8028  -3.8567
-33.8025  -3.8567
-33.8022  -3.8568
-33.8019  -3.8570
-33.8016  -3.8572
-33.8013  -3.8573
-33.8010  -3.8574
-33.8007  -3.8575
-33.8003  -3.8575
-33.8000  -3.8575
-33.7997  -3.8575
-33.7995  -3.8577
-33.7992  -3.8578
-33.7990  -3.8581
-33.7987  -3.8583
-33.7985  -3.8585
-33.7983  -3.8588
-33.7980  -3.8590
-33.7978  -3.8592
-33.7976  -3.8594
-33.7973  -3.8596
-33.7971  -3.8597
-33.7968  -3.8599
-33.7964  -3.8601
-33.7961  -3.8602
-33.7958  -3.8605
-33.7956  -3.8607
-33.7953  -3.8608
-33.7951  -3.8611
-33.7949  -3.8613
-33.7947  -3.8616
-33.7947  -3.8620
-33.7947  -3.8622
-33.7945  -3.8625
-33.7943  -3.8627
-33.7941  -3.8629
-33.7939  -3.8631
-33.7936  -3.8633
-33.7933  -3.8635
-33.7930  -3.8636
-33.7928  -3.8639
-33.7926  -3.8641
-33.7925  -3.8644
-33.7924  -3.8646
-33.7922  -3.8649
-33.7921  -3.8652
-33.7920  -3.8655
-33.7920  -3.8658
-33.7921  -3.8661
-33.7921  -3.8664
-33.7922  -3.8666
-33.7923  -3.8669
-33.7923  -3.8673
-33.7923  -3.8676
-33.7923  -3.8680
-33.7922  -3.8682
-33.7921  -3.8684
-33.7921  -3.8688
-33.7921  -3.8691
-33.7923  -3.8693
-33.7925  -3.8696
-33.7926  -3.8699
-33.7926  -3.8702
-33.7927  -3.8704
-33.7928  -3.8707
-33.7929  -3.8710
-33.7930  -3.8713
-33.7930  -3.8716
-33.7929  -3.8718
-33.7929  -3.8721
-33.7929  -3.8724
-33.7930  -3.8727
-33.7931  -3.8730
-33.7932  -3.8732
-33.7933  -3.8735
-33.7934  -3.8738
-33.7937  -3.8740
-33.7938  -3.8742
-33.7939  -3.8745
-33.7939  -3.8747
-33.7938  -3.8750
-33.7938  -3.8753
-33.7939  -3.8756
-33.7941  -3.8758
-33.7943  -3.8760
-33.7945  -3.8762
-33.7948  -3.8763
-33.7951  -3.8764
-33.7953  -3.8764
-33.7955  -3.8765
-33.7958  -3.8765
-33.7961  -3.8766
-33.7964  -3.8766
-33.7967  -3.8766
-33.7970  -3.8766
-33.7973  -3.8766
-33.7975  -3.8765
-33.7978  -3.8764
-33.7981  -3.8763
-33.7983  -3.8763
-33.7986  -3.8762
-33.7988  -3.8761
-33.7991  -3.8760
-33.7994  -3.8760
-33.7996  -3.8758
-33.8000  -3.8758
-33.8002  -3.8758
-33.8005  -3.8758
-33.8007  -3.8758
-33.8010  -3.8758
-33.8013  -3.8759
-33.8016  -3.8760
-33.8019  -3.8759
-33.8022  -3.8759
-33.8024  -3.8759
-33.8027  -3.8759
-33.8030  -3.8759
-33.8034  -3.8759
-33.8037  -3.8759
-33.8040  -3.8759
-33.8042  -3.8759
-33.8045  -3.8758
-33.8048  -3.8757
-33.8051  -3.8757
-33.8054  -3.8756
-33.8057  -3.8756
-33.8060  -3.8756
-33.8062  -3.8757
-33.8066  -3.8759
-33.8068  -3.8759
-33.8071  -3.8759
-33.8073  -3.8759
-33.8077  -3.8759
-33.8079  -3.8759
-33.8081  -3.8758
-33.8083  -3.8757
-33.8086  -3.8755
-33.8090  -3.8753
-33.8093  -3.8752
-33.8094  -3.8749
-33.8097  -3.8748
-33.8100  -3.8748
-33.8102  -3.8748
-33.8105  -3.8749
-33.8107  -3.8750
-33.8110  -3.8751
-33.8113  -3.8751
-33.8115  -3.8750
-33.8117  -3.8748
-33.8119  -3.8746
-33.8122  -3.8744
-33.8124  -3.8742
-33.8126  -3.8740
-33.8129  -3.8738
-33.8131  -3.8737
-33.8134  -3.8736
-33.8137  -3.8734
-33.8139  -3.8733
-33.8142  -3.8732
-33.8145  -3.8731
-33.8148  -3.8730
-33.8150  -3.8728
-33.8153  -3.8727
-33.8155  -3.8725
-33.8157  -3.8723
-33.8160  -3.8721
-33.8162  -3.8719
-33.8163  -3.8716
-33.8166  -3.8714
-33.8167  -3.8712
-33.8169  -3.8709
-33.8171  -3.8706
-33.8174  -3.8705
-33.8178  -3.8704
-33.8181  -3.8702
-33.8183  -3.8700
-33.8185  -3.8697
-33.8187  -3.8695
-33.8188  -3.8692
-33.8188  -3.8689
-33.8189  -3.8686
-33.8191  -3.8683
-33.8192  -3.8680
-33.8194  -3.8677
-33.8194  -3.8675
-33.8195  -3.8672
-33.8196  -3.8669
-33.8197  -3.8666
-33.8197  -3.8663
-33.8197  -3.8661
-33.8198  -3.8658
-33.8199  -3.8655
-33.8200  -3.8652
-33.8202  -3.8649
-33.8203  -3.8646
-33.8203  -3.8643
-33.8201  -3.8641
-33.8199  -3.8638
-33.8198  -3.8636
-33.8197  -3.8633
-33.8196  -3.8630
-33.8194  -3.8628
-33.8195  -3.8624
-33.8195  -3.8620
-33.8198  -3.8618
-33.8199  -3.8615
-33.8201  -3.8612
-33.8201  -3.8609
-33.8199  -3.8606
-33.8197  -3.8605
-33.8195  -3.8603
-33.8192  -3.8601
-33.8190  -3.8600
-33.8187  -3.8598
-33.8186  -3.8595
-33.8185  -3.8593
-33.8185  -3.8590
-33.8185  -3.8587
-33.8185  -3.8584
-33.8183  -3.8581
-33.8182  -3.8578
-33.8180  -3.8576
-33.8178  -3.8574
-33.8176  -3.8571
-33.8174  -3.8568
-33.8172  -3.8566
-33.8170  -3.8563
-33.8169  -3.8560
-33.8167  -3.8557
-33.8167  -3.8554
-33.8166  -3.8550
-33.8167  -3.8546
-33.8166  -3.8543
-33.8164  -3.8540
-33.8163  -3.8536
-33.8161  -3.8535
-33.8159  -3.8533
-33.8156  -3.8530
-33.8154  -3.8529
-33.8151  -3.8529
-33.8148  -3.8529
-33.8145  -3.8529
-33.8142  -3.8529
-33.8138  -3.8529
-33.8135  -3.8528
-33.8133  -3.8528
-33.8130  -3.8527
-33.8126  -3.8527
-33.8123  -3.8526
-33.8121  -3.8526
-33.8124  -3.8529
