-29.34550   0.91685
-29.34542   0.91677
-29.34537   0.91673
-29.34534   0.91669
-29.34531   0.91666
-29.34526   0.91663
-29.34522   0.91662
-29.34518   0.91661
-29.34514   0.91658
-29.34511   0.91655
-29.34509   0.91651
-29.34511   0.91646
-29.34513   0.91642
-29.34513   0.91637
-29.34509   0.91634
-29.34506   0.91631
-29.34502   0.91629
-29.34499   0.91625
-29.34496   0.91622
-29.34492   0.91618
-29.34490   0.91614
-29.34488   0.91609
-29.34487   0.91604
-29.34489   0.91600
-29.34490   0.91595
-29.34493   0.91591
-29.34495   0.91587
-29.34497   0.91585
-29.34501   0.91583
-29.34506   0.91581
-29.34510   0.91581
-29.34514   0.91580
-29.34518   0.91579
-29.34523   0.91577
-29.34525   0.91573
-29.34528   0.91570
-29.34531   0.91567
-29.34535   0.91565
-29.34539   0.91562
-29.34543   0.91561
-29.34547   0.91560
-29.34552   0.91560
-29.34554   0.91564
-29.34559   0.91571
-29.34561   0.91572
-29.34566   0.91573
-29.34572   0.91573
-29.34576   0.91573
-29.34579   0.91577
-29.34579   0.91581
-29.34580   0.91586
-29.34581   0.91590
-29.34584   0.91596
-29.34584   0.91601
-29.34585   0.91606
-29.34586   0.91611
-29.34584   0.91615
-29.34580   0.91618
-29.34575   0.91619
-29.34571   0.91622
-29.34571   0.91627
-29.34572   0.91633
-29.34567   0.91634
-29.34562   0.91633
-29.34558   0.91630
-29.34558   0.91627
-29.34555   0.91622
-29.34554   0.91617
-29.34552   0.91613
-29.34549   0.91610
-29.34546   0.91606
-29.34541   0.91602
-29.34536   0.91602
-29.34531   0.91603
-29.34528   0.91606
-29.34526   0.91610
-29.34525   0.91614
-29.34523   0.91619
-29.34522   0.91623
-29.34525   0.91626
-29.34528   0.91628
-29.34532   0.91632
-29.34536   0.91635
-29.34539   0.91638
-29.34540   0.91645
-29.34540   0.91649
-29.34541   0.91653
-29.34545   0.91656
-29.34550   0.91658
-29.34554   0.91660
-29.34558   0.91661
-29.34564   0.91661
-29.34567   0.91665
-29.34569   0.91669
-29.34569   0.91675
-29.34570   0.91681
-29.34565   0.91684
-29.34562   0.91687
-29.34559   0.91689
-29.34554   0.91689
-29.34548   0.91690
-29.34550   0.91685
