-53.083 -18.050
-53.067 -17.983
-53.100 -17.933
-53.133 -17.833
-53.233 -17.700
-53.233 -17.483
-53.233 -17.450
-53.217 -17.317
-53.117 -17.117
-53.067 -17.050
-53.050 -16.983
-53.000 -16.850
-52.950 -16.850
-52.933 -16.800
-52.883 -16.783
-52.800 -16.733
-52.767 -16.667
-52.750 -16.583
-52.667 -16.567
-52.633 -16.500
-52.617 -16.450
-52.683 -16.417
-52.650 -16.267
-52.583 -16.250
-52.567 -16.233
-52.550 -16.167
-52.500 -16.133
-52.367 -16.083
-52.300 -16.000
-52.300 -15.967
-52.283 -15.917
-52.267 -15.883
-52.150 -15.883
-52.117 -15.867
-52.033 -15.883
-52.000 -15.850
-51.967 -15.833
-51.983 -15.817
-51.967 -15.800
-51.917 -15.833
-51.883 -15.783
-51.850 -15.750
-51.833 -15.717
-51.783 -15.650
-51.767 -15.600
-51.783 -15.550
-51.783 -15.533
-51.767 -15.533
-51.750 -15.567
-51.733 -15.500
-51.717 -15.500
-51.700 -15.433
-51.700 -15.417
-51.667 -15.367
-51.683 -15.333
-51.683 -15.300
-51.650 -15.267
-51.667 -15.250
-51.650 -15.183
-51.633 -15.167
-51.583 -15.150
-51.517 -15.050
-51.467 -15.050
-51.400 -15.000
-51.367 -15.000
-51.333 -14.983
-51.317 -14.967
-51.300 -14.983
-51.283 -15.033
-51.250 -15.033
-51.150 -14.967
-51.150 -14.933
-51.100 -14.900
-51.100 -14.833
-51.050 -14.817
-51.067 -14.750
-51.033 -14.717
-51.033 -14.683
-51.017 -14.650
-51.000 -14.583
-50.967 -14.517
-50.983 -14.500
-50.983 -14.483
-51.000 -14.450
-51.000 -14.400
-50.983 -14.350
-50.967 -14.333
-50.983 -14.283
-50.950 -14.217
-50.917 -14.183
-50.917 -14.150
-50.917 -14.117
-50.867 -14.133
-50.833 -14.100
-50.833 -14.083
-50.850 -14.050
-50.867 -14.000
-50.867 -13.967
-50.833 -13.933
-50.867 -13.800
-50.850 -13.767
-50.867 -13.750
-50.867 -13.733
-50.850 -13.717
-50.817 -13.700
-50.783 -13.650
-50.767 -13.550
-50.700 -13.467
-50.667 -13.417
-50.650 -13.383
-50.617 -13.300
-50.583 -13.233
-50.600 -13.200
-50.600 -13.117
-50.617 -13.100
-50.600 -13.067
-50.583 -13.050
-50.583 -13.033
-50.600 -13.033
-50.600 -13.017
-50.567 -13.017
-50.533 -12.967
-50.517 -12.900
-50.517 -12.867
-50.517 -12.867
-50.533 -12.850
-50.550 -12.850
-50.600 -12.850
-50.600 -12.817
-50.617 -12.817
-50.633 -12.833
-50.633 -12.800
-50.617 -12.783
-50.633 -12.767
-50.633 -12.733
-50.650 -12.733
-50.667 -12.667
-50.700 -12.650
-50.717 -12.617
-50.700 -12.600
-50.683 -12.600
-50.683 -12.550
-50.667 -12.500
-50.650 -12.467
-50.633 -12.450
-50.633 -12.367
-50.650 -12.333
-50.633 -12.283
-50.650 -12.233
-50.683 -12.200
-50.667 -12.083
-50.700 -12.050
-50.683 -12.000
-50.667 -11.950
-50.667 -11.917
-50.650 -11.883
-50.683 -11.867
-50.683 -11.833
-50.700 -11.783
-50.717 -11.733
-50.700 -11.700
-50.667 -11.650
-50.667 -11.600
-50.733 -11.550
-50.750 -11.500
-50.683 -11.283
-50.650 -11.217
-50.667 -11.133
-50.617 -11.067
-50.617 -10.917
-50.600 -10.867
-50.633 -10.833
-50.583 -10.767
-50.583 -10.717
-50.600 -10.683
-50.567 -10.650
-50.550 -10.600
-50.533 -10.583
-50.517 -10.517
-50.500 -10.483
-50.483 -10.400
-50.433 -10.383
-50.433 -10.367
-50.417 -10.283
-50.400 -10.167
-50.383 -10.117
-50.333 -10.067
-50.317 -10.050
-50.267  -9.917
-50.233  -9.867
-50.206  -9.841
-50.206  -9.841
-51.000  -9.790
-51.000  -9.789
-52.500  -9.687
-54.000  -9.578
-55.500  -9.463
-56.672  -9.368
-56.667  -9.367
-56.700  -9.367
-56.750  -9.400
-56.767  -9.383
-56.767  -9.333
-56.817  -9.250
-56.850  -9.233
-56.967  -9.217
-57.000  -9.233
-57.067  -9.167
-57.033  -9.100
-57.117  -9.000
-57.183  -8.933
-57.217  -8.900
-57.267  -8.900
-57.317  -8.917
-57.317  -8.867
-57.383  -8.867
-57.417  -8.850
-57.417  -8.783
-57.450  -8.767
-57.483  -8.767
-57.517  -8.733
-57.533  -8.750
-57.567  -8.750
-57.600  -8.750
-57.617  -8.717
-57.617  -8.667
-57.633  -8.567
-57.650  -8.550
-57.633  -8.517
-57.650  -8.483
-57.667  -8.450
-57.683  -8.400
-57.667  -8.367
-57.683  -8.317
-57.667  -8.283
-57.633  -8.217
-57.667  -8.167
-57.717  -8.150
-57.717  -8.083
-57.750  -8.033
-57.800  -8.000
-57.833  -7.883
-57.867  -7.800
-57.900  -7.717
-57.933  -7.633
-57.950  -7.567
-58.050  -7.417
-58.133  -7.350
-58.133  -7.350
-58.200  -7.417
-58.233  -7.517
-58.217  -7.617
-58.250  -7.683
-58.283  -7.700
-58.283  -7.750
-58.317  -7.783
-58.383  -7.833
-58.383  -7.917
-58.317  -8.000
-58.300  -8.067
-58.283  -8.133
-58.317  -8.150
-58.333  -8.317
-58.350  -8.350
-58.350  -8.383
-58.417  -8.483
-58.400  -8.550
-58.417  -8.567
-58.400  -8.583
-58.450  -8.700
-58.417  -8.717
-58.350  -8.683
-58.333  -8.700
-58.333  -8.717
-58.367  -8.750
-58.446  -8.800
-58.500  -8.800
-60.000  -8.800
-61.500  -8.800
-61.567  -8.800
-61.567  -8.783
-61.517  -8.833
-61.483  -8.900
-61.483  -8.917
-61.500  -8.950
-61.517  -9.000
-61.550  -9.067
-61.567  -9.100
-61.567  -9.133
-61.550  -9.150
-61.533  -9.183
-61.517  -9.200
-61.533  -9.250
-61.583  -9.233
-61.600  -9.250
-61.600  -9.283
-61.617  -9.317
-61.617  -9.333
-61.600  -9.367
-61.550  -9.400
-61.550  -9.433
-61.567  -9.467
-61.550  -9.500
-61.533  -9.550
-61.517  -9.567
-61.517  -9.583
-61.500  -9.600
-61.500  -9.633
-61.483  -9.633
-61.483  -9.650
-61.500  -9.650
-61.500  -9.667
-61.517  -9.700
-61.517  -9.733
-61.567  -9.717
-61.583  -9.717
-61.567  -9.733
-61.533  -9.767
-61.533  -9.817
-61.517  -9.867
-61.517  -9.883
-61.550  -9.950
-61.533  -9.967
-61.533 -10.000
-61.550 -10.033
-61.583 -10.050
-61.583 -10.067
-61.583 -10.083
-61.600 -10.150
-61.601 -10.151
-61.567 -10.167
-61.567 -10.217
-61.583 -10.250
-61.550 -10.333
-61.517 -10.350
-61.467 -10.433
-61.483 -10.500
-61.483 -10.550
-61.500 -10.583
-61.500 -10.633
-61.517 -10.700
-61.483 -10.717
-61.467 -10.750
-61.483 -10.800
-61.500 -10.800
-61.517 -10.767
-61.517 -10.783
-61.517 -10.933
-61.533 -10.933
-61.533 -10.967
-61.550 -10.983
-61.533 -10.983
-61.500 -10.983
-60.450 -10.983
-60.450 -10.983
-60.450 -11.017
-60.433 -11.017
-60.433 -11.033
-60.417 -11.033
-60.400 -11.083
-60.350 -11.100
-60.350 -11.083
-60.300 -11.050
-60.283 -11.067
-60.283 -11.083
-60.267 -11.100
-60.233 -11.100
-60.183 -11.117
-60.183 -11.100
-60.167 -11.100
-60.100 -11.100
-60.083 -11.100
-60.067 -11.117
-60.050 -11.117
-60.033 -11.133
-60.000 -11.117
-59.950 -11.117
-59.983 -11.167
-59.950 -11.217
-59.967 -11.233
-59.950 -11.300
-59.917 -11.350
-59.917 -11.417
-60.000 -11.467
-60.050 -11.517
-60.067 -11.550
-60.100 -11.567
-60.117 -11.600
-60.117 -11.750
-60.100 -11.800
-60.100 -11.850
-60.083 -11.867
-60.067 -11.883
-60.000 -11.900
-59.983 -11.950
-59.967 -12.000
-59.967 -12.050
-59.900 -12.133
-59.900 -12.183
-59.883 -12.233
-59.833 -12.300
-59.783 -12.333
-59.817 -12.367
-59.833 -12.417
-59.850 -12.467
-59.900 -12.483
-59.933 -12.500
-59.967 -12.517
-60.000 -12.533
-60.033 -12.550
-60.050 -12.600
-60.083 -12.617
-60.067 -12.633
-60.100 -12.717
-60.083 -12.883
-60.150 -12.967
-60.200 -12.983
-60.217 -13.000
-60.217 -13.033
-60.217 -13.050
-60.267 -13.067
-60.283 -13.083
-60.283 -13.133
-60.300 -13.183
-60.317 -13.217
-60.333 -13.250
-60.333 -13.267
-60.350 -13.267
-60.367 -13.317
-60.367 -13.367
-60.383 -13.433
-60.433 -13.483
-60.483 -13.500
-60.517 -13.517
-60.583 -13.567
-60.617 -13.567
-60.667 -13.600
-60.683 -13.600
-60.700 -13.650
-60.717 -13.700
-60.650 -13.733
-60.617 -13.717
-60.617 -13.733
-60.600 -13.733
-60.583 -13.750
-60.550 -13.783
-60.533 -13.767
-60.517 -13.767
-60.517 -13.783
-60.483 -13.783
-60.467 -13.800
-60.483 -13.833
-60.467 -13.833
-60.483 -13.850
-60.450 -13.850
-60.483 -13.883
-60.467 -13.900
-60.450 -13.883
-60.450 -13.933
-60.400 -13.950
-60.433 -13.967
-60.400 -13.983
-60.383 -13.983
-60.384 -13.985
-60.400 -14.017
-60.450 -14.083
-60.483 -14.100
-60.483 -14.183
-60.450 -14.233
-60.467 -14.267
-60.450 -14.317
-60.417 -14.350
-60.400 -14.367
-60.400 -14.367
-60.400 -14.385
-60.383 -14.450
-60.383 -14.467
-60.367 -14.483
-60.367 -14.500
-60.350 -14.517
-60.333 -14.567
-60.317 -14.617
-60.283 -14.633
-60.273 -14.621
-60.267 -14.617
-60.267 -14.617
-60.267 -14.617
-60.233 -15.000
-60.233 -15.000
-60.234 -15.085
-60.234 -15.085
-60.575 -15.097
-60.575 -15.097
-60.239 -15.474
-60.239 -15.474
-60.196 -16.000
-60.173 -16.267
-60.000 -16.267
-58.500 -16.319
-58.500 -16.319
-58.417 -16.317
-58.417 -16.317
-58.400 -16.283
-58.383 -16.267
-58.350 -16.283
-58.317 -16.267
-58.300 -16.300
-58.300 -16.367
-58.317 -16.383
-58.333 -16.383
-58.333 -16.400
-58.350 -16.417
-58.333 -16.433
-58.317 -16.483
-58.333 -16.517
-58.417 -16.583
-58.450 -16.650
-58.467 -16.717
-58.450 -16.767
-58.467 -16.800
-58.450 -16.867
-58.450 -16.883
-58.467 -16.933
-58.433 -17.000
-58.417 -17.100
-58.383 -17.117
-58.383 -17.133
-58.383 -17.200
-58.283 -17.283
-58.250 -17.333
-58.217 -17.350
-58.133 -17.400
-58.050 -17.467
-58.017 -17.500
-57.967 -17.500
-57.967 -17.500
-57.817 -17.500
-57.817 -17.500
-57.750 -17.550
-57.733 -17.533
-57.700 -17.550
-57.700 -17.600
-57.683 -17.633
-57.667 -17.667
-57.683 -17.700
-57.650 -17.717
-57.633 -17.767
-57.617 -17.767
-57.600 -17.783
-57.517 -17.850
-57.500 -17.850
-57.483 -17.867
-57.467 -17.883
-57.467 -17.900
-57.417 -17.867
-57.367 -17.833
-57.300 -17.817
-57.200 -17.800
-57.100 -17.767
-57.050 -17.733
-57.033 -17.733
-57.017 -17.683
-56.983 -17.667
-56.950 -17.617
-56.967 -17.600
-56.950 -17.567
-56.933 -17.567
-56.933 -17.550
-56.900 -17.533
-56.867 -17.517
-56.850 -17.500
-56.850 -17.483
-56.833 -17.450
-56.817 -17.433
-56.833 -17.417
-56.817 -17.383
-56.783 -17.383
-56.750 -17.350
-56.750 -17.333
-56.700 -17.317
-56.650 -17.333
-56.633 -17.317
-56.617 -17.333
-56.600 -17.333
-56.567 -17.333
-56.567 -17.317
-56.533 -17.317
-56.500 -17.300
-56.433 -17.317
-56.383 -17.300
-56.367 -17.283
-56.333 -17.267
-56.317 -17.267
-56.283 -17.267
-56.283 -17.250
-56.233 -17.217
-56.200 -17.233
-56.183 -17.217
-56.150 -17.183
-56.133 -17.183
-56.133 -17.167
-56.100 -17.167
-56.067 -17.167
-56.050 -17.183
-56.033 -17.183
-56.017 -17.217
-56.000 -17.233
-55.983 -17.250
-55.950 -17.250
-55.933 -17.267
-55.883 -17.250
-55.883 -17.283
-55.817 -17.300
-55.800 -17.300
-55.783 -17.317
-55.717 -17.333
-55.650 -17.333
-55.617 -17.350
-55.600 -17.350
-55.583 -17.367
-55.583 -17.400
-55.500 -17.483
-55.467 -17.483
-55.450 -17.500
-55.367 -17.533
-55.350 -17.550
-55.317 -17.550
-55.267 -17.550
-55.200 -17.617
-55.150 -17.650
-55.117 -17.650
-55.100 -17.633
-55.083 -17.633
-55.050 -17.633
-55.017 -17.633
-54.983 -17.633
-54.950 -17.600
-54.900 -17.617
-54.867 -17.600
-54.850 -17.617
-54.833 -17.600
-54.800 -17.583
-54.783 -17.567
-54.750 -17.550
-54.750 -17.517
-54.717 -17.517
-54.700 -17.500
-54.667 -17.500
-54.617 -17.483
-54.583 -17.467
-54.550 -17.483
-54.517 -17.467
-54.483 -17.483
-54.467 -17.517
-54.433 -17.517
-54.383 -17.567
-54.383 -17.600
-54.383 -17.633
-54.350 -17.667
-54.300 -17.667
-54.250 -17.633
-54.183 -17.600
-54.133 -17.600
-54.083 -17.600
-54.067 -17.517
-54.083 -17.500
-54.050 -17.450
-54.000 -17.450
-53.967 -17.450
-53.900 -17.383
-53.833 -17.350
-53.833 -17.317
-53.783 -17.267
-53.750 -17.233
-53.700 -17.217
-53.700 -17.350
-53.700 -17.550
-53.800 -17.667
-53.867 -17.717
-53.900 -17.750
-53.917 -17.800
-53.967 -17.883
-53.933 -17.900
-53.883 -17.917
-53.850 -17.933
-53.817 -17.967
-53.717 -18.000
-53.700 -18.017
-53.667 -17.983
-53.633 -17.983
-53.583 -18.017
-53.550 -18.017
-53.483 -18.033
-53.450 -18.000
-53.400 -18.000
-53.333 -18.000
-53.250 -18.000
-53.183 -18.050
-53.083 -18.050
