-58.133  -7.350
-58.183  -7.317
-58.183  -7.183
-58.217  -7.133
-58.250  -7.083
-58.283  -7.067
-58.333  -7.000
-58.450  -6.900
-58.483  -6.817
-58.483  -6.700
-58.417  -6.583
-58.331  -6.544
-58.073  -6.000
-57.601  -5.000
-57.128  -4.000
-57.000  -3.728
-57.000  -3.728
-56.657  -3.000
-56.657  -3.000
-56.402  -2.456
-56.402  -2.456
-56.400  -2.450
-56.383  -2.367
-56.417  -2.367
-56.433  -2.350
-56.400  -2.283
-56.300  -2.250
-56.183  -2.167
-56.100  -2.033
-56.167  -2.000
-56.183  -2.033
-56.283  -2.083
-56.433  -2.167
-56.467  -2.183
-56.533  -2.167
-56.600  -2.200
-56.600  -2.217
-56.683  -2.217
-56.700  -2.200
-56.750  -2.183
-56.750  -2.183
-56.767  -2.183
-56.767  -2.150
-56.717  -2.100
-56.717  -2.050
-56.733  -2.033
-56.750  -2.033
-56.867  -2.017
-56.900  -1.983
-56.967  -1.950
-56.983  -1.917
-57.050  -1.917
-57.067  -1.833
-57.083  -1.817
-57.100  -1.783
-57.117  -1.800
-57.133  -1.767
-57.167  -1.767
-57.167  -1.733
-57.200  -1.750
-57.217  -1.733
-57.217  -1.717
-57.233  -1.750
-57.250  -1.733
-57.250  -1.717
-57.267  -1.717
-57.267  -1.733
-57.300  -1.717
-57.317  -1.750
-57.333  -1.750
-57.367  -1.733
-57.383  -1.733
-57.400  -1.733
-57.400  -1.700
-57.417  -1.683
-57.433  -1.700
-57.450  -1.700
-57.450  -1.683
-57.483  -1.683
-57.500  -1.667
-57.517  -1.650
-57.533  -1.650
-57.567  -1.633
-57.600  -1.600
-57.633  -1.583
-57.633  -1.600
-57.650  -1.583
-57.683  -1.600
-57.717  -1.583
-57.717  -1.517
-57.767  -1.533
-57.800  -1.500
-57.833  -1.450
-57.917  -1.450
-57.917  -1.433
-57.950  -1.433
-57.950  -1.400
-57.967  -1.383
-57.967  -1.367
-58.000  -1.367
-58.000  -1.350
-58.000  -1.333
-58.000  -1.317
-57.967  -1.233
-57.967  -1.183
-57.983  -1.183
-58.000  -1.150
-58.017  -1.150
-58.050  -1.117
-58.067  -1.133
-58.083  -1.150
-58.100  -1.183
-58.133  -1.183
-58.133  -1.217
-58.150  -1.233
-58.150  -1.250
-58.233  -1.183
-58.250  -1.167
-58.267  -1.150
-58.300  -1.167
-58.367  -1.100
-58.433  -1.067
-58.433  -1.017
-58.417  -1.000
-58.450   -.950
-58.450   -.933
-58.433   -.917
-58.467   -.900
-58.433   -.900
-58.483   -.867
-58.483   -.883
-58.500   -.867
-58.500   -.850
-58.517   -.850
-58.533   -.850
-58.550   -.833
-58.567   -.817
-58.583   -.800
-58.583   -.783
-58.617   -.783
-58.633   -.750
-58.667   -.750
-58.717   -.667
-58.733   -.633
-58.717   -.600
-58.717   -.567
-58.717   -.550
-58.733   -.517
-58.733   -.483
-58.733   -.450
-58.750   -.433
-58.783   -.417
-58.800   -.400
-58.817   -.400
-58.833   -.383
-58.867   -.367
-58.867   -.317
-58.900   -.250
-58.883   -.200
-58.917   -.133
-58.895   -.008
-58.883    .000
-58.883    .250
-58.883    .250
-60.000    .250
-60.033    .250
-60.050    .217
-60.100    .133
-60.133    .117
-60.133    .050
-60.150   -.000
-60.200   -.033
-60.250   -.117
-60.233   -.150
-60.317   -.267
-60.300   -.283
-60.367   -.417
-60.367   -.450
-60.400   -.517
-60.383   -.567
-60.383   -.583
-60.367   -.583
-60.367   -.617
-60.333   -.633
-60.300   -.700
-60.317   -.717
-60.367   -.733
-60.433   -.767
-60.483   -.767
-60.483   -.783
-60.500   -.800
-60.500   -.817
-60.533   -.867
-60.583   -.850
-60.600   -.850
-60.600   -.850
-60.667   -.883
-60.683   -.867
-60.733   -.850
-60.767   -.867
-60.767   -.800
-60.783   -.767
-60.817   -.733
-60.800   -.700
-60.850   -.683
-60.867   -.650
-60.917   -.617
-60.933   -.567
-60.933   -.550
-61.017   -.567
-61.067   -.550
-61.083   -.517
-61.150   -.500
-61.167   -.517
-61.200   -.500
-61.233   -.500
-61.217   -.517
-61.217   -.533
-61.233   -.567
-61.283   -.583
-61.333   -.600
-61.367   -.600
-61.400   -.633
-61.400   -.650
-61.483   -.717
-61.517   -.750
-61.533   -.767
-61.550   -.850
-61.583   -.933
-61.583   -.967
-61.583   -.983
-61.550   -.983
-61.550  -1.017
-61.550  -1.050
-61.567  -1.083
-61.567  -1.100
-61.567  -1.117
-61.567  -1.150
-61.617  -1.317
-61.583  -1.333
-61.583  -1.350
-61.600  -1.367
-61.600  -1.400
-61.600  -1.400
-61.533  -1.450
-61.500  -1.500
-61.467  -1.533
-61.475  -1.586
-61.550  -1.467
-61.750  -1.383
-61.783  -1.383
-61.817  -1.400
-61.883  -1.400
-61.900  -1.383
-61.917  -1.350
-61.933  -1.283
-61.950  -1.250
-61.983  -1.217
-61.983  -1.183
-62.067  -1.100
-62.100  -1.083
-62.200  -1.000
-62.250   -.967
-62.317   -.917
-62.333   -.900
-62.400   -.833
-62.500   -.767
-62.500   -.750
-62.500   -.717
-62.483   -.683
-62.450   -.683
-62.400   -.717
-62.367   -.700
-62.367   -.683
-62.367   -.667
-62.333   -.667
-62.333   -.650
-62.300   -.650
-62.300   -.617
-62.317   -.600
-62.300   -.583
-62.317   -.533
-62.317   -.517
-62.333   -.483
-62.350   -.483
-62.350   -.450
-62.367   -.450
-62.350   -.433
-62.383   -.350
-62.367   -.333
-62.367   -.317
-62.383   -.300
-62.433   -.283
-62.450   -.250
-62.467   -.233
-62.467   -.183
-62.500   -.117
-62.517   -.117
-62.533   -.083
-62.550   -.083
-62.550   -.067
-62.550   -.033
-62.567   -.017
-62.550    .000
-62.550    .050
-62.517    .083
-62.550    .150
-62.567    .167
-62.567    .200
-62.567    .233
-62.567    .267
-62.517    .300
-62.517    .350
-62.533    .383
-62.517    .417
-62.483    .467
-62.483    .517
-62.533    .617
-62.533    .750
-62.467    .767
-62.433    .800
-62.433    .817
-62.450    .867
-62.500    .917
-62.517   1.017
-62.567   1.183
-62.600   1.317
-62.600   1.350
-62.617   1.367
-62.633   1.433
-62.700   1.467
-62.750   1.550
-62.783   1.583
-62.767   1.650
-62.700   1.700
-62.683   1.767
-62.683   1.883
-62.683   1.933
-62.833   2.000
-62.900   2.017
-62.933   2.000
-63.000   2.000
-63.033   2.017
-63.100   2.083
-63.117   2.167
-63.167   2.183
-63.250   2.133
-63.333   2.183
-63.367   2.233
-63.379   2.218
-63.385   2.184
-63.383   2.183
-63.383   2.133
-63.417   2.117
-63.467   2.133
-63.500   2.100
-63.533   2.117
-63.567   2.117
-63.617   2.100
-63.633   2.067
-63.650   2.033
-63.667   2.017
-63.683   2.033
-63.717   2.017
-63.767   1.983
-63.733   1.983
-63.767   1.967
-63.817   1.983
-63.817   1.983
-63.833   1.967
-63.883   1.983
-63.883   1.983
-63.933   1.983
-63.967   1.983
-64.000   1.950
-64.050   1.917
-64.050   1.867
-64.050   1.800
-64.067   1.750
-64.050   1.700
-64.067   1.650
-64.083   1.617
-64.117   1.567
-64.167   1.550
-64.200   1.500
-64.217   1.500
-64.267   1.467
-64.300   1.433
-64.317   1.383
-64.333   1.350
-64.367   1.383
-64.383   1.417
-64.367   1.450
-64.333   1.500
-64.400   1.500
-64.467   1.467
-64.517   1.433
-64.550   1.383
-64.567   1.333
-64.617   1.317
-64.683   1.283
-64.717   1.233
-64.767   1.233
-64.767   1.283
-64.833   1.267
-64.867   1.217
-64.917   1.200
-64.950   1.200
-64.967   1.167
-65.000   1.117
-65.017   1.100
-65.050   1.133
-65.117   1.133
-65.150   1.083
-65.150   1.033
-65.150   1.000
-65.150   0.967
-65.183   0.917
-65.200   0.917
-65.250   0.917
-65.283   0.933
-65.317   0.917
-65.350   0.883
-65.367   0.850
-65.383   0.833
-65.400   0.800
-65.383   0.750
-65.400   0.733
-65.417   0.700
-65.467   0.683
-65.517   0.667
-65.533   0.633
-65.550   0.667
-65.567   0.683
-65.583   0.717
-65.583   0.733
-65.567   0.750
-65.533   0.783
-65.517   0.817
-65.500   0.850
-65.500   0.867
-65.500   0.900
-65.517   0.933
-65.533   0.967
-65.550   0.983
-65.567   0.983
-65.600   1.000
-65.617   0.983
-65.650   1.000
-65.667   0.983
-65.700   1.000
-65.733   1.000
-65.750   0.967
-65.783   0.950
-65.817   0.933
-65.867   0.933
-65.867   0.933
-65.883   0.900
-65.933   0.850
-65.967   0.800
-65.983   0.800
-65.983   0.800
-66.000   0.800
-66.000   0.800
-66.000   0.783
-66.050   0.800
-66.083   0.750
-66.083   0.750
-66.134   0.733
-66.134   0.733
-66.150   0.750
-66.150   0.750
-66.200   0.767
-66.200   0.767
-66.300   0.733
-66.300   0.733
-66.300   0.733
-66.301   0.733
-66.317   0.750
-66.317   0.750
-66.597   1.000
-66.597   1.000
-66.833   1.217
-66.833   1.217
-66.833   1.217
-66.833   1.217
-66.833   1.217
-67.083   1.167
-67.083   1.167
-67.083   1.283
-67.083   1.317
-67.067   1.433
-67.067   1.617
-67.083   1.683
-67.100   1.767
-67.150   1.833
-67.167   1.850
-67.267   1.867
-67.283   1.883
-67.317   2.000
-67.333   2.100
-67.350   2.217
-67.367   2.233
-67.417   2.250
-67.433   2.233
-67.467   2.183
-67.517   2.167
-67.583   2.083
-67.600   2.017
-67.633   2.017
-67.667   2.017
-67.717   2.033
-67.767   2.033
-67.767   2.017
-67.783   2.000
-67.833   1.950
-67.850   1.900
-67.900   1.883
-67.917   1.833
-67.950   1.817
-68.000   1.850
-68.050   1.883
-68.083   1.883
-68.100   1.933
-68.150   1.983
-68.167   2.017
-68.183   2.033
-68.183   2.033
-68.200   2.000
-68.200   1.967
-68.217   1.933
-68.233   1.933
-68.250   1.917
-68.267   1.850
-68.217   1.817
-68.217   1.800
-68.217   1.783
-68.183   1.783
-68.167   1.767
-68.167   1.750
-68.150   1.718
-68.150   1.718
-69.000   1.717
-69.000   1.717
-69.383   1.717
-69.383   1.717
-69.433   1.767
-69.483   1.767
-69.533   1.783
-69.567   1.783
-69.650   1.733
-69.700   1.733
-69.733   1.733
-69.783   1.700
-69.833   1.700
-69.833   1.700
-69.833   1.700
-69.833   1.068
-69.833   1.068
-69.833   1.083
-69.817   1.067
-69.767   1.117
-69.717   1.117
-69.700   1.133
-69.700   1.100
-69.700   1.083
-69.683   1.083
-69.600   1.100
-69.567   1.083
-69.450   1.083
-69.417   1.050
-69.400   1.050
-69.367   1.100
-69.300   1.067
-69.267   1.050
-69.250   1.050
-69.200   1.000
-69.217   0.983
-69.200   0.967
-69.150   0.950
-69.183   0.933
-69.183   0.900
-69.133   0.883
-69.133   0.867
-69.167   0.833
-69.150   0.783
-69.167   0.767
-69.183   0.733
-69.117   0.650
-69.117   0.633
-69.200   0.650
-69.200   0.600
-69.300   0.600
-69.283   0.633
-69.283   0.633
-69.300   0.650
-69.317   0.633
-69.333   0.633
-69.350   0.617
-69.433   0.683
-69.433   0.700
-69.483   0.733
-69.517   0.700
-69.533   0.683
-69.550   0.683
-69.583   0.667
-69.600   0.633
-69.650   0.650
-69.650   0.667
-69.683   0.667
-69.700   0.650
-69.717   0.650
-69.717   0.633
-69.750   0.617
-69.800   0.567
-69.833   0.583
-69.867   0.567
-69.917   0.583
-69.933   0.550
-69.950   0.550
-69.983   0.567
-69.983   0.533
-70.017   0.533
-70.033   0.551
-70.044   0.000
-70.044  -0.000
-70.044  -0.108
-70.044  -0.108
-70.050  -0.117
-70.050  -0.133
-70.067  -0.183
-70.000  -0.250
-69.967  -0.300
-69.917  -0.350
-69.850  -0.350
-69.833  -0.383
-69.767  -0.433
-69.717  -0.467
-69.667  -0.483
-69.633  -0.517
-69.600  -0.550
-69.600  -0.600
-69.567  -0.650
-69.583  -0.683
-69.633  -0.750
-69.583  -0.800
-69.567  -0.850
-69.533  -0.867
-69.533  -0.917
-69.517  -0.933
-69.483  -0.950
-69.467  -1.000
-69.433  -1.000
-69.433  -1.033
-69.417  -1.050
-69.417  -1.067
-69.417  -1.083
-69.400  -1.133
-69.417  -1.167
-69.417  -1.183
-69.433  -1.250
-69.417  -1.283
-69.417  -1.350
-69.417  -1.367
-69.417  -1.367
-69.433  -1.400
-69.450  -1.433
-69.450  -1.450
-69.450  -1.483
-69.450  -1.517
-69.433  -1.517
-69.450  -1.533
-69.450  -1.533
-69.534  -2.000
-69.534  -2.000
-69.715  -3.000
-69.715  -3.000
-69.883  -4.000
-69.919  -4.130
-69.935  -4.219
-69.933  -4.217
-69.933  -4.217
-69.943  -4.225
-69.942  -4.227
-69.942  -4.227
-69.950  -4.267
-69.983  -4.333
-70.000  -4.333
-70.033  -4.350
-70.033  -4.350
-70.050  -4.333
-70.083  -4.317
-70.050  -4.300
-70.100  -4.283
-70.117  -4.250
-70.117  -4.283
-70.150  -4.283
-70.183  -4.300
-70.167  -4.317
-70.167  -4.333
-70.183  -4.333
-70.183  -4.367
-70.200  -4.367
-70.217  -4.333
-70.217  -4.317
-70.267  -4.317
-70.250  -4.283
-70.267  -4.283
-70.300  -4.300
-70.300  -4.283
-70.317  -4.267
-70.317  -4.250
-70.283  -4.233
-70.300  -4.183
-70.300  -4.167
-70.317  -4.167
-70.333  -4.150
-70.333  -4.183
-70.350  -4.183
-70.367  -4.167
-70.383  -4.133
-70.400  -4.150
-70.433  -4.133
-70.450  -4.150
-70.450  -4.167
-70.467  -4.183
-70.483  -4.167
-70.500  -4.167
-70.500  -4.200
-70.517  -4.200
-70.517  -4.150
-70.550  -4.150
-70.567  -4.183
-70.567  -4.200
-70.567  -4.217
-70.583  -4.183
-70.633  -4.200
-70.650  -4.183
-70.633  -4.150
-70.633  -4.133
-70.650  -4.133
-70.667  -4.167
-70.667  -4.150
-70.683  -4.217
-70.700  -4.200
-70.717  -4.200
-70.733  -4.183
-70.750  -4.167
-70.767  -4.167
-70.800  -4.200
-70.850  -4.233
-70.817  -4.233
-70.833  -4.250
-70.867  -4.250
-70.867  -4.267
-70.850  -4.283
-70.883  -4.300
-70.883  -4.333
-70.900  -4.333
-70.900  -4.350
-70.917  -4.367
-70.933  -4.367
-70.933  -4.383
-70.967  -4.383
-70.983  -4.350
-71.000  -4.350
-70.983  -4.383
-71.017  -4.383
-71.033  -4.400
-71.050  -4.400
-71.050  -4.367
-71.067  -4.400
-71.083  -4.400
-71.083  -4.383
-71.100  -4.383
-71.117  -4.417
-71.133  -4.400
-71.150  -4.383
-71.167  -4.400
-71.183  -4.400
-71.200  -4.433
-71.200  -4.383
-71.217  -4.400
-71.233  -4.383
-71.283  -4.383
-71.267  -4.433
-71.283  -4.450
-71.317  -4.417
-71.300  -4.467
-71.317  -4.467
-71.317  -4.450
-71.333  -4.450
-71.333  -4.483
-71.367  -4.467
-71.350  -4.433
-71.400  -4.433
-71.417  -4.467
-71.433  -4.467
-71.417  -4.433
-71.433  -4.433
-71.450  -4.450
-71.450  -4.433
-71.467  -4.433
-71.483  -4.450
-71.517  -4.450
-71.500  -4.483
-71.517  -4.467
-71.533  -4.467
-71.550  -4.483
-71.583  -4.517
-71.600  -4.533
-71.617  -4.533
-71.633  -4.517
-71.617  -4.483
-71.617  -4.467
-71.633  -4.483
-71.633  -4.500
-71.650  -4.500
-71.650  -4.467
-71.667  -4.500
-71.683  -4.500
-71.717  -4.517
-71.750  -4.467
-71.750  -4.500
-71.767  -4.500
-71.767  -4.483
-71.783  -4.483
-71.800  -4.500
-71.833  -4.517
-71.900  -4.517
-71.900  -4.533
-71.917  -4.533
-71.917  -4.550
-71.950  -4.583
-71.950  -4.600
-71.967  -4.617
-71.983  -4.600
-72.000  -4.617
-72.017  -4.633
-72.033  -4.617
-72.050  -4.650
-72.067  -4.650
-72.067  -4.667
-72.083  -4.667
-72.083  -4.683
-72.083  -4.700
-72.100  -4.717
-72.117  -4.717
-72.150  -4.733
-72.150  -4.717
-72.167  -4.750
-72.200  -4.750
-72.217  -4.767
-72.233  -4.767
-72.233  -4.783
-72.250  -4.783
-72.267  -4.767
-72.267  -4.783
-72.283  -4.783
-72.317  -4.783
-72.333  -4.783
-72.350  -4.817
-72.383  -4.817
-72.383  -4.817
-72.383  -4.833
-72.400  -4.833
-72.400  -4.867
-72.417  -4.867
-72.417  -4.883
-72.433  -4.883
-72.433  -4.900
-72.450  -4.900
-72.467  -4.917
-72.483  -4.933
-72.483  -4.967
-72.500  -4.950
-72.517  -4.950
-72.533  -4.950
-72.533  -4.967
-72.550  -4.967
-72.600  -5.000
-72.600  -5.000
-72.633  -5.050
-72.650  -5.050
-72.650  -5.067
-72.683  -5.050
-72.733  -5.067
-72.750  -5.083
-72.767  -5.083
-72.767  -5.100
-72.783  -5.100
-72.800  -5.117
-72.817  -5.100
-72.833  -5.133
-72.867  -5.150
-72.883  -5.183
-72.883  -5.250
-72.867  -5.267
-72.867  -5.283
-72.883  -5.333
-72.917  -5.383
-72.950  -5.433
-72.967  -5.483
-72.967  -5.533
-72.967  -5.550
-72.967  -5.567
-72.967  -5.583
-72.967  -5.600
-72.967  -5.667
-72.983  -5.683
-72.983  -5.700
-73.000  -5.700
-73.017  -5.733
-73.067  -5.767
-73.067  -5.783
-73.100  -5.817
-73.133  -5.850
-73.167  -5.883
-73.167  -5.900
-73.183  -5.950
-73.183  -5.983
-73.233  -6.033
-73.233  -6.050
-73.233  -6.067
-73.233  -6.083
-73.250  -6.117
-73.250  -6.167
-73.217  -6.183
-73.217  -6.200
-73.217  -6.217
-73.200  -6.250
-73.167  -6.283
-73.167  -6.317
-73.150  -6.350
-73.100  -6.417
-73.117  -6.433
-73.133  -6.450
-73.133  -6.467
-73.133  -6.467
-73.150  -6.500
-73.150  -6.517
-73.167  -6.517
-73.183  -6.533
-73.217  -6.583
-73.250  -6.583
-73.267  -6.583
-73.350  -6.600
-73.383  -6.617
-73.400  -6.633
-73.433  -6.650
-73.467  -6.667
-73.500  -6.683
-73.533  -6.683
-73.567  -6.717
-73.633  -6.750
-73.683  -6.817
-73.700  -6.850
-73.750  -6.900
-73.767  -6.933
-73.750  -6.967
-73.733  -7.000
-73.750  -7.050
-73.783  -7.067
-73.800  -7.100
-73.500  -7.239
-72.617  -7.583
-72.000  -7.740
-72.000  -7.749
-70.950  -8.000
-70.957  -8.000
-70.500  -8.109
-70.367  -8.140
-69.000  -8.848
-68.704  -9.000
-68.614  -9.046
-67.500  -9.529
-66.810  -9.826
-66.800  -9.826
-66.800  -9.800
-66.783  -9.750
-66.717  -9.750
-66.700  -9.733
-66.667  -9.717
-66.617  -9.667
-66.583  -9.667
-66.533  -9.650
-66.500  -9.633
-66.500  -9.600
-66.483  -9.583
-66.433  -9.550
-66.417  -9.517
-66.383  -9.483
-66.417  -9.450
-66.417  -9.400
-66.383  -9.433
-66.333  -9.417
-66.333  -9.433
-66.300  -9.450
-66.283  -9.400
-66.267  -9.417
-66.250  -9.433
-66.217  -9.433
-66.183  -9.433
-66.117  -9.400
-66.067  -9.417
-66.000  -9.383
-65.983  -9.400
-65.917  -9.450
-65.917  -9.483
-65.850  -9.500
-65.833  -9.517
-65.817  -9.533
-65.817  -9.550
-65.800  -9.583
-65.767  -9.583
-65.750  -9.550
-65.717  -9.550
-65.717  -9.533
-65.683  -9.517
-65.667  -9.467
-65.633  -9.433
-65.617  -9.417
-65.550  -9.417
-65.517  -9.467
-65.500  -9.483
-65.483  -9.483
-65.467  -9.467
-65.450  -9.467
-65.450  -9.417
-65.433  -9.383
-65.383  -9.367
-65.383  -9.333
-65.350  -9.317
-65.283  -9.283
-65.233  -9.250
-65.217  -9.283
-65.217  -9.317
-65.183  -9.317
-65.183  -9.433
-65.100  -9.467
-65.067  -9.417
-65.033  -9.400
-65.033  -9.367
-65.017  -9.333
-64.983  -9.333
-65.000  -9.317
-64.967  -9.283
-64.917  -9.233
-64.917  -9.183
-64.950  -9.150
-64.933  -9.117
-64.917  -9.100
-64.900  -9.067
-64.867  -9.000
-64.767  -8.967
-64.750  -9.000
-64.700  -9.033
-64.633  -9.033
-64.583  -9.017
-64.567  -8.983
-64.533  -8.967
-64.517  -8.983
-64.483  -8.950
-64.433  -8.983
-64.417  -8.967
-64.417  -8.950
-64.333  -8.950
-64.250  -8.933
-64.217  -8.950
-64.183  -8.950
-64.167  -8.967
-64.117  -8.917
-64.150  -8.900
-64.133  -8.867
-64.150  -8.850
-64.117  -8.817
-64.150  -8.767
-64.133  -8.750
-64.150  -8.717
-64.117  -8.683
-64.117  -8.717
-64.083  -8.733
-64.050  -8.700
-64.017  -8.683
-64.000  -8.650
-63.950  -8.617
-63.933  -8.567
-63.917  -8.533
-63.933  -8.517
-63.983  -8.500
-64.000  -8.433
-63.950  -8.383
-63.950  -8.333
-63.867  -8.300
-63.783  -8.300
-63.750  -8.283
-63.733  -8.250
-63.750  -8.217
-63.733  -8.200
-63.683  -8.167
-63.667  -8.183
-63.650  -8.150
-63.583  -8.167
-63.583  -8.117
-63.600  -8.067
-63.617  -8.000
-63.621  -8.000
-63.620  -7.975
-62.867  -7.975
-62.833  -8.000
-62.800  -8.033
-62.767  -8.033
-62.733  -8.067
-62.717  -8.083
-62.683  -8.100
-62.683  -8.133
-62.667  -8.150
-62.683  -8.183
-62.583  -8.267
-62.567  -8.267
-62.550  -8.300
-62.550  -8.350
-62.517  -8.367
-62.483  -8.350
-62.450  -8.350
-62.367  -8.417
-62.367  -8.467
-62.350  -8.467
-62.367  -8.500
-62.333  -8.533
-62.333  -8.583
-62.317  -8.600
-62.200  -8.600
-62.183  -8.617
-62.200  -8.650
-62.183  -8.667
-62.167  -8.750
-62.133  -8.800
-62.033  -8.800
-62.017  -8.833
-62.000  -8.850
-61.983  -8.883
-61.933  -8.883
-61.883  -8.867
-61.867  -8.850
-61.867  -8.783
-61.833  -8.733
-61.800  -8.750
-61.767  -8.750
-61.750  -8.700
-61.717  -8.700
-61.683  -8.717
-61.617  -8.733
-61.600  -8.750
-61.617  -8.783
-61.567  -8.783
-61.567  -8.800
-61.500  -8.800
-60.000  -8.800
-58.500  -8.800
-58.446  -8.800
-58.367  -8.750
-58.333  -8.717
-58.333  -8.700
-58.350  -8.683
-58.417  -8.717
-58.450  -8.700
-58.400  -8.583
-58.417  -8.567
-58.400  -8.550
-58.417  -8.483
-58.350  -8.383
-58.350  -8.350
-58.333  -8.317
-58.317  -8.150
-58.283  -8.133
-58.300  -8.067
-58.317  -8.000
-58.383  -7.917
-58.383  -7.833
-58.317  -7.783
-58.283  -7.750
-58.283  -7.700
-58.250  -7.683
-58.217  -7.617
-58.233  -7.517
-58.200  -7.417
-58.133  -7.350
