-66.810  -9.826
-66.800  -9.826
-66.800  -9.800
-66.783  -9.750
-66.717  -9.750
-66.700  -9.733
-66.667  -9.717
-66.617  -9.667
-66.583  -9.667
-66.533  -9.650
-66.500  -9.633
-66.500  -9.600
-66.483  -9.583
-66.433  -9.550
-66.417  -9.517
-66.383  -9.483
-66.417  -9.450
-66.417  -9.400
-66.383  -9.433
-66.333  -9.417
-66.333  -9.433
-66.300  -9.450
-66.283  -9.400
-66.267  -9.417
-66.250  -9.433
-66.217  -9.433
-66.183  -9.433
-66.117  -9.400
-66.067  -9.417
-66.000  -9.383
-65.983  -9.400
-65.917  -9.450
-65.917  -9.483
-65.850  -9.500
-65.833  -9.517
-65.817  -9.533
-65.817  -9.550
-65.800  -9.583
-65.767  -9.583
-65.750  -9.550
-65.717  -9.550
-65.717  -9.533
-65.683  -9.517
-65.667  -9.467
-65.633  -9.433
-65.617  -9.417
-65.550  -9.417
-65.517  -9.467
-65.500  -9.483
-65.483  -9.483
-65.467  -9.467
-65.450  -9.467
-65.450  -9.417
-65.433  -9.383
-65.383  -9.367
-65.383  -9.333
-65.350  -9.317
-65.283  -9.283
-65.233  -9.250
-65.217  -9.283
-65.217  -9.317
-65.183  -9.317
-65.183  -9.433
-65.100  -9.467
-65.067  -9.417
-65.033  -9.400
-65.033  -9.367
-65.017  -9.333
-64.983  -9.333
-65.000  -9.317
-64.967  -9.283
-64.917  -9.233
-64.917  -9.183
-64.950  -9.150
-64.933  -9.117
-64.917  -9.100
-64.900  -9.067
-64.867  -9.000
-64.767  -8.967
-64.750  -9.000
-64.700  -9.033
-64.633  -9.033
-64.583  -9.017
-64.567  -8.983
-64.533  -8.967
-64.517  -8.983
-64.483  -8.950
-64.433  -8.983
-64.417  -8.967
-64.417  -8.950
-64.333  -8.950
-64.250  -8.933
-64.217  -8.950
-64.183  -8.950
-64.167  -8.967
-64.117  -8.917
-64.150  -8.900
-64.133  -8.867
-64.150  -8.850
-64.117  -8.817
-64.150  -8.767
-64.133  -8.750
-64.150  -8.717
-64.117  -8.683
-64.117  -8.717
-64.083  -8.733
-64.050  -8.700
-64.017  -8.683
-64.000  -8.650
-63.950  -8.617
-63.933  -8.567
-63.917  -8.533
-63.933  -8.517
-63.983  -8.500
-64.000  -8.433
-63.950  -8.383
-63.950  -8.333
-63.867  -8.300
-63.783  -8.300
-63.750  -8.283
-63.733  -8.250
-63.750  -8.217
-63.733  -8.200
-63.683  -8.167
-63.667  -8.183
-63.650  -8.150
-63.583  -8.167
-63.583  -8.117
-63.600  -8.067
-63.617  -8.000
-63.621  -8.000
-63.620  -7.975
-62.867  -7.975
-62.833  -8.000
-62.800  -8.033
-62.767  -8.033
-62.733  -8.067
-62.717  -8.083
-62.683  -8.100
-62.683  -8.133
-62.667  -8.150
-62.683  -8.183
-62.583  -8.267
-62.567  -8.267
-62.550  -8.300
-62.550  -8.350
-62.517  -8.367
-62.483  -8.350
-62.450  -8.350
-62.367  -8.417
-62.367  -8.467
-62.350  -8.467
-62.367  -8.500
-62.333  -8.533
-62.333  -8.583
-62.317  -8.600
-62.200  -8.600
-62.183  -8.617
-62.200  -8.650
-62.183  -8.667
-62.167  -8.750
-62.133  -8.800
-62.033  -8.800
-62.017  -8.833
-62.000  -8.850
-61.983  -8.883
-61.933  -8.883
-61.883  -8.867
-61.867  -8.850
-61.867  -8.783
-61.833  -8.733
-61.800  -8.750
-61.767  -8.750
-61.750  -8.700
-61.717  -8.700
-61.683  -8.717
-61.617  -8.733
-61.600  -8.750
-61.617  -8.783
-61.567  -8.783
-61.517  -8.833
-61.483  -8.900
-61.483  -8.917
-61.500  -8.950
-61.517  -9.000
-61.550  -9.067
-61.567  -9.100
-61.567  -9.133
-61.550  -9.150
-61.533  -9.183
-61.517  -9.200
-61.533  -9.250
-61.583  -9.233
-61.600  -9.250
-61.600  -9.283
-61.617  -9.317
-61.617  -9.333
-61.600  -9.367
-61.550  -9.400
-61.550  -9.433
-61.567  -9.467
-61.550  -9.500
-61.533  -9.550
-61.517  -9.567
-61.517  -9.583
-61.500  -9.600
-61.500  -9.633
-61.483  -9.633
-61.483  -9.650
-61.500  -9.650
-61.500  -9.667
-61.517  -9.700
-61.517  -9.733
-61.567  -9.717
-61.583  -9.717
-61.567  -9.733
-61.533  -9.767
-61.533  -9.817
-61.517  -9.867
-61.517  -9.883
-61.550  -9.950
-61.533  -9.967
-61.533 -10.000
-61.550 -10.033
-61.583 -10.050
-61.583 -10.067
-61.583 -10.083
-61.600 -10.150
-61.601 -10.151
-61.567 -10.167
-61.567 -10.217
-61.583 -10.250
-61.550 -10.333
-61.517 -10.350
-61.467 -10.433
-61.483 -10.500
-61.483 -10.550
-61.500 -10.583
-61.500 -10.633
-61.517 -10.700
-61.483 -10.717
-61.467 -10.750
-61.483 -10.800
-61.500 -10.800
-61.517 -10.767
-61.517 -10.783
-61.517 -10.933
-61.533 -10.933
-61.533 -10.967
-61.550 -10.983
-61.533 -10.983
-61.500 -10.983
-60.450 -10.983
-60.450 -10.983
-60.450 -11.017
-60.433 -11.017
-60.433 -11.033
-60.417 -11.033
-60.400 -11.083
-60.350 -11.100
-60.350 -11.083
-60.300 -11.050
-60.283 -11.067
-60.283 -11.083
-60.267 -11.100
-60.233 -11.100
-60.183 -11.117
-60.183 -11.100
-60.167 -11.100
-60.100 -11.100
-60.083 -11.100
-60.067 -11.117
-60.050 -11.117
-60.033 -11.133
-60.000 -11.117
-59.950 -11.117
-59.983 -11.167
-59.950 -11.217
-59.967 -11.233
-59.950 -11.300
-59.917 -11.350
-59.917 -11.417
-60.000 -11.467
-60.050 -11.517
-60.067 -11.550
-60.100 -11.567
-60.117 -11.600
-60.117 -11.750
-60.100 -11.800
-60.100 -11.850
-60.083 -11.867
-60.067 -11.883
-60.000 -11.900
-59.983 -11.950
-59.967 -12.000
-59.967 -12.050
-59.900 -12.133
-59.900 -12.183
-59.883 -12.233
-59.833 -12.300
-59.783 -12.333
-59.817 -12.367
-59.833 -12.417
-59.850 -12.467
-59.900 -12.483
-59.933 -12.500
-59.967 -12.517
-60.000 -12.533
-60.033 -12.550
-60.050 -12.600
-60.083 -12.617
-60.067 -12.633
-60.100 -12.717
-60.083 -12.883
-60.150 -12.967
-60.200 -12.983
-60.217 -13.000
-60.217 -13.033
-60.217 -13.050
-60.267 -13.067
-60.283 -13.083
-60.283 -13.133
-60.300 -13.183
-60.317 -13.217
-60.333 -13.250
-60.333 -13.267
-60.350 -13.267
-60.367 -13.317
-60.367 -13.367
-60.383 -13.433
-60.433 -13.483
-60.483 -13.500
-60.517 -13.517
-60.583 -13.567
-60.617 -13.567
-60.667 -13.600
-60.683 -13.600
-60.700 -13.650
-60.717 -13.700
-60.717 -13.700
-60.733 -13.683
-60.767 -13.683
-60.767 -13.667
-60.800 -13.650
-60.817 -13.650
-60.817 -13.633
-60.850 -13.633
-60.883 -13.617
-60.900 -13.600
-60.900 -13.583
-60.917 -13.567
-60.917 -13.533
-60.950 -13.550
-60.967 -13.533
-60.983 -13.533
-61.000 -13.567
-61.017 -13.533
-61.000 -13.517
-61.017 -13.517
-61.000 -13.500
-61.050 -13.483
-61.050 -13.500
-61.033 -13.500
-61.067 -13.517
-61.083 -13.500
-61.100 -13.500
-61.100 -13.533
-61.133 -13.517
-61.150 -13.533
-61.167 -13.517
-61.183 -13.517
-61.183 -13.533
-61.250 -13.533
-61.250 -13.500
-61.283 -13.500
-61.300 -13.483
-61.300 -13.500
-61.333 -13.500
-61.350 -13.517
-61.383 -13.517
-61.400 -13.533
-61.467 -13.550
-61.517 -13.550
-61.533 -13.517
-61.567 -13.517
-61.567 -13.500
-61.583 -13.483
-61.583 -13.500
-61.600 -13.500
-61.617 -13.517
-61.617 -13.483
-61.633 -13.517
-61.650 -13.517
-61.683 -13.500
-61.700 -13.517
-61.717 -13.517
-61.750 -13.533
-61.767 -13.533
-61.783 -13.517
-61.783 -13.533
-61.817 -13.533
-61.850 -13.533
-61.850 -13.533
-61.867 -13.517
-61.883 -13.433
-61.917 -13.433
-61.933 -13.400
-61.950 -13.400
-61.967 -13.383
-61.983 -13.367
-62.017 -13.350
-62.017 -13.333
-62.050 -13.333
-62.050 -13.300
-62.083 -13.283
-62.100 -13.267
-62.117 -13.183
-62.117 -13.150
-62.133 -13.150
-62.133 -13.167
-62.150 -13.167
-62.150 -13.133
-62.167 -13.117
-62.183 -13.150
-62.200 -13.117
-62.233 -13.117
-62.250 -13.150
-62.283 -13.150
-62.300 -13.150
-62.367 -13.133
-62.400 -13.133
-62.433 -13.100
-62.433 -13.083
-62.450 -13.083
-62.450 -13.067
-62.483 -13.067
-62.483 -13.083
-62.500 -13.083
-62.517 -13.067
-62.550 -13.083
-62.600 -13.050
-62.600 -13.017
-62.633 -13.017
-62.633 -13.000
-62.650 -12.967
-62.667 -12.983
-62.683 -12.983
-62.683 -13.000
-62.717 -13.000
-62.717 -13.017
-62.733 -13.017
-62.733 -13.000
-62.750 -13.017
-62.800 -13.000
-62.783 -12.983
-62.800 -12.950
-62.817 -12.933
-62.833 -12.950
-62.850 -12.933
-62.867 -12.900
-62.883 -12.883
-62.900 -12.850
-62.950 -12.850
-62.967 -12.867
-62.983 -12.850
-63.000 -12.833
-63.017 -12.800
-63.050 -12.733
-63.067 -12.733
-63.083 -12.717
-63.067 -12.683
-63.100 -12.683
-63.100 -12.667
-63.133 -12.650
-63.150 -12.617
-63.167 -12.617
-63.167 -12.650
-63.200 -12.617
-63.200 -12.650
-63.217 -12.667
-63.233 -12.667
-63.233 -12.683
-63.250 -12.700
-63.333 -12.667
-63.367 -12.667
-63.417 -12.617
-63.433 -12.617
-63.433 -12.583
-63.467 -12.567
-63.500 -12.567
-63.517 -12.550
-63.550 -12.517
-63.567 -12.500
-63.617 -12.500
-63.633 -12.483
-63.667 -12.467
-63.733 -12.450
-63.767 -12.450
-63.783 -12.433
-63.783 -12.450
-63.817 -12.450
-63.833 -12.467
-63.883 -12.450
-63.883 -12.500
-63.917 -12.517
-63.950 -12.533
-63.967 -12.517
-64.000 -12.517
-64.000 -12.500
-64.033 -12.517
-64.050 -12.500
-64.100 -12.500
-64.117 -12.483
-64.133 -12.483
-64.133 -12.517
-64.167 -12.517
-64.167 -12.467
-64.233 -12.467
-64.250 -12.483
-64.283 -12.500
-64.283 -12.467
-64.367 -12.467
-64.400 -12.450
-64.450 -12.400
-64.500 -12.367
-64.500 -12.350
-64.483 -12.333
-64.483 -12.267
-64.500 -12.233
-64.517 -12.233
-64.533 -12.250
-64.583 -12.217
-64.600 -12.233
-64.683 -12.200
-64.700 -12.183
-64.700 -12.133
-64.683 -12.100
-64.717 -12.100
-64.733 -12.117
-64.733 -12.167
-64.750 -12.167
-64.750 -12.100
-64.800 -12.100
-64.817 -12.133
-64.833 -12.100
-64.800 -12.083
-64.800 -12.050
-64.833 -12.017
-64.867 -12.017
-64.900 -12.033
-64.950 -12.000
-64.967 -12.033
-64.983 -12.033
-65.000 -12.000
-65.033 -11.983
-65.033 -11.917
-65.017 -11.900
-65.017 -11.883
-65.050 -11.883
-65.067 -11.867
-65.067 -11.783
-65.083 -11.700
-65.100 -11.700
-65.133 -11.717
-65.183 -11.717
-65.167 -11.733
-65.183 -11.750
-65.217 -11.733
-65.267 -11.700
-65.250 -11.683
-65.233 -11.667
-65.217 -11.633
-65.233 -11.567
-65.217 -11.550
-65.217 -11.517
-65.233 -11.500
-65.283 -11.500
-65.317 -11.483
-65.333 -11.350
-65.317 -11.333
-65.300 -11.333
-65.283 -11.317
-65.333 -11.317
-65.350 -11.300
-65.350 -11.283
-65.367 -11.217
-65.317 -11.200
-65.317 -11.183
-65.333 -11.183
-65.367 -11.167
-65.367 -11.133
-65.283 -11.100
-65.283 -11.083
-65.283 -11.050
-65.300 -11.033
-65.283 -11.017
-65.250 -10.983
-65.267 -10.950
-65.267 -10.883
-65.283 -10.867
-65.333 -10.800
-65.367 -10.783
-65.350 -10.767
-65.350 -10.667
-65.367 -10.650
-65.383 -10.633
-65.400 -10.633
-65.417 -10.617
-65.400 -10.583
-65.400 -10.550
-65.417 -10.533
-65.400 -10.500
-65.417 -10.483
-65.433 -10.483
-65.400 -10.450
-65.383 -10.417
-65.383 -10.367
-65.367 -10.367
-65.383 -10.367
-65.383 -10.350
-65.367 -10.350
-65.333 -10.317
-65.300 -10.217
-65.317 -10.167
-65.300 -10.100
-65.317 -10.067
-65.333 -10.050
-65.317 -10.000
-65.333  -9.983
-65.333  -9.933
-65.317  -9.917
-65.300  -9.883
-65.283  -9.867
-65.283  -9.850
-65.317  -9.817
-65.383  -9.700
-65.433  -9.667
-65.435  -9.667
-65.433  -9.667
-65.467  -9.717
-65.500  -9.717
-65.500  -9.783
-65.517  -9.800
-65.533  -9.783
-65.533  -9.800
-65.567  -9.817
-65.550  -9.833
-65.633  -9.833
-65.633  -9.800
-65.650  -9.817
-65.650  -9.800
-65.667  -9.800
-65.667  -9.783
-65.683  -9.800
-65.717  -9.817
-65.700  -9.783
-65.700  -9.767
-65.683  -9.767
-65.683  -9.750
-65.700  -9.750
-65.733  -9.767
-65.767  -9.767
-65.767  -9.733
-65.783  -9.733
-65.783  -9.783
-65.817  -9.783
-65.800  -9.750
-65.817  -9.750
-65.850  -9.783
-65.900  -9.800
-65.867  -9.783
-65.867  -9.750
-65.883  -9.750
-65.917  -9.767
-65.967  -9.767
-65.967  -9.800
-66.000  -9.800
-66.000  -9.783
-66.033  -9.817
-66.050  -9.783
-66.083  -9.783
-66.100  -9.817
-66.117  -9.783
-66.133  -9.800
-66.167  -9.783
-66.200  -9.800
-66.200  -9.800
-66.217  -9.833
-66.233  -9.817
-66.250  -9.817
-66.283  -9.817
-66.283  -9.833
-66.350  -9.833
-66.367  -9.850
-66.417  -9.867
-66.417  -9.883
-66.433  -9.900
-66.433  -9.883
-66.433  -9.867
-66.483  -9.867
-66.533  -9.883
-66.567  -9.883
-66.600  -9.900
-66.617  -9.906
-66.810  -9.826
