-66.617  -9.900
-66.623  -9.906
-66.623  -9.906
-66.633  -9.950
-66.667  -9.933
-66.667  -9.950
-66.767 -10.000
-66.767 -10.017
-66.809 -10.035
-66.833 -10.067
-66.883 -10.083
-66.883 -10.100
-66.933 -10.150
-66.950 -10.167
-67.000 -10.217
-66.983 -10.217
-67.010 -10.242
-67.050 -10.267
-67.100 -10.283
-67.150 -10.300
-67.133 -10.317
-67.167 -10.317
-67.167 -10.333
-67.186 -10.335
-67.184 -10.333
-67.183 -10.333
-67.190 -10.337
-67.200 -10.317
-67.217 -10.300
-67.250 -10.317
-67.267 -10.317
-67.283 -10.333
-67.300 -10.333
-67.300 -10.367
-67.333 -10.367
-67.367 -10.383
-67.367 -10.367
-67.400 -10.367
-67.467 -10.433
-67.483 -10.467
-67.533 -10.500
-67.568 -10.517
-67.584 -10.518
-67.617 -10.567
-67.650 -10.617
-67.667 -10.600
-67.677 -10.612
-67.667 -10.600
-67.680 -10.621
-67.683 -10.630
-67.683 -10.633
-67.686 -10.638
-67.683 -10.633
-67.689 -10.647
-67.691 -10.656
-67.683 -10.650
-67.694 -10.665
-67.683 -10.667
-67.697 -10.673
-67.683 -10.667
-67.700 -10.682
-67.702 -10.691
-67.700 -10.683
-67.705 -10.700
-67.700 -10.700
-67.701 -10.701
-67.733 -10.700
-67.783 -10.683
-67.806 -10.664
-67.833 -10.650
-67.883 -10.650
-67.900 -10.650
-68.000 -10.650
-68.033 -10.667
-68.050 -10.683
-68.083 -10.700
-68.101 -10.715
-68.112 -10.716
-68.100 -10.733
-68.183 -10.867
-68.183 -10.917
-68.233 -10.950
-68.267 -10.983
-68.283 -10.983
-68.317 -11.000
-68.317 -11.017
-68.344 -11.015
-68.367 -11.017
-68.400 -11.050
-68.483 -11.050
-68.500 -11.067
-68.534 -11.101
-68.534 -11.101
-68.702 -11.135
-68.702 -11.135
-68.736 -11.146
-68.717 -11.117
-68.717 -11.100
-68.733 -11.083
-68.761 -11.093
-68.733 -11.067
-68.767 -11.050
-68.750 -11.033
-68.735 -11.017
-68.735 -11.002
-68.750 -11.000
-68.767 -10.983
-68.767 -11.000
-68.800 -11.000
-68.817 -10.983
-68.833 -11.000
-68.867 -11.000
-68.867 -11.017
-68.883 -11.000
-68.917 -11.017
-68.917 -11.000
-68.950 -11.000
-68.950 -10.983
-68.983 -10.983
-68.983 -11.000
-69.017 -10.983
-69.033 -10.967
-69.117 -10.967
-69.150 -10.950
-69.217 -10.950
-69.233 -10.933
-69.267 -10.933
-69.283 -10.933
-69.300 -10.933
-69.333 -10.950
-69.350 -10.933
-69.367 -10.933
-69.367 -10.933
-69.383 -10.933
-69.417 -10.933
-69.417 -10.933
-69.417 -10.933
-69.433 -10.933
-69.450 -10.933
-69.450 -10.933
-69.467 -10.950
-69.517 -10.950
-69.517 -10.933
-69.533 -10.933
-69.533 -10.950
-69.567 -10.933
-69.568 -10.944
-69.568 -10.944
-69.600 -10.933
-69.600 -10.950
-69.633 -10.950
-69.636 -10.955
-69.667 -10.950
-69.683 -10.967
-69.750 -10.967
-69.750 -10.950
-69.767 -10.933
-69.867 -10.933
-69.883 -10.917
-69.917 -10.933
-69.917 -10.917
-69.929 -10.923
-69.933 -10.917
-69.950 -10.933
-69.967 -10.950
-70.067 -11.000
-70.083 -10.983
-70.100 -11.000
-70.133 -11.022
-70.167 -11.050
-70.233 -11.050
-70.333 -11.067
-70.433 -11.033
-70.450 -10.983
-70.483 -10.967
-70.517 -10.933
-70.517 -10.933
-70.621 -10.000
-70.621 -10.000
-70.617  -9.817
-70.617  -9.817
-70.617  -9.817
-70.617  -9.800
-70.583  -9.800
-70.567  -9.783
-70.533  -9.783
-70.533  -9.750
-70.517  -9.717
-70.533  -9.683
-70.567  -9.667
-70.583  -9.633
-70.583  -9.583
-70.600  -9.550
-70.600  -9.550
-70.600  -9.550
-70.583  -9.550
-70.550  -9.583
-70.567  -9.533
-70.533  -9.517
-70.550  -9.500
-70.533  -9.500
-70.500  -9.500
-70.517  -9.483
-70.533  -9.467
-70.517  -9.467
-70.500  -9.450
-70.500  -9.433
-70.483  -9.417
-70.483  -9.417
-70.517  -9.433
-70.533  -9.450
-70.567  -9.433
-70.600  -9.450
-70.600  -9.467
-70.617  -9.467
-70.633  -9.500
-70.650  -9.500
-70.650  -9.517
-70.667  -9.517
-70.683  -9.533
-70.717  -9.567
-70.733  -9.567
-70.750  -9.567
-70.750  -9.600
-70.783  -9.617
-70.783  -9.633
-70.817  -9.633
-70.833  -9.650
-70.850  -9.667
-70.867  -9.667
-70.883  -9.700
-70.900  -9.717
-70.917  -9.733
-70.967  -9.750
-70.983  -9.767
-70.983  -9.800
-71.050  -9.817
-71.117  -9.833
-71.117  -9.850
-71.150  -9.867
-71.183  -9.917
-71.183  -9.917
-71.183  -9.933
-71.217  -9.967
-71.250  -9.950
-71.300  -9.983
-71.333  -9.983
-71.377  -9.983
-72.000 -10.000
-72.167 -10.000
-72.150  -9.900
-72.150  -9.850
-72.150  -9.800
-72.233  -9.750
-72.250  -9.683
-72.250  -9.600
-72.283  -9.533
-72.317  -9.533
-72.333  -9.500
-72.433  -9.467
-72.517  -9.483
-72.600  -9.450
-72.667  -9.433
-72.717  -9.400
-72.731  -9.412
-72.733  -9.400
-72.733  -9.400
-72.800  -9.400
-72.800  -9.400
-72.983  -9.400
-72.983  -9.400
-73.200  -9.400
-73.200  -9.400
-73.133  -9.317
-73.083  -9.233
-73.000  -9.200
-72.967  -9.133
-72.933  -9.050
-72.950  -8.967
-73.017  -8.900
-73.067  -8.833
-73.133  -8.750
-73.167  -8.683
-73.233  -8.683
-73.267  -8.667
-73.300  -8.633
-73.333  -8.567
-73.317  -8.467
-73.383  -8.467
-73.433  -8.400
-73.483  -8.367
-73.533  -8.333
-73.550  -8.250
-73.550  -8.250
-73.583  -8.200
-73.583  -8.117
-73.633  -8.050
-73.667  -8.000
-73.683  -8.000
-73.700  -7.967
-73.717  -7.950
-73.750  -7.967
-73.767  -7.917
-73.750  -7.900
-73.767  -7.900
-73.767  -7.883
-73.767  -7.867
-73.767  -7.850
-73.717  -7.867
-73.700  -7.850
-73.683  -7.850
-73.683  -7.800
-73.683  -7.767
-73.750  -7.750
-73.750  -7.717
-73.817  -7.733
-73.817  -7.700
-73.850  -7.700
-73.867  -7.667
-73.883  -7.667
-73.883  -7.633
-73.917  -7.600
-73.933  -7.617
-73.967  -7.583
-73.983  -7.550
-73.983  -7.533
-73.983  -7.533
-73.933  -7.500
-73.917  -7.483
-73.950  -7.433
-73.933  -7.400
-73.967  -7.383
-73.967  -7.350
-73.933  -7.350
-73.917  -7.383
-73.883  -7.383
-73.867  -7.367
-73.850  -7.350
-73.800  -7.350
-73.783  -7.333
-73.750  -7.350
-73.717  -7.317
-73.717  -7.300
-73.717  -7.283
-73.717  -7.250
-73.700  -7.233
-73.767  -7.183
-73.750  -7.167
-73.783  -7.167
-73.800  -7.117
-73.800  -7.100
-73.500  -7.239
-72.617  -7.583
-72.000  -7.740
-72.000  -7.749
-70.950  -8.000
-70.957  -8.000
-70.500  -8.109
-70.367  -8.140
-69.000  -8.848
-68.704  -9.000
-68.614  -9.046
-67.500  -9.529
-66.810  -9.826
-66.617  -9.906
