-58.883   1.217
-58.850   1.183
-58.800   1.167
-58.750   1.183
-58.717   1.217
-58.700   1.267
-58.667   1.283
-58.600   1.267
-58.550   1.283
-58.517   1.250
-58.483   1.283
-58.483   1.300
-58.467   1.350
-58.467   1.383
-58.500   1.417
-58.517   1.450
-58.483   1.467
-58.433   1.450
-58.383   1.467
-58.350   1.533
-58.350   1.583
-58.333   1.583
-58.317   1.583
-58.300   1.567
-58.267   1.567
-58.217   1.550
-58.150   1.550
-58.133   1.500
-58.067   1.500
-58.000   1.500
-57.983   1.550
-57.983   1.600
-57.983   1.650
-57.933   1.633
-57.883   1.667
-57.833   1.667
-57.800   1.683
-57.750   1.717
-57.700   1.717
-57.667   1.700
-57.633   1.683
-57.583   1.683
-57.550   1.683
-57.517   1.717
-57.500   1.750
-57.483   1.783
-57.433   1.817
-57.433   1.883
-57.383   1.917
-57.367   1.933
-57.367   1.950
-57.333   1.983
-57.317   1.967
-57.300   1.983
-57.267   1.967
-57.233   1.933
-57.200   1.967
-57.150   1.983
-57.117   2.017
-57.067   2.017
-57.050   1.950
-57.017   1.917
-56.967   1.900
-56.917   1.917
-56.867   1.883
-56.817   1.867
-56.783   1.850
-56.733   1.900
-56.683   1.900
-56.617   1.933
-56.567   1.900
-56.517   1.917
-56.467   1.933
-56.467   1.933
-56.400   1.917
-56.350   1.933
-56.300   1.917
-56.250   1.883
-56.200   1.883
-56.146   1.883
-56.094   1.854
-56.067   1.850
-56.000   1.833
-55.917   1.867
-55.900   1.917
-55.917   1.933
-55.900   2.033
-55.950   2.083
-55.983   2.117
-56.017   2.167
-56.033   2.217
-56.083   2.233
-56.133   2.250
-56.117   2.283
-56.083   2.333
-56.050   2.333
-56.033   2.367
-56.017   2.383
-55.983   2.417
-56.000   2.450
-55.983   2.500
-55.950   2.533
-55.917   2.517
-55.850   2.467
-55.783   2.450
-55.757   2.439
-55.750   2.417
-55.700   2.400
-55.650   2.417
-55.583   2.433
-55.533   2.417
-55.467   2.433
-55.417   2.433
-55.383   2.417
-55.333   2.433
-55.350   2.467
-55.350   2.500
-55.317   2.500
-55.267   2.500
-55.233   2.500
-55.200   2.517
-55.167   2.550
-55.117   2.567
-55.100   2.517
-55.050   2.550
-55.000   2.583
-54.933   2.617
-54.950   2.583
-54.950   2.550
-54.933   2.517
-54.900   2.483
-54.867   2.433
-54.867   2.433
-54.867   2.400
-54.800   2.317
-54.817   2.267
-54.783   2.217
-54.767   2.183
-54.800   2.150
-54.817   2.067
-54.817   2.033
-54.767   1.983
-54.783   1.933
-54.750   1.833
-54.750   1.817
-54.750   1.783
-54.683   1.767
-54.617   1.783
-54.533   1.767
-54.500   1.750
-54.433   1.767
-54.400   1.750
-54.383   1.767
-54.367   1.767
-54.367   1.750
-54.333   1.750
-54.300   1.733
-54.283   1.700
-54.233   1.683
-54.200   1.633
-54.183   1.667
-54.167   1.650
-54.133   1.617
-54.133   1.583
-54.117   1.600
-54.117   1.567
-54.100   1.550
-54.083   1.500
-54.033   1.517
-54.033   1.533
-54.000   1.500
-53.983   1.500
-53.983   1.467
-53.917   1.467
-53.933   1.433
-53.917   1.433
-53.917   1.450
-53.883   1.433
-53.883   1.400
-53.850   1.400
-53.817   1.383
-53.817   1.400
-53.817   1.417
-53.800   1.417
-53.783   1.400
-53.767   1.400
-53.750   1.383
-53.717   1.400
-53.717   1.417
-53.733   1.433
-53.700   1.417
-53.717   1.367
-53.683   1.367
-53.667   1.383
-53.650   1.400
-53.633   1.383
-53.667   1.350
-53.650   1.333
-53.633   1.350
-53.600   1.350
-53.583   1.333
-53.567   1.350
-53.533   1.333
-53.550   1.317
-53.567   1.300
-53.533   1.267
-53.550   1.217
-53.517   1.217
-53.483   1.233
-53.450   1.233
-53.433   1.250
-53.417   1.217
-53.417   1.200
-53.400   1.183
-53.400   1.150
-53.450   1.150
-53.467   1.133
-53.450   1.067
-53.433   1.050
-53.433   1.000
-53.417   0.983
-53.417   0.967
-53.417   0.950
-53.400   0.917
-53.350   0.883
-53.300   0.850
-53.267   0.817
-53.233   0.783
-53.183   0.750
-53.167   0.733
-53.150   0.700
-53.117   0.683
-53.117   0.650
-53.150   0.600
-53.167   0.567
-53.150   0.550
-53.183   0.517
-53.167   0.500
-53.167   0.483
-53.183   0.467
-53.167   0.450
-53.167   0.417
-53.183   0.383
-53.150   0.333
-53.133   0.300
-53.100   0.267
-53.100   0.250
-53.100   0.217
-53.083   0.183
-53.067   0.167
-53.050   0.167
-53.033   0.117
-53.017   0.083
-53.000   0.050
-52.983   0.033
-52.967   0.000
-52.967  -0.050
-52.950  -0.117
-52.933  -0.150
-52.900  -0.167
-52.883  -0.150
-52.850  -0.150
-52.833  -0.183
-52.817  -0.200
-52.783  -0.217
-52.767  -0.267
-52.717  -0.283
-52.683  -0.317
-52.683  -0.350
-52.700  -0.383
-52.683  -0.417
-52.700  -0.450
-52.700  -0.467
-52.700  -0.483
-52.683  -0.533
-52.667  -0.567
-52.650  -0.583
-52.633  -0.583
-52.550  -0.567
-52.533  -0.583
-52.533  -0.600
-52.517  -0.667
-52.517  -0.683
-52.500  -0.733
-52.533  -0.783
-52.517  -0.817
-52.550  -0.833
-52.550  -0.850
-52.483  -0.850
-52.450  -0.817
-52.417  -0.850
-52.400  -0.883
-52.400  -0.900
-52.433  -0.917
-52.433  -0.950
-52.417  -0.967
-52.417  -1.033
-52.433  -1.050
-52.350  -1.083
-52.333  -1.117
-52.200  -1.133
-52.133  -1.150
-52.117  -1.167
-52.117  -1.217
-52.083  -1.233
-52.050  -1.233
-52.050  -1.217
-52.067  -1.183
-52.033  -1.167
-51.983  -1.167
-52.000  -1.133
-51.967  -1.117
-51.967  -1.167
-51.950  -1.167
-51.933  -1.133
-51.917  -1.133
-51.917  -1.133
-51.900  -1.167
-51.917  -1.183
-51.917  -1.217
-51.900  -1.267
-51.917  -1.333
-52.000  -1.417
-52.067  -1.400
-52.133  -1.400
-52.183  -1.350
-52.233  -1.350
-52.267  -1.383
-52.333  -1.417
-52.400  -1.433
-52.483  -1.483
-52.567  -1.533
-52.650  -1.533
-52.717  -1.567
-52.800  -1.550
-52.933  -1.600
-53.000  -1.683
-53.100  -1.733
-53.183  -1.750
-53.317  -1.733
-53.367  -1.767
-53.467  -1.800
-53.550  -1.817
-53.600  -1.833
-53.683  -1.850
-53.750  -1.867
-53.867  -1.933
-53.867  -2.000
-53.733  -1.933
-53.617  -1.917
-53.583  -1.900
-53.500  -1.883
-53.433  -1.867
-53.367  -1.883
-53.333  -1.867
-53.267  -1.817
-53.100  -1.800
-53.000  -1.767
-52.933  -1.667
-52.650  -1.600
-52.400  -1.583
-52.333  -1.567
-52.250  -1.517
-52.233  -1.567
-52.217  -1.583
-52.217  -1.633
-52.267  -1.683
-52.283  -1.667
-52.283  -1.633
-52.300  -1.633
-52.333  -1.683
-52.250  -1.800
-52.300  -1.900
-52.300  -1.967
-52.267  -2.017
-52.283  -2.033
-52.267  -2.050
-52.267  -2.133
-52.183  -2.267
-52.167  -2.350
-52.133  -2.367
-52.100  -2.417
-52.100  -2.450
-52.083  -2.483
-52.050  -2.533
-52.017  -2.617
-52.033  -2.667
-52.050  -2.700
-52.050  -2.783
-52.000  -2.850
-51.950  -2.883
-51.933  -2.883
-51.883  -2.933
-51.850  -3.000
-51.850  -3.033
-51.833  -3.050
-51.783  -3.117
-51.717  -3.117
-51.717  -3.100
-51.783  -3.100
-51.817  -3.050
-51.817  -3.017
-51.833  -3.000
-51.867  -2.967
-51.867  -2.917
-51.900  -2.900
-51.900  -2.883
-51.883  -2.833
-51.967  -2.750
-52.000  -2.733
-52.000  -2.683
-51.950  -2.683
-51.933  -2.650
-51.967  -2.567
-51.950  -2.517
-51.967  -2.517
-51.983  -2.467
-52.000  -2.450
-52.033  -2.350
-52.033  -2.333
-52.050  -2.300
-52.117  -2.200
-52.150  -2.167
-52.150  -2.117
-52.183  -2.083
-52.183  -2.000
-52.200  -1.833
-52.217  -1.783
-52.233  -1.783
-52.250  -1.750
-52.250  -1.717
-52.233  -1.683
-52.167  -1.633
-52.150  -1.617
-51.983  -1.600
-51.900  -1.567
-51.717  -1.450
-51.483  -1.333
-51.367  -1.233
-51.283  -1.233
-51.200  -1.117
-51.150  -1.167
-51.150  -1.167
-51.083  -1.150
-51.000  -1.117
-50.950  -1.117
-50.817  -1.217
-50.800  -1.267
-50.800  -1.300
-50.817  -1.333
-50.783  -1.383
-50.800  -1.417
-50.800  -1.450
-50.750  -1.517
-50.733  -1.567
-50.717  -1.583
-50.717  -1.583
-50.700  -1.600
-50.750  -1.717
-50.683  -1.767
-50.717  -1.817
-50.767  -1.833
-50.767  -1.883
-50.800  -1.900
-50.883  -1.850
-50.900  -1.883
-50.867  -1.900
-50.850  -1.900
-50.850  -1.933
-50.833  -1.967
-50.850  -2.000
-50.817  -2.000
-50.817  -1.933
-50.733  -1.917
-50.700  -1.933
-50.700  -1.867
-50.683  -1.817
-50.617  -1.817
-50.567  -1.883
-50.550  -1.900
-50.450  -1.933
-50.433  -1.950
-50.383  -1.967
-50.350  -1.933
-50.317  -1.917
-50.300  -1.883
-50.283  -1.883
-50.267  -1.883
-50.250  -1.900
-50.217  -1.900
-50.167  -1.917
-50.183  -1.883
-50.133  -1.850
-50.133  -1.850
-50.083  -1.833
-50.050  -1.833
-50.017  -1.817
-50.000  -1.817
-49.967  -1.850
-49.950  -1.850
-49.900  -1.883
-49.883  -1.883
-49.867  -2.000
-49.833  -2.083
-49.850  -2.000
-49.850  -1.917
-49.833  -1.900
-49.783  -1.900
-49.750  -1.917
-49.683  -1.917
-49.667  -1.917
-49.650  -1.883
-49.633  -1.850
-49.567  -1.850
-49.550  -1.850
-49.550  -1.833
-49.533  -1.817
-49.533  -1.783
-49.500  -1.767
-49.467  -1.767
-49.450  -1.750
-49.383  -1.750
-49.450  -1.800
-49.433  -1.783
-49.383  -1.767
-49.367  -1.733
-49.350  -1.717
-49.300  -1.717
-49.283  -1.733
-49.283  -1.800
-49.367  -1.883
-49.367  -1.917
-49.400  -1.950
-49.400  -2.000
-49.417  -2.033
-49.433  -2.067
-49.450  -2.150
-49.467  -2.183
-49.517  -2.267
-49.517  -2.300
-49.550  -2.383
-49.550  -2.517
-49.583  -2.567
-49.600  -2.600
-49.667  -2.617
-49.733  -2.717
-49.767  -2.750
-49.783  -2.783
-49.733  -2.983
-49.717  -3.017
-49.683  -3.050
-49.667  -3.050
-49.667  -3.083
-49.683  -3.167
-49.683  -3.317
-49.633  -3.400
-49.617  -3.517
-49.633  -3.567
-49.667  -3.633
-49.683  -3.700
-49.667  -3.783
-49.667  -3.717
-49.600  -3.533
-49.617  -3.450
-49.583  -3.350
-49.567  -3.283
-49.567  -3.183
-49.600  -3.117
-49.650  -3.050
-49.650  -3.033
-49.650  -2.967
-49.667  -2.883
-49.683  -2.767
-49.667  -2.717
-49.650  -2.683
-49.600  -2.650
-49.583  -2.633
-49.533  -2.600
-49.517  -2.583
-49.467  -2.517
-49.433  -2.483
-49.450  -2.400
-49.333  -2.183
-49.317  -2.083
-49.267  -2.000
-49.250  -1.983
-49.233  -1.967
-49.167  -1.867
-49.100  -1.867
-49.083  -1.850
-49.033  -1.850
-49.000  -1.817
-48.983  -1.800
-48.950  -1.800
-48.900  -1.733
-48.883  -1.683
-48.850  -1.650
-48.783  -1.583
-48.733  -1.533
-48.700  -1.467
-48.700  -1.450
-48.667  -1.433
-48.667  -1.417
-48.650  -1.383
-48.633  -1.400
-48.600  -1.450
-48.600  -1.467
-48.583  -1.500
-48.517  -1.550
-48.500  -1.567
-48.500  -1.567
-48.450  -1.650
-48.433  -1.667
-48.450  -1.600
-48.467  -1.583
-48.500  -1.533
-48.500  -1.500
-48.467  -1.517
-48.450  -1.500
-48.417  -1.500
-48.367  -1.483
-48.267  -1.483
-48.200  -1.517
-48.200  -1.500
-48.250  -1.467
-48.300  -1.467
-48.367  -1.450
-48.433  -1.467
-48.483  -1.483
-48.517  -1.467
-48.517  -1.467
-48.500  -1.400
-48.483  -1.367
-48.483  -1.350
-48.483  -1.283
-48.467  -1.250
-48.450  -1.233
-48.433  -1.200
-48.417  -1.233
-48.417  -1.250
-48.383  -1.250
-48.383  -1.283
-48.333  -1.233
-48.317  -1.183
-48.300  -1.167
-48.300  -1.100
-48.317  -1.067
-48.300  -1.050
-48.317  -1.000
-48.317   -.950
-48.250   -.867
-48.233   -.833
-48.217   -.817
-48.183   -.833
-48.150   -.850
-48.167   -.800
-48.167   -.783
-48.133   -.750
-48.067   -.667
-48.033   -.667
-48.033   -.700
-48.017   -.750
-48.000   -.700
-47.983   -.717
-47.967   -.700
-47.950   -.750
-47.967   -.683
-47.950   -.650
-47.917   -.633
-47.900   -.633
-47.917   -.617
-47.850   -.600
-47.850   -.633
-47.883   -.700
-47.850   -.683
-47.833   -.667
-47.833   -.633
-47.817   -.600
-47.817   -.567
-47.783   -.567
-47.783   -.583
-47.800   -.600
-47.767   -.600
-47.767   -.617
-47.750   -.650
-47.750   -.600
-47.767   -.583
-47.717   -.550
-47.700   -.550
-47.700   -.617
-47.683   -.617
-47.667   -.583
-47.650   -.600
-47.633   -.617
-47.633   -.700
-47.683   -.717
-47.700   -.733
-47.633   -.733
-47.617   -.700
-47.600   -.700
-47.583   -.717
-47.600   -.683
-47.583   -.633
-47.583   -.583
-47.533   -.617
-47.533   -.633
-47.550   -.633
-47.500   -.717
-47.483   -.733
-47.483   -.767
-47.417   -.767
-47.417   -.800
-47.400   -.800
-47.400   -.767
-47.417   -.750
-47.417   -.733
-47.467   -.700
-47.483   -.617
-47.467   -.617
-47.467   -.600
-47.417   -.600
-47.417   -.633
-47.433   -.650
-47.400   -.650
-47.383   -.633
-47.367   -.633
-47.383   -.617
-47.367   -.600
-47.350   -.617
-47.317   -.600
-47.283   -.617
-47.283   -.633
-47.250   -.633
-47.250   -.633
-47.217   -.633
-47.217   -.667
-47.200   -.683
-47.250   -.683
-47.250   -.717
-47.200   -.717
-47.183   -.700
-47.183   -.683
-47.167   -.700
-47.167   -.733
-47.183   -.767
-47.167   -.783
-47.150   -.767
-47.133   -.733
-47.117   -.683
-47.083   -.683
-47.083   -.767
-47.067   -.783
-47.083   -.850
-47.050   -.817
-47.033   -.817
-47.033   -.783
-47.000   -.767
-47.000   -.750
-46.983   -.733
-46.983   -.700
-46.967   -.717
-46.950   -.733
-46.983   -.783
-46.950   -.800
-46.950   -.833
-46.933   -.850
-46.950   -.867
-46.933   -.883
-46.917   -.817
-46.900   -.800
-46.883   -.767
-46.867   -.767
-46.867   -.733
-46.833   -.750
-46.833   -.783
-46.850   -.833
-46.833   -.850
-46.817   -.833
-46.817   -.867
-46.800   -.867
-46.800   -.833
-46.750   -.833
-46.750   -.917
-46.733   -.900
-46.733   -.833
-46.717   -.833
-46.700   -.817
-46.683   -.833
-46.683   -.817
-46.667   -.783
-46.650   -.783
-46.617   -.833
-46.617   -.850
-46.633   -.867
-46.650   -.933
-46.717   -.967
-46.667   -.967
-46.617   -.950
-46.583   -.967
-46.567   -.933
-46.567   -.900
-46.550   -.900
-46.550   -.950
-46.533   -.933
-46.517   -.883
-46.500   -.867
-46.467   -.883
-46.450   -.850
-46.433   -.850
-46.417   -.867
-46.433   -.900
-46.467   -.917
-46.483   -.917
-46.483  -1.000
-46.483  -1.017
-46.417  -1.017
-46.417  -1.000
-46.400   -.983
-46.400  -1.000
-46.367  -1.050
-46.383  -1.017
-46.350  -1.000
-46.333  -1.050
-46.333  -1.067
-46.300  -1.000
-46.267   -.917
-46.200   -.883
-46.200   -.917
-46.217   -.950
-46.233   -.983
-46.217  -1.033
-46.233  -1.083
-46.250  -1.117
-46.283  -1.183
-46.217  -1.100
-46.183  -1.067
-46.200  -1.033
-46.167  -1.000
-46.150  -1.033
-46.183  -1.117
-46.167  -1.083
-46.150  -1.117
-46.150  -1.067
-46.100  -1.033
-46.083  -1.017
-46.067  -1.033
-46.067  -1.067
-46.100  -1.083
-46.083  -1.117
-46.117  -1.200
-46.150  -1.217
-46.167  -1.267
-46.150  -1.300
-46.150  -1.300
-46.150  -1.267
-46.133  -1.217
-46.100  -1.200
-46.083  -1.183
-46.050  -1.150
-46.050  -1.133
-46.033  -1.117
-46.033  -1.067
-46.000  -1.050
-46.000  -1.050
-46.033  -1.067
-46.033  -1.117
-46.050  -1.133
-46.050  -1.150
-46.083  -1.183
-46.100  -1.200
-46.133  -1.217
-46.150  -1.267
-46.150  -1.300
-46.133  -1.300
-46.133  -1.333
-46.100  -1.317
-46.133  -1.383
-46.150  -1.417
-46.133  -1.417
-46.167  -1.467
-46.167  -1.483
-46.150  -1.500
-46.133  -1.550
-46.150  -1.617
-46.150  -1.667
-46.167  -1.700
-46.200  -1.700
-46.217  -1.733
-46.233  -1.717
-46.250  -1.717
-46.317  -1.733
-46.317  -1.783
-46.267  -1.783
-46.217  -1.817
-46.233  -1.867
-46.217  -1.917
-46.233  -1.933
-46.250  -2.017
-46.267  -2.050
-46.267  -2.100
-46.300  -2.133
-46.283  -2.150
-46.333  -2.183
-46.350  -2.217
-46.383  -2.250
-46.433  -2.233
-46.417  -2.267
-46.433  -2.317
-46.467  -2.367
-46.467  -2.383
-46.417  -2.367
-46.400  -2.367
-46.433  -2.400
-46.433  -2.500
-46.417  -2.533
-46.483  -2.533
-46.500  -2.550
-46.483  -2.567
-46.517  -2.583
-46.517  -2.617
-46.583  -2.633
-46.600  -2.667
-46.633  -2.633
-46.633  -2.667
-46.667  -2.700
-46.683  -2.717
-46.667  -2.733
-46.650  -2.750
-46.633  -2.800
-46.600  -2.783
-46.617  -2.817
-46.583  -2.833
-46.600  -2.850
-46.617  -2.833
-46.617  -2.850
-46.650  -2.850
-46.650  -2.883
-46.683  -2.883
-46.667  -2.900
-46.667  -2.983
-46.683  -3.000
-46.683  -3.100
-46.700  -3.100
-46.717  -3.117
-46.733  -3.117
-46.750  -3.133
-46.733  -3.150
-46.767  -3.183
-46.767  -3.200
-46.783  -3.233
-46.800  -3.233
-46.833  -3.283
-46.817  -3.300
-46.867  -3.333
-46.917  -3.367
-46.950  -3.383
-46.950  -3.417
-46.967  -3.483
-46.983  -3.500
-46.983  -3.517
-47.000  -3.533
-47.017  -3.533
-47.033  -3.567
-47.050  -3.617
-47.050  -3.700
-47.067  -3.733
-47.067  -3.767
-47.100  -3.850
-47.117  -3.867
-47.150  -3.900
-47.183  -3.950
-47.217  -4.000
-47.217  -4.000
-47.283  -4.050
-47.317  -4.050
-47.317  -4.067
-47.333  -4.100
-47.333  -4.167
-47.350  -4.183
-47.367  -4.233
-47.450  -4.317
-47.467  -4.317
-47.467  -4.333
-47.500  -4.433
-47.550  -4.467
-47.583  -4.533
-47.650  -4.600
-47.683  -4.617
-47.717  -4.600
-47.730  -4.603
-48.000  -4.800
-48.276  -5.000
-48.757  -5.349
-48.733  -5.383
-48.683  -5.383
-48.683  -5.383
-48.633  -5.400
-48.600  -5.417
-48.550  -5.433
-48.500  -5.417
-48.450  -5.400
-48.400  -5.400
-48.367  -5.417
-48.350  -5.450
-48.300  -5.517
-48.283  -5.533
-48.250  -5.550
-48.200  -5.567
-48.167  -5.600
-48.133  -5.650
-48.167  -5.700
-48.183  -5.717
-48.267  -5.733
-48.283  -5.750
-48.300  -5.800
-48.283  -5.833
-48.267  -5.850
-48.250  -5.883
-48.233  -5.917
-48.233  -5.950
-48.283  -5.967
-48.333  -6.000
-48.333  -6.033
-48.300  -6.067
-48.317  -6.133
-48.383  -6.150
-48.417  -6.167
-48.433  -6.200
-48.433  -6.233
-48.417  -6.267
-48.417  -6.300
-48.400  -6.333
-48.367  -6.333
-48.383  -6.383
-48.433  -6.367
-48.467  -6.350
-48.517  -6.367
-48.533  -6.400
-48.583  -6.433
-48.617  -6.483
-48.650  -6.500
-48.650  -6.583
-48.667  -6.633
-48.683  -6.667
-48.767  -6.717
-48.817  -6.733
-48.867  -6.750
-48.933  -6.767
-49.000  -6.800
-49.033  -6.817
-49.083  -6.850
-49.183  -6.917
-49.200  -6.933
-49.200  -6.983
-49.200  -7.033
-49.200  -7.183
-49.183  -7.250
-49.233  -7.317
-49.267  -7.367
-49.333  -7.433
-49.367  -7.500
-49.383  -7.583
-49.367  -7.633
-49.317  -7.683
-49.283  -7.717
-49.233  -7.767
-49.183  -7.783
-49.150  -7.800
-49.167  -7.833
-49.167  -7.867
-49.167  -7.950
-49.200  -8.000
-49.183  -8.050
-49.217  -8.117
-49.233  -8.233
-49.267  -8.283
-49.283  -8.383
-49.367  -8.450
-49.400  -8.533
-49.417  -8.567
-49.483  -8.650
-49.517  -8.717
-49.600  -8.850
-49.667  -8.850
-49.717  -8.883
-49.767  -8.933
-49.800  -8.967
-49.817  -9.000
-49.850  -9.033
-49.850  -9.067
-49.883  -9.117
-49.900  -9.150
-49.917  -9.183
-49.950  -9.200
-49.983  -9.233
-50.050  -9.317
-50.067  -9.400
-50.100  -9.467
-50.100  -9.567
-50.133  -9.633
-50.150  -9.700
-50.200  -9.783
-50.206  -9.841
-50.206  -9.841
-51.000  -9.790
-51.000  -9.789
-52.500  -9.687
-54.000  -9.578
-55.500  -9.463
-56.672  -9.368
-56.667  -9.367
-56.700  -9.367
-56.750  -9.400
-56.767  -9.383
-56.767  -9.333
-56.817  -9.250
-56.850  -9.233
-56.967  -9.217
-57.000  -9.233
-57.067  -9.167
-57.033  -9.100
-57.117  -9.000
-57.183  -8.933
-57.217  -8.900
-57.267  -8.900
-57.317  -8.917
-57.317  -8.867
-57.383  -8.867
-57.417  -8.850
-57.417  -8.783
-57.450  -8.767
-57.483  -8.767
-57.517  -8.733
-57.533  -8.750
-57.567  -8.750
-57.600  -8.750
-57.617  -8.717
-57.617  -8.667
-57.633  -8.567
-57.650  -8.550
-57.633  -8.517
-57.650  -8.483
-57.667  -8.450
-57.683  -8.400
-57.667  -8.367
-57.683  -8.317
-57.667  -8.283
-57.633  -8.217
-57.667  -8.167
-57.717  -8.150
-57.717  -8.083
-57.750  -8.033
-57.800  -8.000
-57.833  -7.883
-57.867  -7.800
-57.900  -7.717
-57.933  -7.633
-57.950  -7.567
-58.050  -7.417
-58.133  -7.350
-58.133  -7.350
-58.183  -7.317
-58.183  -7.183
-58.217  -7.133
-58.250  -7.083
-58.283  -7.067
-58.333  -7.000
-58.450  -6.900
-58.483  -6.817
-58.483  -6.700
-58.417  -6.583
-58.331  -6.544
-58.073  -6.000
-57.601  -5.000
-57.128  -4.000
-57.000  -3.728
-57.000  -3.728
-56.657  -3.000
-56.657  -3.000
-56.402  -2.456
-56.402  -2.456
-56.400  -2.450
-56.383  -2.367
-56.417  -2.367
-56.433  -2.350
-56.400  -2.283
-56.300  -2.250
-56.183  -2.167
-56.100  -2.033
-56.167  -2.000
-56.183  -2.033
-56.283  -2.083
-56.433  -2.167
-56.467  -2.183
-56.533  -2.167
-56.600  -2.200
-56.600  -2.217
-56.683  -2.217
-56.700  -2.200
-56.750  -2.183
-56.750  -2.183
-56.767  -2.183
-56.767  -2.150
-56.717  -2.100
-56.717  -2.050
-56.733  -2.033
-56.750  -2.033
-56.867  -2.017
-56.900  -1.983
-56.967  -1.950
-56.983  -1.917
-57.050  -1.917
-57.067  -1.833
-57.083  -1.817
-57.100  -1.783
-57.117  -1.800
-57.133  -1.767
-57.167  -1.767
-57.167  -1.733
-57.200  -1.750
-57.217  -1.733
-57.217  -1.717
-57.233  -1.750
-57.250  -1.733
-57.250  -1.717
-57.267  -1.717
-57.267  -1.733
-57.300  -1.717
-57.317  -1.750
-57.333  -1.750
-57.367  -1.733
-57.383  -1.733
-57.400  -1.733
-57.400  -1.700
-57.417  -1.683
-57.433  -1.700
-57.450  -1.700
-57.450  -1.683
-57.483  -1.683
-57.500  -1.667
-57.517  -1.650
-57.533  -1.650
-57.567  -1.633
-57.600  -1.600
-57.633  -1.583
-57.633  -1.600
-57.650  -1.583
-57.683  -1.600
-57.717  -1.583
-57.717  -1.517
-57.767  -1.533
-57.800  -1.500
-57.833  -1.450
-57.917  -1.450
-57.917  -1.433
-57.950  -1.433
-57.950  -1.400
-57.967  -1.383
-57.967  -1.367
-58.000  -1.367
-58.000  -1.350
-58.000  -1.333
-58.000  -1.317
-57.967  -1.233
-57.967  -1.183
-57.983  -1.183
-58.000  -1.150
-58.017  -1.150
-58.050  -1.117
-58.067  -1.133
-58.083  -1.150
-58.100  -1.183
-58.133  -1.183
-58.133  -1.217
-58.150  -1.233
-58.150  -1.250
-58.233  -1.183
-58.250  -1.167
-58.267  -1.150
-58.300  -1.167
-58.367  -1.100
-58.433  -1.067
-58.433  -1.017
-58.417  -1.000
-58.450   -.950
-58.450   -.933
-58.433   -.917
-58.467   -.900
-58.433   -.900
-58.483   -.867
-58.483   -.883
-58.500   -.867
-58.500   -.850
-58.517   -.850
-58.533   -.850
-58.550   -.833
-58.567   -.817
-58.583   -.800
-58.583   -.783
-58.617   -.783
-58.633   -.750
-58.667   -.750
-58.717   -.667
-58.733   -.633
-58.717   -.600
-58.717   -.567
-58.717   -.550
-58.733   -.517
-58.733   -.483
-58.733   -.450
-58.750   -.433
-58.783   -.417
-58.800   -.400
-58.817   -.400
-58.833   -.383
-58.867   -.367
-58.867   -.317
-58.900   -.250
-58.883   -.200
-58.917   -.133
-58.895   -.008
-58.883    .000
-58.883    .250
-58.883    .250
-58.883   1.000
-58.883   1.217
NA NA
-50.083    .633
-50.050    .600
-50.033    .583
-50.050    .517
-50.083    .533
-50.117    .450
-50.133    .417
-50.167    .400
-50.183    .383
-50.200    .383
-50.217    .367
-50.233    .350
-50.267    .333
-50.300    .350
-50.300    .450
-50.300    .517
-50.267    .600
-50.233    .600
-50.200    .600
-50.167    .583
-50.133    .583
-50.100    .633
-50.083    .633
NA NA
-50.383    .600
-50.367    .617
-50.350    .617
-50.333    .567
-50.317    .550
-50.333    .433
-50.317    .367
-50.300    .317
-50.283    .300
-50.300    .283
-50.333    .283
-50.333    .250
-50.400    .250
-50.433    .217
-50.417    .167
-50.433    .167
-50.500    .200
-50.533    .217
-50.533    .267
-50.483    .283
-50.483    .300
-50.450    .383
-50.433    .450
-50.417    .533
-50.383    .600
NA NA
-50.067    .350
-50.067    .333
-50.150    .267
-50.217    .250
-50.250    .250
-50.250    .267
-50.217    .283
-50.150    .350
-50.067    .350
NA NA
-50.533    .000
-50.583    .033
-50.650    .100
-50.650    .133
-50.633    .167
-50.617    .183
-50.583    .200
-50.517    .183
-50.450    .150
-50.450    .117
-50.433    .050
-50.450    .000
-50.483   -.033
-50.500   -.033
-50.517   -.033
-50.533    .000
NA NA
-50.033    .000
-50.050    .017
-50.100    .033
-50.150    .033
-50.200    .050
-50.250    .050
-50.283    .033
-50.350    .033
-50.383    .100
-50.400    .117
-50.400    .150
-50.383    .167
-50.400    .200
-50.400    .233
-50.367    .217
-50.300    .217
-50.283    .233
-50.267    .233
-50.217    .217
-50.133    .217
-50.117    .250
-50.050    .300
-50.017    .300
-50.000    .317
-49.967    .333
-49.917    .317
-49.850    .333
-49.783    .333
-49.767    .350
-49.750    .317
-49.733    .350
-49.700    .367
-49.650    .350
-49.633    .333
-49.600    .283
-49.617    .267
-49.633    .267
-49.633    .233
-49.667    .217
-49.733    .183
-49.800    .117
-49.833    .067
-49.817    .033
-49.900    .000
-50.000   -.050
-50.017   -.050
-50.033    .000
NA NA
-49.733    .000
-49.717    .017
-49.700    .033
-49.633    .067
-49.583    .083
-49.500    .083
-49.450    .067
-49.383    .033
-49.400    .017
-49.367    .000
-49.400   -.050
-49.433   -.083
-49.450   -.083
-49.450   -.100
-49.567   -.133
-49.717   -.150
-49.850   -.100
-49.733    .000
NA NA
-50.783    .000
-50.850   -.033
-50.917   -.033
-50.983   -.033
-50.950    .000
-50.917    .017
-50.833    .033
-50.783    .050
-50.750    .050
-50.717    .033
-50.717    .017
-50.750    .017
-50.783    .000
NA NA
-51.417   -.433
-51.367   -.400
-51.317   -.367
-51.300   -.317
-51.283   -.250
-51.217   -.150
-51.183   -.150
-51.133   -.167
-51.133   -.217
-51.167   -.250
-51.167   -.300
-51.267   -.400
-51.333   -.433
-51.383   -.467
-51.417   -.467
-51.417   -.433
NA NA
-51.467   -.567
-51.417   -.533
-51.350   -.533
-51.367   -.550
-51.367   -.600
-51.367   -.617
-51.383   -.633
-51.367   -.633
-51.333   -.650
-51.317   -.667
-51.300   -.683
-51.283   -.683
-51.267   -.667
-51.250   -.683
-51.233   -.700
-51.200   -.700
-51.183   -.700
-51.217   -.783
-51.233   -.833
-51.267  -1.000
-51.283  -1.033
-51.300  -1.000
-51.317   -.983
-51.333  -1.017
-51.383  -1.083
-51.433  -1.183
-51.650  -1.350
-51.783  -1.467
-51.833  -1.467
-51.900  -1.500
-51.917  -1.483
-51.950  -1.433
-51.883  -1.333
-51.867  -1.250
-51.800  -1.200
-51.767  -1.167
-51.733  -1.150
-51.683  -1.133
-51.667  -1.100
-51.667  -1.050
-51.683  -1.017
-51.683   -.917
-51.667   -.867
-51.633   -.800
-51.600   -.683
-51.467   -.567
-51.350   -.533
-51.333   -.517
-51.283   -.517
-51.267   -.533
-51.233   -.533
-51.217   -.567
-51.217   -.600
-51.183   -.600
-51.167   -.617
-51.167   -.667
-51.183   -.683
-51.183   -.700
NA NA
-51.200   -.867
-51.183   -.867
-51.217  -1.067
-51.233  -1.117
-51.267  -1.183
-51.333  -1.200
-51.400  -1.217
-51.417  -1.217
-51.400  -1.200
-51.367  -1.117
-51.250  -1.017
-51.233   -.933
-51.217   -.900
-51.200   -.867
NA NA
-51.150   -.700
-51.133   -.733
-51.150   -.817
-51.183   -.850
-51.183   -.800
-51.167   -.767
-51.167   -.717
-51.150   -.700
NA NA
-51.067   -.650
-51.100   -.650
-51.117   -.633
-51.200   -.583
-51.217   -.533
-51.267   -.500
-51.233   -.467
-51.150   -.417
-51.050   -.267
-51.033   -.250
-50.983   -.300
-50.967   -.283
-50.917   -.267
-50.867   -.317
-50.767   -.217
-50.767   -.317
-50.783   -.333
-50.833   -.367
-50.817   -.383
-50.783   -.383
-50.767   -.433
-50.817   -.483
-50.883   -.517
-51.017   -.583
-51.067   -.650
NA NA
-50.683    .000
-50.667   -.033
-50.633   -.100
-50.717   -.183
-50.750   -.183
-50.800   -.217
-50.833   -.233
-50.883   -.283
-50.917   -.250
-50.950   -.267
-50.983   -.250
-51.000   -.233
-51.017   -.233
-51.050   -.233
-51.033   -.183
-50.983   -.067
-50.967   -.067
-50.867   -.050
-50.833   -.033
-50.750    .000
NA NA
-48.333  -1.100
-48.317  -1.117
-48.333  -1.150
-48.333  -1.167
-48.367  -1.217
-48.400  -1.217
-48.433  -1.183
-48.467  -1.167
-48.467  -1.133
-48.417  -1.083
-48.417  -1.067
-48.383  -1.067
-48.367  -1.067
-48.350  -1.067
-48.333  -1.100
NA NA
-51.150  -1.167
-51.200  -1.083
-51.167   -.983
-51.167   -.900
-51.133   -.850
-51.133   -.817
-51.133   -.767
-51.100   -.717
-51.067   -.700
-51.050   -.667
-51.033   -.667
-51.017   -.667
-50.983   -.617
-50.950   -.583
-50.867   -.567
-50.833   -.550
-50.817   -.567
-50.817   -.617
-50.817   -.667
-50.817   -.700
-50.850   -.783
-50.833   -.817
-50.817   -.833
-50.817   -.867
-50.833   -.917
-50.833  -1.000
-50.817  -1.050
-50.750  -1.100
NA NA
-50.750  -1.100
-50.733  -1.100
-50.783  -1.050
-50.800  -1.000
-50.800   -.917
-50.783   -.800
-50.783   -.767
-50.783   -.700
-50.783   -.633
-50.733   -.550
-50.683   -.650
-50.633   -.633
-50.683   -.617
-50.683   -.600
-50.700   -.567
-50.733   -.517
-50.733   -.483
-50.717   -.433
-50.700   -.367
-50.667   -.300
-50.650   -.250
-50.567   -.200
-50.533   -.183
-50.517   -.167
-50.467   -.150
-50.400   -.167
-50.383   -.133
-50.383   -.100
-50.367   -.083
-50.317   -.100
-50.267   -.117
-50.267   -.117
-50.250   -.133
-50.167   -.133
-50.133   -.133
-50.050   -.150
-49.950   -.167
-49.850   -.200
-49.817   -.183
-49.767   -.217
-49.717   -.233
-49.667   -.250
-49.617   -.250
-49.550   -.233
-49.483   -.233
-49.433   -.217
-49.417   -.200
-49.367   -.183
-49.350   -.167
-49.283   -.150
-49.250   -.167
-49.217   -.150
-49.200   -.133
-49.183   -.150
-49.133   -.167
-49.017   -.167
-49.000   -.183
-49.000   -.183
-48.950   -.217
-48.917   -.233
-48.833   -.217
-48.783   -.217
-48.767   -.250
-48.700   -.250
-48.650   -.233
-48.500   -.233
-48.467   -.233
-48.433   -.250
-48.417   -.250
-48.383   -.300
-48.383   -.367
-48.433   -.400
-48.450   -.433
-48.483   -.533
-48.483   -.583
-48.483   -.700
-48.517   -.767
-48.517   -.783
-48.517   -.850
-48.517   -.883
-48.533   -.917
-48.583   -.933
-48.617   -.950
-48.617   -.950
-48.633   -.983
-48.633  -1.017
-48.617  -1.050
-48.633  -1.067
-48.700  -1.133
-48.733  -1.167
-48.800  -1.217
-48.750  -1.200
-48.750  -1.233
-48.783  -1.267
-48.800  -1.333
-48.817  -1.383
-48.817  -1.433
-48.867  -1.450
-48.900  -1.500
-48.933  -1.500
-49.000  -1.517
-49.067  -1.550
-49.083  -1.517
-49.100  -1.533
-49.083  -1.550
-49.100  -1.550
-49.117  -1.567
-49.183  -1.567
-49.183  -1.600
-49.167  -1.617
-49.350  -1.617
-49.383  -1.650
-49.417  -1.650
-49.450  -1.633
-49.483  -1.633
-49.517  -1.650
-49.550  -1.683
-49.550  -1.700
-49.567  -1.717
-49.650  -1.733
-49.683  -1.783
-49.717  -1.783
-49.733  -1.700
-49.750  -1.783
-49.817  -1.817
-49.867  -1.800
-49.950  -1.767
-50.033  -1.750
-50.050  -1.733
-50.100  -1.733
-50.183  -1.783
-50.217  -1.800
-50.250  -1.767
-50.300  -1.783
-50.350  -1.783
-50.400  -1.767
-50.433  -1.767
-50.433  -1.767
-50.500  -1.750
-50.550  -1.733
-50.600  -1.667
-50.717  -1.583
-50.750  -1.100
NA NA
-49.600  -1.783
-49.583  -1.800
-49.550  -1.783
-49.550  -1.817
-49.567  -1.833
-49.617  -1.833
-49.633  -1.817
-49.667  -1.817
-49.600  -1.783
NA NA
-48.583  -1.317
-48.550  -1.317
-48.550  -1.333
-48.550  -1.367
-48.533  -1.383
-48.533  -1.417
-48.533  -1.500
-48.517  -1.533
-48.533  -1.533
-48.567  -1.500
-48.583  -1.450
-48.600  -1.400
-48.600  -1.383
-48.600  -1.350
-48.583  -1.317
NA NA
-52.100  -1.500
-52.083  -1.500
-52.067  -1.483
-52.017  -1.450
-51.983  -1.450
-51.950  -1.483
-52.000  -1.467
-52.017  -1.467
-52.067  -1.517
-52.100  -1.500
NA NA
-52.233  -1.517
-52.217  -1.500
-52.117  -1.500
-52.067  -1.517
-52.000  -1.483
-51.983  -1.483
-51.950  -1.500
-51.900  -1.517
-51.933  -1.550
-52.050  -1.600
-52.067  -1.550
-52.150  -1.567
-52.200  -1.583
-52.233  -1.550
-52.233  -1.517
NA NA
-52.200  -1.367
-52.150  -1.417
-52.333  -1.500
-52.400  -1.533
-52.467  -1.533
-52.533  -1.550
-52.500  -1.500
-52.383  -1.433
-52.300  -1.417
-52.200  -1.367
NA NA
-49.117  -1.767
-49.017  -1.683
-48.983  -1.600
-48.900  -1.583
-48.950  -1.717
-48.933  -1.733
-48.933  -1.750
-48.967  -1.783
-49.000  -1.783
-49.017  -1.817
-49.033  -1.833
-49.067  -1.833
-49.150  -1.850
-49.117  -1.767
