-53.833 -27.150
-53.817 -27.150
-53.800 -27.133
-53.833 -27.133
-53.817 -27.117
-53.817 -27.100
-53.783 -27.100
-53.817 -27.067
-53.783 -27.067
-53.800 -27.033
-53.767 -27.067
-53.783 -27.033
-53.767 -27.033
-53.767 -27.000
-53.750 -27.000
-53.750 -26.983
-53.733 -26.983
-53.733 -26.967
-53.717 -26.967
-53.717 -26.933
-53.683 -26.933
-53.700 -26.917
-53.683 -26.900
-53.700 -26.883
-53.700 -26.867
-53.717 -26.850
-53.700 -26.833
-53.717 -26.817
-53.700 -26.800
-53.717 -26.783
-53.717 -26.767
-53.733 -26.783
-53.750 -26.767
-53.717 -26.750
-53.750 -26.733
-53.750 -26.717
-53.733 -26.700
-53.750 -26.667
-53.733 -26.683
-53.733 -26.667
-53.733 -26.650
-53.750 -26.650
-53.733 -26.567
-53.717 -26.567
-53.750 -26.533
-53.717 -26.533
-53.717 -26.517
-53.700 -26.517
-53.717 -26.483
-53.700 -26.467
-53.717 -26.450
-53.700 -26.433
-53.717 -26.400
-53.650 -26.283
-53.645 -26.248
-53.634 -26.235
-53.633 -26.233
-53.600 -26.250
-53.550 -26.283
-53.500 -26.300
-53.450 -26.283
-53.417 -26.267
-53.400 -26.250
-53.283 -26.233
-53.217 -26.317
-53.167 -26.333
-53.117 -26.367
-53.050 -26.367
-52.967 -26.350
-52.917 -26.350
-52.883 -26.333
-52.817 -26.333
-52.700 -26.350
-52.667 -26.367
-52.600 -26.417
-52.567 -26.400
-52.517 -26.400
-52.433 -26.433
-52.383 -26.433
-52.367 -26.433
-52.333 -26.433
-52.233 -26.467
-52.200 -26.450
-52.167 -26.467
-52.117 -26.483
-52.100 -26.500
-52.033 -26.533
-51.983 -26.567
-51.967 -26.567
-51.883 -26.583
-51.650 -26.583
-51.617 -26.600
-51.500 -26.583
-51.483 -26.633
-51.450 -26.633
-51.433 -26.683
-51.400 -26.717
-51.383 -26.700
-51.383 -26.667
-51.333 -26.650
-51.283 -26.650
-51.267 -26.617
-51.233 -26.617
-51.217 -26.567
-51.250 -26.533
-51.267 -26.500
-51.250 -26.483
-51.250 -26.467
-51.267 -26.450
-51.300 -26.433
-51.283 -26.400
-51.267 -26.383
-51.250 -26.367
-51.267 -26.333
-51.250 -26.333
-51.167 -26.283
-51.117 -26.267
-51.067 -26.233
-51.050 -26.250
-51.000 -26.233
-50.967 -26.250
-50.967 -26.267
-50.950 -26.283
-50.933 -26.267
-50.950 -26.250
-50.933 -26.233
-50.917 -26.250
-50.900 -26.283
-50.883 -26.283
-50.867 -26.250
-50.850 -26.267
-50.833 -26.267
-50.817 -26.233
-50.767 -26.217
-50.750 -26.250
-50.717 -26.250
-50.733 -26.217
-50.700 -26.183
-50.683 -26.150
-50.650 -26.133
-50.667 -26.100
-50.633 -26.067
-50.550 -26.067
-50.550 -26.050
-50.600 -26.050
-50.600 -26.033
-50.567 -26.000
-50.550 -26.033
-50.517 -26.033
-50.483 -26.017
-50.483 -26.033
-50.450 -26.033
-50.450 -26.050
-50.417 -26.067
-50.400 -26.050
-50.367 -26.083
-50.367 -26.117
-50.333 -26.133
-50.317 -26.067
-50.283 -26.050
-50.250 -26.033
-50.233 -26.050
-50.183 -26.050
-50.167 -26.067
-50.133 -26.050
-50.117 -26.067
-50.100 -26.050
-50.083 -26.033
-50.050 -26.050
-50.033 -26.033
-50.017 -26.033
-50.017 -26.000
-49.983 -26.017
-49.983 -26.050
-49.950 -26.033
-49.967 -26.017
-49.917 -26.017
-49.900 -26.033
-49.883 -26.033
-49.850 -26.067
-49.833 -26.067
-49.833 -26.100
-49.783 -26.083
-49.767 -26.117
-49.733 -26.150
-49.683 -26.183
-49.683 -26.200
-49.667 -26.200
-49.650 -26.217
-49.633 -26.183
-49.633 -26.217
-49.617 -26.217
-49.600 -26.233
-49.567 -26.233
-49.550 -26.217
-49.517 -26.217
-49.500 -26.200
-49.483 -26.183
-49.450 -26.167
-49.383 -26.167
-49.367 -26.133
-49.300 -26.117
-49.283 -26.067
-49.250 -26.033
-49.233 -26.017
-49.167 -26.000
-49.150 -26.017
-49.133 -26.000
-49.117 -26.000
-49.100 -26.017
-49.083 -26.000
-49.067 -26.017
-48.967 -25.967
-48.600 -25.983
-48.617 -26.050
-48.583 -26.150
-48.600 -26.183
-48.633 -26.183
-48.683 -26.233
-48.717 -26.250
-48.750 -26.217
-48.750 -26.183
-48.783 -26.133
-48.783 -26.100
-48.817 -26.067
-48.800 -26.100
-48.783 -26.167
-48.767 -26.200
-48.767 -26.233
-48.767 -26.250
-48.767 -26.267
-48.767 -26.283
-48.783 -26.283
-48.817 -26.300
-48.750 -26.300
-48.733 -26.333
-48.717 -26.350
-48.667 -26.367
-48.667 -26.383
-48.633 -26.433
-48.617 -26.450
-48.667 -26.517
-48.700 -26.617
-48.700 -26.683
-48.683 -26.750
-48.650 -26.750
-48.633 -26.783
-48.600 -26.767
-48.600 -26.800
-48.617 -26.817
-48.633 -26.833
-48.633 -26.883
-48.667 -26.900
-48.633 -26.917
-48.617 -26.950
-48.633 -26.983
-48.617 -27.000
-48.600 -26.983
-48.583 -27.017
-48.567 -27.017
-48.600 -27.067
-48.617 -27.117
-48.600 -27.133
-48.583 -27.167
-48.550 -27.150
-48.533 -27.117
-48.517 -27.117
-48.517 -27.150
-48.483 -27.133
-48.483 -27.150
-48.517 -27.167
-48.500 -27.200
-48.533 -27.200
-48.550 -27.183
-48.617 -27.217
-48.633 -27.250
-48.633 -27.283
-48.617 -27.317
-48.600 -27.317
-48.567 -27.300
-48.550 -27.317
-48.567 -27.350
-48.550 -27.383
-48.567 -27.367
-48.583 -27.350
-48.583 -27.400
-48.583 -27.417
-48.617 -27.417
-48.633 -27.433
-48.650 -27.450
-48.650 -27.500
-48.617 -27.550
-48.583 -27.583
-48.583 -27.600
-48.617 -27.600
-48.667 -27.650
-48.650 -27.650
-48.633 -27.700
-48.633 -27.733
-48.617 -27.750
-48.633 -27.783
-48.600 -27.817
-48.583 -27.833
-48.567 -27.867
-48.583 -27.883
-48.617 -27.933
-48.633 -28.000
-48.617 -28.000
-48.600 -28.017
-48.617 -28.067
-48.633 -28.083
-48.650 -28.117
-48.667 -28.183
-48.650 -28.200
-48.667 -28.217
-48.650 -28.233
-48.667 -28.250
-48.700 -28.317
-48.700 -28.350
-48.717 -28.350
-48.733 -28.367
-48.733 -28.417
-48.767 -28.467
-48.750 -28.500
-48.767 -28.533
-48.783 -28.550
-48.783 -28.567
-48.817 -28.583
-48.833 -28.600
-48.883 -28.617
-48.967 -28.667
-48.983 -28.667
-49.033 -28.700
-49.200 -28.817
-49.300 -28.900
-49.400 -28.983
-49.533 -29.100
-49.667 -29.250
-49.742 -29.328
-49.742 -29.328
-49.750 -29.317
-49.750 -29.300
-49.833 -29.283
-49.850 -29.250
-49.900 -29.217
-49.950 -29.200
-49.967 -29.217
-50.000 -29.233
-50.100 -29.267
-50.100 -29.283
-50.050 -29.333
-50.050 -29.367
-50.083 -29.333
-50.100 -29.317
-50.167 -29.300
-50.183 -29.300
-50.183 -29.283
-50.167 -29.233
-50.183 -29.183
-50.183 -29.183
-50.100 -29.150
-50.100 -29.117
-50.100 -29.100
-50.067 -29.100
-50.067 -29.133
-50.050 -29.083
-50.033 -29.100
-50.017 -29.117
-50.000 -29.083
-50.000 -29.067
-49.983 -29.033
-49.967 -28.967
-49.950 -28.950
-49.967 -28.900
-49.967 -28.883
-49.967 -28.800
-49.933 -28.733
-49.950 -28.733
-49.950 -28.717
-49.917 -28.717
-49.900 -28.733
-49.883 -28.700
-49.850 -28.700
-49.833 -28.700
-49.800 -28.617
-49.717 -28.617
-49.733 -28.533
-49.717 -28.517
-49.733 -28.517
-49.733 -28.500
-49.750 -28.500
-49.767 -28.467
-49.783 -28.500
-49.800 -28.483
-49.817 -28.500
-49.850 -28.500
-49.867 -28.467
-49.867 -28.450
-49.883 -28.450
-49.900 -28.467
-49.933 -28.467
-49.933 -28.483
-49.950 -28.483
-49.950 -28.450
-49.983 -28.450
-50.017 -28.467
-50.033 -28.483
-50.100 -28.483
-50.117 -28.433
-50.150 -28.467
-50.167 -28.467
-50.167 -28.483
-50.183 -28.483
-50.183 -28.450
-50.200 -28.450
-50.217 -28.467
-50.250 -28.450
-50.267 -28.467
-50.317 -28.433
-50.333 -28.450
-50.350 -28.450
-50.367 -28.417
-50.383 -28.433
-50.417 -28.433
-50.450 -28.417
-50.483 -28.400
-50.517 -28.400
-50.533 -28.417
-50.567 -28.400
-50.583 -28.383
-50.617 -28.383
-50.633 -28.367
-50.650 -28.333
-50.667 -28.300
-50.700 -28.267
-50.733 -28.250
-50.767 -28.183
-50.783 -28.200
-50.783 -28.133
-50.817 -28.133
-50.817 -28.117
-50.850 -28.117
-50.850 -28.133
-50.867 -28.133
-50.867 -28.083
-50.900 -28.083
-50.867 -28.050
-50.883 -28.017
-50.933 -28.000
-50.917 -27.967
-50.983 -27.933
-51.000 -27.967
-51.017 -27.967
-51.017 -27.917
-51.050 -27.900
-51.050 -27.883
-51.067 -27.867
-51.100 -27.817
-51.133 -27.833
-51.133 -27.817
-51.167 -27.783
-51.200 -27.767
-51.233 -27.767
-51.267 -27.750
-51.300 -27.717
-51.317 -27.700
-51.317 -27.667
-51.333 -27.667
-51.350 -27.683
-51.367 -27.667
-51.383 -27.617
-51.400 -27.617
-51.417 -27.650
-51.433 -27.650
-51.433 -27.617
-51.467 -27.600
-51.483 -27.567
-51.500 -27.550
-51.550 -27.550
-51.567 -27.583
-51.583 -27.567
-51.583 -27.517
-51.600 -27.517
-51.617 -27.533
-51.633 -27.533
-51.617 -27.483
-51.650 -27.483
-51.650 -27.500
-51.667 -27.517
-51.683 -27.483
-51.667 -27.483
-51.667 -27.467
-51.700 -27.467
-51.717 -27.517
-51.733 -27.517
-51.750 -27.483
-51.800 -27.483
-51.800 -27.517
-51.833 -27.500
-51.850 -27.517
-51.850 -27.467
-51.883 -27.483
-51.867 -27.500
-51.883 -27.517
-51.900 -27.517
-51.900 -27.450
-51.950 -27.467
-51.967 -27.467
-51.933 -27.433
-51.950 -27.417
-52.017 -27.400
-51.983 -27.383
-51.950 -27.383
-51.967 -27.367
-52.033 -27.367
-52.017 -27.333
-52.050 -27.350
-52.083 -27.333
-52.117 -27.350
-52.117 -27.300
-52.183 -27.317
-52.167 -27.283
-52.183 -27.267
-52.217 -27.333
-52.233 -27.333
-52.250 -27.300
-52.283 -27.300
-52.233 -27.267
-52.283 -27.250
-52.317 -27.267
-52.300 -27.317
-52.317 -27.317
-52.333 -27.300
-52.350 -27.283
-52.367 -27.300
-52.383 -27.300
-52.383 -27.267
-52.400 -27.250
-52.400 -27.300
-52.450 -27.267
-52.433 -27.217
-52.483 -27.233
-52.483 -27.267
-52.533 -27.267
-52.550 -27.233
-52.567 -27.250
-52.600 -27.250
-52.617 -27.267
-52.650 -27.267
-52.650 -27.250
-52.667 -27.233
-52.683 -27.250
-52.683 -27.267
-52.700 -27.283
-52.700 -27.250
-52.733 -27.233
-52.733 -27.250
-52.767 -27.250
-52.767 -27.200
-52.783 -27.200
-52.850 -27.217
-52.850 -27.183
-52.867 -27.167
-52.883 -27.183
-52.917 -27.200
-52.933 -27.200
-52.950 -27.167
-52.967 -27.167
-52.967 -27.217
-53.000 -27.217
-53.017 -27.200
-52.983 -27.150
-53.000 -27.133
-53.033 -27.167
-53.050 -27.150
-53.017 -27.117
-53.033 -27.100
-53.017 -27.067
-53.050 -27.083
-53.083 -27.117
-53.067 -27.150
-53.150 -27.183
-53.150 -27.150
-53.167 -27.133
-53.183 -27.200
-53.250 -27.167
-53.267 -27.183
-53.300 -27.200
-53.317 -27.217
-53.333 -27.217
-53.300 -27.133
-53.317 -27.117
-53.350 -27.117
-53.367 -27.100
-53.400 -27.100
-53.417 -27.150
-53.467 -27.150
-53.483 -27.133
-53.517 -27.133
-53.500 -27.167
-53.483 -27.200
-53.500 -27.217
-53.550 -27.183
-53.617 -27.183
-53.633 -27.200
-53.633 -27.217
-53.650 -27.217
-53.650 -27.183
-53.667 -27.167
-53.700 -27.167
-53.717 -27.183
-53.750 -27.200
-53.767 -27.150
-53.800 -27.150
-53.817 -27.183
-53.834 -27.152
-53.833 -27.150
NA NA
-48.533 -26.167
-48.550 -26.167
-48.583 -26.183
-48.567 -26.200
-48.567 -26.217
-48.650 -26.233
-48.650 -26.267
-48.683 -26.267
-48.700 -26.283
-48.717 -26.300
-48.717 -26.317
-48.683 -26.333
-48.633 -26.383
-48.633 -26.417
-48.617 -26.433
-48.583 -26.433
-48.567 -26.433
-48.567 -26.417
-48.600 -26.400
-48.600 -26.383
-48.550 -26.350
-48.567 -26.317
-48.533 -26.267
-48.517 -26.250
-48.500 -26.233
-48.500 -26.217
-48.517 -26.217
-48.533 -26.200
-48.533 -26.167
NA NA
-48.417 -27.383
-48.433 -27.367
-48.450 -27.383
-48.450 -27.417
-48.483 -27.417
-48.533 -27.433
-48.550 -27.450
-48.533 -27.450
-48.550 -27.467
-48.533 -27.483
-48.533 -27.517
-48.517 -27.533
-48.533 -27.550
-48.517 -27.567
-48.550 -27.567
-48.567 -27.583
-48.550 -27.600
-48.533 -27.600
-48.533 -27.617
-48.550 -27.633
-48.567 -27.633
-48.567 -27.650
-48.583 -27.667
-48.567 -27.683
-48.567 -27.733
-48.583 -27.750
-48.567 -27.767
-48.567 -27.800
-48.567 -27.817
-48.533 -27.783
-48.533 -27.767
-48.500 -27.783
-48.483 -27.767
-48.483 -27.750
-48.500 -27.733
-48.483 -27.700
-48.500 -27.683
-48.483 -27.667
-48.467 -27.650
-48.450 -27.617
-48.433 -27.600
-48.433 -27.583
-48.400 -27.567
-48.417 -27.550
-48.417 -27.517
-48.383 -27.483
-48.367 -27.450
-48.350 -27.433
-48.367 -27.433
-48.417 -27.433
-48.417 -27.383
NA NA
-48.3675 -27.2714
-48.3656 -27.2728
-48.3637 -27.2729
-48.3617 -27.2730
-48.3597 -27.2726
-48.3583 -27.2744
-48.3574 -27.2757
-48.3565 -27.2775
-48.3566 -27.2793
-48.3572 -27.2810
-48.3583 -27.2831
-48.3584 -27.2849
-48.3584 -27.2866
-48.3585 -27.2884
-48.3576 -27.2902
-48.3567 -27.2915
-48.3548 -27.2929
-48.3534 -27.2942
-48.3520 -27.2956
-48.3516 -27.2969
-48.3517 -27.2987
-48.3527 -27.3004
-48.3547 -27.3003
-48.3571 -27.3002
-48.3596 -27.3001
-48.3610 -27.2992
-48.3624 -27.2978
-48.3644 -27.2969
-48.3663 -27.2968
-48.3677 -27.2954
-48.3686 -27.2937
-48.3690 -27.2919
-48.3689 -27.2902
-48.3703 -27.2884
-48.3722 -27.2874
-48.3737 -27.2860
-48.3756 -27.2851
-48.3775 -27.2846
-48.3789 -27.2832
-48.3798 -27.2814
-48.3812 -27.2796
-48.3811 -27.2779
-48.3801 -27.2762
-48.3790 -27.2749
-48.3775 -27.2737
-48.3759 -27.2724
-48.3744 -27.2712
-48.3728 -27.2695
-48.3713 -27.2687
-48.3693 -27.2679
-48.3679 -27.2688
-48.3675 -27.2714

