-41.267  -3.000
-41.267  -2.967
-41.250  -2.933
-41.283  -2.917
-41.300  -2.917
-41.300  -2.917
-41.267  -2.900
-41.100  -2.900
-40.967  -2.883
-40.900  -2.867
-40.850  -2.883
-40.767  -2.850
-40.650  -2.850
-40.567  -2.833
-40.533  -2.800
-40.500  -2.783
-40.433  -2.800
-40.350  -2.800
-40.267  -2.800
-40.183  -2.817
-40.133  -2.833
-40.117  -2.817
-40.067  -2.833
-40.033  -2.833
-39.983  -2.833
-39.933  -2.850
-39.900  -2.867
-39.800  -2.950
-39.767  -2.967
-39.717  -2.983
-39.650  -3.017
-39.633  -3.017
-39.600  -3.050
-39.567  -3.067
-39.533  -3.083
-39.467  -3.117
-39.400  -3.167
-39.367  -3.167
-39.350  -3.167
-39.333  -3.200
-39.250  -3.217
-39.217  -3.233
-39.167  -3.300
-39.150  -3.333
-39.117  -3.333
-39.017  -3.400
-38.983  -3.383
-38.917  -3.483
-38.900  -3.483
-38.850  -3.533
-38.833  -3.533
-38.783  -3.567
-38.700  -3.633
-38.650  -3.667
-38.583  -3.683
-38.500  -3.700
-38.483  -3.683
-38.417  -3.800
-38.350  -3.883
-38.300  -3.917
-38.283  -3.917
-38.233  -4.000
-38.217  -4.017
-38.200  -4.017
-38.200  -4.033
-38.167  -4.083
-38.167  -4.117
-38.150  -4.100
-38.133  -4.133
-38.100  -4.167
-38.067  -4.200
-38.033  -4.233
-38.000  -4.250
-37.983  -4.283
-37.917  -4.333
-37.867  -4.367
-37.833  -4.383
-37.767  -4.400
-37.800  -4.433
-37.750  -4.433
-37.750  -4.467
-37.733  -4.500
-37.700  -4.533
-37.683  -4.550
-37.667  -4.567
-37.617  -4.600
-37.600  -4.617
-37.567  -4.633
-37.533  -4.633
-37.500  -4.617
-37.483  -4.633
-37.450  -4.650
-37.400  -4.667
-37.333  -4.700
-37.300  -4.733
-37.283  -4.783
-37.250  -4.831
-37.500  -4.883
-37.633  -4.926
-37.633  -4.917
-37.634  -4.917
-37.676  -5.000
-37.767  -5.200
-37.901  -5.402
-37.917  -5.467
-38.067  -5.650
-38.083  -5.717
-38.067  -5.733
-38.067  -5.783
-38.083  -5.800
-38.083  -5.817
-38.117  -5.850
-38.117  -5.883
-38.150  -5.917
-38.167  -5.933
-38.183  -5.950
-38.217  -5.967
-38.233  -6.000
-38.250  -6.017
-38.267  -6.050
-38.333  -6.100
-38.367  -6.083
-38.400  -6.067
-38.433  -6.067
-38.467  -6.100
-38.483  -6.133
-38.483  -6.183
-38.500  -6.200
-38.517  -6.217
-38.550  -6.217
-38.550  -6.233
-38.533  -6.233
-38.533  -6.250
-38.567  -6.267
-38.583  -6.283
-38.567  -6.333
-38.600  -6.383
-38.583  -6.417
-38.550  -6.400
-38.533  -6.383
-38.517  -6.417
-38.550  -6.433
-38.583  -6.467
-38.633  -6.550
-38.617  -6.583
-38.650  -6.617
-38.650  -6.667
-38.683  -6.700
-38.650  -6.733
-38.650  -6.783
-38.667  -6.800
-38.683  -6.833
-38.700  -6.867
-38.733  -6.883
-38.783  -6.900
-38.750  -6.933
-38.750  -6.967
-38.767  -6.967
-38.733  -7.000
-38.683  -7.050
-38.667  -7.083
-38.667  -7.133
-38.683  -7.167
-38.683  -7.183
-38.633  -7.183
-38.633  -7.200
-38.617  -7.200
-38.600  -7.250
-38.567  -7.250
-38.550  -7.283
-38.533  -7.317
-38.567  -7.367
-38.583  -7.400
-38.600  -7.400
-38.600  -7.450
-38.633  -7.533
-38.650  -7.550
-38.700  -7.583
-38.700  -7.583
-38.717  -7.600
-38.700  -7.633
-38.733  -7.633
-38.750  -7.650
-38.783  -7.650
-38.800  -7.667
-38.817  -7.683
-38.833  -7.733
-38.850  -7.750
-38.883  -7.733
-38.933  -7.750
-38.950  -7.767
-38.950  -7.800
-38.950  -7.817
-38.967  -7.833
-38.983  -7.850
-39.000  -7.817
-39.017  -7.800
-39.067  -7.833
-39.091  -7.858
-39.083  -7.833
-39.100  -7.833
-39.117  -7.800
-39.117  -7.767
-39.150  -7.733
-39.150  -7.717
-39.167  -7.700
-39.200  -7.683
-39.250  -7.683
-39.267  -7.667
-39.300  -7.667
-39.317  -7.650
-39.317  -7.633
-39.300  -7.583
-39.333  -7.550
-39.350  -7.517
-39.383  -7.483
-39.483  -7.433
-39.600  -7.350
-39.650  -7.317
-39.700  -7.317
-39.767  -7.333
-39.867  -7.333
-39.933  -7.350
-39.983  -7.367
-40.000  -7.367
-40.017  -7.383
-40.117  -7.383
-40.167  -7.367
-40.200  -7.367
-40.267  -7.333
-40.283  -7.283
-40.317  -7.283
-40.333  -7.317
-40.367  -7.367
-40.417  -7.367
-40.450  -7.333
-40.467  -7.317
-40.500  -7.317
-40.500  -7.300
-40.517  -7.233
-40.500  -7.150
-40.450  -7.067
-40.400  -7.000
-40.433  -6.933
-40.417  -6.883
-40.370  -6.800
-40.383  -6.767
-40.433  -6.767
-40.467  -6.733
-40.567  -6.717
-40.633  -6.683
-40.717  -6.683
-40.733  -6.650
-40.700  -6.600
-40.717  -6.550
-40.783  -6.517
-40.800  -6.500
-40.800  -6.383
-40.783  -6.367
-40.783  -6.317
-40.817  -6.267
-40.850  -6.200
-40.833  -6.133
-40.867  -6.100
-40.867  -6.050
-40.883  -6.033
-40.900  -6.000
-40.867  -5.967
-40.900  -5.900
-40.883  -5.850
-40.883  -5.800
-40.900  -5.767
-40.917  -5.717
-40.917  -5.617
-40.933  -5.567
-40.933  -5.533
-40.917  -5.483
-40.933  -5.467
-40.983  -5.433
-41.000  -5.400
-41.050  -5.333
-41.050  -5.267
-41.067  -5.200
-41.067  -5.133
-41.083  -5.083
-41.100  -5.033
-41.117  -4.983
-41.117  -4.900
-41.150  -4.883
-41.167  -4.883
-41.183  -4.850
-41.183  -4.850
-41.167  -4.800
-41.167  -4.733
-41.200  -4.667
-41.217  -4.633
-41.250  -4.600
-41.233  -4.567
-41.183  -4.533
-41.150  -4.500
-41.133  -4.417
-41.100  -4.367
-41.067  -4.317
-41.083  -4.283
-41.100  -4.217
-41.117  -4.183
-41.233  -4.000
-41.283  -3.933
-41.300  -3.800
-41.333  -3.750
-41.350  -3.683
-41.383  -3.600
-41.400  -3.550
-41.417  -3.417
-41.417  -3.367
-41.400  -3.317
-41.333  -3.200
-41.317  -3.150
-41.267  -3.083
-41.250  -3.033
-41.267  -3.000
