-59.50499  13.05696
-59.51027  13.05502
-59.51582  13.05387
-59.52138  13.05278
-59.52722  13.05169
-59.53306  13.05055
-59.53725  13.05358
-59.53943  13.05777
-59.54137  13.06275
-59.54332  13.06751
-59.54750  13.07054
-59.55363  13.07169
-59.55920  13.07306
-59.56475  13.07472
-59.57111  13.07581
-59.57753  13.07667
-59.58417  13.07725
-59.59053  13.07805
-59.59695  13.07919
-59.60331  13.08000
-59.60778  13.08252
-59.61139  13.08584
-59.61248  13.09169
-59.61586  13.09501
-59.62056  13.09747
-59.62554  13.09971
-59.62864  13.10332
-59.62915  13.10945
-59.62944  13.11558
-59.63058  13.12113
-59.63333  13.12526
-59.63586  13.12973
-59.63832  13.13391
-59.64026  13.13861
-59.64222  13.14359
-59.64336  13.14915
-59.64359  13.15528
-59.64250  13.16141
-59.64083  13.16697
-59.64055  13.17362
-59.64083  13.17998
-59.64141  13.18611
-59.64193  13.19224
-59.64279  13.19780
-59.64336  13.20387
-59.64502  13.20891
-59.64611  13.21447
-59.64748  13.22003
-59.64834  13.22553
-59.64886  13.23166
-59.64863  13.23859
-59.64806  13.24529
-59.64944  13.25085
-59.65029  13.25641
-59.65224  13.26139
-59.65276  13.26753
-59.65304  13.27360
-59.65499  13.27858
-59.65779  13.28277
-59.65946  13.28775
-59.65918  13.29308
-59.65831  13.29915
-59.65637  13.30471
-59.65470  13.30998
-59.65304  13.31554
-59.65081  13.32029
-59.64777  13.32419
-59.64474  13.32803
-59.64112  13.33141
-59.63614  13.33307
-59.63110  13.33502
-59.62526  13.33611
-59.61970  13.33720
-59.61248  13.33697
-59.60692  13.33531
-59.60165  13.33359
-59.59586  13.33193
-59.59111  13.32975
-59.58858  13.32528
-59.58669  13.32058
-59.58389  13.31640
-59.58165  13.31193
-59.57890  13.30780
-59.57609  13.30362
-59.57363  13.29915
-59.57168  13.29445
-59.56945  13.29027
-59.56807  13.28471
-59.56613  13.27973
-59.56527  13.27417
-59.56332  13.26942
-59.56137  13.26443
-59.55942  13.25945
-59.55695  13.25526
-59.55444  13.25114
-59.55169  13.24696
-59.54831  13.24335
-59.54498  13.23974
-59.54109  13.23613
-59.53696  13.23303
-59.53444  13.22891
-59.53112  13.22530
-59.52751  13.22169
-59.52447  13.21808
-59.52109  13.21447
-59.51696  13.21166
-59.51307  13.20863
-59.50808  13.20639
-59.50391  13.20335
-59.50000  13.20055
-59.49582  13.19751
-59.49164  13.19470
-59.48780  13.19167
-59.48362  13.18863
-59.47944  13.18582
-59.47474  13.18359
-59.46999  13.18112
-59.46362  13.18026
-59.45807  13.17860
-59.45331  13.17637
-59.44775  13.17471
-59.44219  13.17304
-59.43750  13.17081
-59.43332  13.16777
-59.42919  13.16502
-59.42833  13.15918
-59.42696  13.15391
-59.42724  13.14692
-59.42833  13.14084
-59.43027  13.13529
-59.43251  13.13082
-59.43475  13.12612
-59.43692  13.12136
-59.43944  13.11667
-59.44248  13.11277
-59.44471  13.10807
-59.44804  13.10417
-59.45028  13.09942
-59.45388  13.09610
-59.45669  13.09220
-59.46053  13.08888
-59.46443  13.08555
-59.46889  13.08303
-59.47251  13.08000
-59.47668  13.07748
-59.48029  13.07415
-59.48528  13.07220
-59.49084  13.07140
-59.49697  13.07026
-59.49972  13.06613
-59.50000  13.05943
-59.50499  13.05696
