-69.14639  12.38391
-69.14363  12.38110
-69.13859  12.37887
-69.13389  12.37669
-69.12919  12.37446
-69.12415  12.37222
-69.11859  12.37085
-69.11303  12.36947
-69.10748  12.36775
-69.10249  12.36557
-69.09779  12.36334
-69.09390  12.36053
-69.08971  12.35778
-69.08553  12.35498
-69.08141  12.35194
-69.07780  12.34862
-69.07527  12.34443
-69.07253  12.34025
-69.06972  12.33613
-69.06720  12.33166
-69.06525  12.32696
-69.06250  12.32278
-69.06055  12.31808
-69.05831  12.31304
-69.05723  12.30748
-69.05666  12.30140
-69.05614  12.29527
-69.05557  12.28891
-69.05361  12.28416
-69.05167  12.27917
-69.04972  12.27442
-69.04778  12.26972
-69.04526  12.26525
-69.04308  12.26055
-69.04027  12.25637
-69.03694  12.25276
-69.03413  12.24863
-69.03139  12.24445
-69.02806  12.24113
-69.02388  12.23804
-69.01919  12.23586
-69.01443  12.23391
-69.01031  12.23082
-69.00750  12.22669
-69.00417  12.22331
-69.00085  12.21970
-68.99724  12.21609
-68.99306  12.21334
-68.98887  12.21053
-68.98498  12.20778
-68.98085  12.20475
-68.97581  12.20251
-68.97054  12.20114
-68.96555  12.19890
-68.95999  12.19753
-68.95444  12.19581
-68.94808  12.19501
-68.94195  12.19415
-68.93639  12.19277
-68.92998  12.19168
-68.92585  12.18887
-68.92081  12.18664
-68.91669  12.18389
-68.91193  12.18166
-68.90499  12.18166
-68.89863  12.18194
-68.89222  12.18252
-68.88609  12.18303
-68.87887  12.18280
-68.87331  12.18137
-68.86804  12.17999
-68.86168  12.17891
-68.85670  12.17696
-68.85114  12.17530
-68.84609  12.17306
-68.84139  12.17083
-68.83669  12.16859
-68.83251  12.16584
-68.82833  12.16303
-68.82415  12.16028
-68.82169  12.15610
-68.81808  12.15192
-68.81613  12.14693
-68.81498  12.14138
-68.81361  12.13582
-68.81252  12.13055
-68.81057  12.12556
-68.80833  12.12081
-68.80639  12.11582
-68.80306  12.11250
-68.79917  12.10946
-68.79498  12.10666
-68.79137  12.10305
-68.78891  12.09886
-68.78531  12.09525
-68.78140  12.09250
-68.77637  12.09027
-68.77304  12.08695
-68.76943  12.08334
-68.76611  12.07973
-68.76336  12.07554
-68.75998  12.07193
-68.75665  12.06861
-68.75304  12.06500
-68.74886  12.06219
-68.74502  12.05944
-68.74221  12.05526
-68.73947  12.05114
-68.73889  12.04609
-68.74193  12.04220
-68.74697  12.04025
-68.75253  12.04168
-68.75665  12.04472
-68.76359  12.04472
-68.76914  12.04363
-68.77499  12.04220
-68.78055  12.04111
-68.78696  12.04054
-68.79253  12.04082
-68.79888  12.04025
-68.80530  12.04111
-68.81057  12.04248
-68.81693  12.04334
-68.82169  12.04558
-68.82748  12.04724
-68.83223  12.04942
-68.83612  12.05223
-68.84031  12.05497
-68.84392  12.05858
-68.84776  12.06139
-68.85417  12.06219
-68.86002  12.06391
-68.86472  12.06586
-68.86890  12.06890
-68.87359  12.07113
-68.87778  12.07388
-68.88110  12.07749
-68.88390  12.08167
-68.88637  12.08586
-68.89222  12.08723
-68.89692  12.08528
-68.90419  12.08557
-68.90889  12.08780
-68.91388  12.08998
-68.91863  12.09222
-68.92361  12.09416
-68.92831  12.09640
-68.93307  12.09863
-68.93725  12.10138
-68.94224  12.10362
-68.94694  12.10585
-68.95192  12.10803
-68.95667  12.11026
-68.96166  12.11250
-68.96555  12.11525
-68.96973  12.11806
-68.97392  12.12109
-68.97724  12.12442
-68.98137  12.12722
-68.98498  12.13083
-68.98887  12.13358
-68.99249  12.13719
-68.99667  12.14000
-68.99999  12.14361
-69.00194  12.14860
-69.00475  12.15249
-69.00669  12.15748
-69.01002  12.16109
-69.01414  12.16389
-69.01833  12.16664
-69.02165  12.17025
-69.02446  12.17444
-69.02641  12.17919
-69.02749  12.18475
-69.03030  12.18887
-69.03305  12.19306
-69.03723  12.19609
-69.04193  12.19804
-69.04697  12.20028
-69.05167  12.19833
-69.05557  12.19501
-69.05917  12.19168
-69.06250  12.18836
-69.06748  12.18779
-69.07081  12.19140
-69.07419  12.19501
-69.07722  12.19919
-69.07918  12.20389
-69.08170  12.20807
-69.08359  12.21305
-69.08640  12.21724
-69.08914  12.22136
-69.09252  12.22503
-69.09665  12.22778
-69.09998  12.23110
-69.10364  12.23471
-69.10610  12.23889
-69.10891  12.24308
-69.11223  12.24669
-69.11498  12.25081
-69.11779  12.25499
-69.12111  12.25832
-69.12386  12.26279
-69.12724  12.26611
-69.13056  12.26972
-69.13447  12.27333
-69.13859  12.27614
-69.14277  12.27889
-69.14695  12.28169
-69.15194  12.28387
-69.15612  12.28697
-69.15944  12.29029
-69.16139  12.29527
-69.16196  12.30140
-69.16030  12.30696
-69.15836  12.31137
-69.15807  12.31831
-69.15836  12.32472
-69.15973  12.32999
-69.16030  12.33641
-69.16081  12.34248
-69.16225  12.34804
-69.16248  12.35417
-69.16306  12.36030
-69.16363  12.36638
-69.16586  12.37136
-69.16695  12.37692
-69.16666  12.38391
-69.16391  12.38781
-69.15887  12.38970
-69.15303  12.39084
-69.14890  12.38804
-69.14639  12.38391
