-81.39502  19.32610
-81.39581  19.33114
-81.39610  19.33721
-81.39668  19.34334
-81.39748  19.34947
-81.39805  19.35583
-81.40029  19.36053
-81.40281  19.36500
-81.40807  19.36695
-81.41386  19.36861
-81.41942  19.36998
-81.42527  19.37164
-81.42973  19.37445
-81.43169  19.37915
-81.42722  19.38196
-81.42280  19.38442
-81.41920  19.38803
-81.41610  19.39193
-81.41220  19.39525
-81.40859  19.39863
-81.40418  19.40138
-81.39805  19.40253
-81.39336  19.40058
-81.38808  19.39835
-81.38447  19.39474
-81.37971  19.39250
-81.37668  19.38832
-81.38029  19.38500
-81.38693  19.38585
-81.39083  19.38247
-81.39221  19.37692
-81.39111  19.37142
-81.38889  19.36666
-81.38693  19.36168
-81.38470  19.35692
-81.38276  19.35194
-81.38058  19.34724
-81.37863  19.34220
-81.37806  19.33612
-81.37891  19.32999
-81.37914  19.32306
-81.37806  19.31750
-81.37582  19.31252
-81.37193  19.30919
-81.36723  19.30696
-81.36138  19.30558
-81.35554  19.30387
-81.34803  19.30387
-81.34167  19.30415
-81.33640  19.30610
-81.32970  19.30667
-81.32334  19.30725
-81.31692  19.30639
-81.31113  19.30776
-81.30638  19.30971
-81.30139  19.31223
-81.29916  19.31721
-81.29807  19.32335
-81.29446  19.32667
-81.28942  19.32862
-81.28415  19.32638
-81.27916  19.32501
-81.27251  19.32558
-81.26942  19.32942
-81.27108  19.33303
-81.27583  19.33526
-81.27583  19.33721
-81.27527  19.34334
-81.27721  19.34833
-81.28082  19.35165
-81.28334  19.35612
-81.28334  19.36276
-81.28111  19.36752
-81.27583  19.36804
-81.27137  19.36529
-81.26724  19.36248
-81.26306  19.35973
-81.25860  19.35669
-81.25447  19.35388
-81.24776  19.35308
-81.24055  19.35279
-81.23390  19.35279
-81.22720  19.35331
-81.22141  19.35165
-81.21585  19.35028
-81.21058  19.34804
-81.20416  19.34724
-81.19752  19.34638
-81.19053  19.34609
-81.18611  19.34752
-81.18056  19.34947
-81.17500  19.35056
-81.16887  19.35194
-81.16222  19.35251
-81.15580  19.35308
-81.15002  19.35417
-81.14251  19.35417
-81.13557  19.35388
-81.12888  19.35308
-81.12223  19.35360
-81.11501  19.35331
-81.10831  19.35251
-81.10361  19.35028
-81.09914  19.34752
-81.09610  19.34334
-81.09415  19.33836
-81.09306  19.33280
-81.09306  19.32610
-81.09335  19.31916
-81.09502  19.31360
-81.09724  19.30891
-81.10108  19.30558
-81.10556  19.30278
-81.11054  19.30111
-81.11581  19.29888
-81.12166  19.29779
-81.12749  19.29665
-81.13414  19.29613
-81.13999  19.29750
-81.14584  19.29888
-81.15054  19.30111
-81.15638  19.30278
-81.16165  19.30501
-81.16721  19.30639
-81.17391  19.30725
-81.18056  19.30667
-81.18640  19.30558
-81.19225  19.30415
-81.19804  19.30306
-81.20387  19.30111
-81.21058  19.30054
-81.21694  19.30003
-81.22279  19.29888
-81.22891  19.29750
-81.23528  19.29693
-81.24112  19.29584
-81.24639  19.29390
-81.24942  19.28971
-81.25109  19.28444
-81.25275  19.27888
-81.25333  19.27275
-81.25665  19.26863
-81.26025  19.26530
-81.26696  19.26473
-81.27418  19.26502
-81.28139  19.26502
-81.28861  19.26530
-81.29446  19.26668
-81.29945  19.26892
-81.30557  19.27058
-81.31027  19.27275
-81.31692  19.27332
-81.32362  19.27419
-81.33085  19.27447
-81.33669  19.27585
-81.34225  19.27751
-81.34752  19.27974
-81.35250  19.28112
-81.35915  19.28192
-81.36362  19.27917
-81.36809  19.27665
-81.37164  19.27332
-81.37525  19.27000
-81.37914  19.26668
-81.38419  19.26473
-81.38998  19.26473
-81.39416  19.26748
-81.39725  19.27195
-81.39834  19.27722
-81.40057  19.28221
-81.40108  19.28834
-81.40086  19.29390
-81.40086  19.30083
-81.40057  19.30776
-81.39919  19.31303
-81.39668  19.31808
-81.39444  19.32277
-81.39502  19.32610
       NA        NA
-80.11164  19.66225
-80.10999  19.66752
-80.10695  19.67165
-80.10305  19.67503
-80.09859  19.67749
-80.09417  19.68030
-80.08971  19.68276
-80.08581  19.68608
-80.08277  19.69027
-80.08054  19.69502
-80.07584  19.69749
-80.06942  19.69806
-80.06364  19.69915
-80.05693  19.69972
-80.04942  19.69944
-80.04306  19.70001
-80.03642  19.70058
-80.02972  19.70110
-80.02473  19.70276
-80.01888  19.70419
-80.01305  19.70528
-80.00748  19.70723
-80.00249  19.70918
-79.99665  19.71026
-79.99081  19.71141
-79.98417  19.71193
-79.97694  19.71164
-79.97081  19.71026
-79.96669  19.70723
-79.96526  19.70304
-79.96915  19.69972
-79.97443  19.69777
-79.98084  19.69886
-79.98749  19.69972
-79.99419  19.70058
-79.99918  19.69863
-80.00359  19.69611
-80.00806  19.69330
-80.01333  19.69141
-80.01859  19.68970
-80.02307  19.68694
-80.02834  19.68500
-80.03333  19.68305
-80.03860  19.68110
-80.04363  19.67944
-80.04942  19.67806
-80.05556  19.67692
-80.06140  19.67583
-80.06529  19.67251
-80.06942  19.66918
-80.07360  19.66586
-80.07721  19.66248
-80.08168  19.66002
-80.08695  19.65807
-80.09194  19.65612
-80.09749  19.65417
-80.10391  19.65360
-80.10970  19.65526
-80.11164  19.66225
