-68.78387  18.19502
-68.78221  18.19748
-68.77694  18.19914
-68.77058  18.19777
-68.76502  18.19582
-68.75917  18.19387
-68.75304  18.19250
-68.74669  18.19112
-68.74084  18.18918
-68.73442  18.18780
-68.72973  18.18528
-68.72669  18.18138
-68.72330  18.17777
-68.71918  18.17445
-68.71443  18.17193
-68.70721  18.17141
-68.70136  18.17193
-68.69609  18.17359
-68.69083  18.17502
-68.68446  18.17525
-68.67805  18.17388
-68.67306  18.17113
-68.66836  18.16861
-68.66331  18.16608
-68.65804  18.16419
-68.65221  18.16225
-68.64613  18.16081
-68.64057  18.16248
-68.63473  18.16305
-68.62888  18.16391
-68.62276  18.16471
-68.61697  18.16557
-68.60998  18.16471
-68.60361  18.16333
-68.59778  18.16139
-68.59308  18.15886
-68.58889  18.15583
-68.58557  18.15193
-68.58363  18.14752
-68.58110  18.14305
-68.57864  18.13887
-68.57692  18.13360
-68.57445  18.12942
-68.57307  18.12443
-68.57136  18.11945
-68.56890  18.11498
-68.56804  18.10942
-68.56861  18.10386
-68.57331  18.10168
-68.57806  18.10415
-68.58195  18.10724
-68.58608  18.11057
-68.58998  18.11360
-68.59640  18.11498
-68.60390  18.11584
-68.60946  18.11778
-68.61502  18.11973
-68.62057  18.12168
-68.62779  18.12248
-68.63416  18.12363
-68.64029  18.12501
-68.64636  18.12414
-68.65221  18.12363
-68.65748  18.12197
-68.66223  18.11973
-68.66750  18.11807
-68.67249  18.11664
-68.67805  18.11498
-68.68303  18.11360
-68.68807  18.11114
-68.69443  18.11114
-68.70165  18.11194
-68.70721  18.11389
-68.71277  18.11584
-68.71918  18.11721
-68.72554  18.11859
-68.73196  18.12002
-68.73695  18.12248
-68.74250  18.12443
-68.74697  18.12695
-68.75362  18.12833
-68.75751  18.13136
-68.75917  18.13641
-68.76141  18.14168
-68.76307  18.14666
-68.76640  18.15027
-68.76891  18.15474
-68.77195  18.15864
-68.77613  18.16167
-68.77917  18.16557
-68.78169  18.16969
-68.78387  18.17416
-68.78502  18.17972
-68.78278  18.18528
-68.78140  18.19112
-68.78387  18.19502
       NA        NA
-71.75414  19.70585
-71.75139  19.70276
-71.74806  19.69915
-71.74554  19.69474
-71.74223  19.69113
-71.73804  19.68803
-71.73500  19.68419
-71.73306  19.67915
-71.73220  19.67360
-71.73277  19.66695
-71.73415  19.66082
-71.73529  19.65474
-71.73609  19.64775
-71.73666  19.64082
-71.73724  19.63417
-71.73775  19.62724
-71.73695  19.62168
-71.73609  19.61584
-71.73500  19.61028
-71.73335  19.60530
-71.73139  19.60026
-71.72973  19.59527
-71.72807  19.59057
-71.72641  19.58553
-71.72388  19.58112
-71.72222  19.57614
-71.71942  19.57166
-71.71776  19.56668
-71.71529  19.56250
-71.71277  19.55803
-71.71030  19.55362
-71.70779  19.54943
-71.70612  19.54445
-71.70447  19.53946
-71.70332  19.53391
-71.70252  19.52835
-71.70057  19.52331
-71.69862  19.51832
-71.69804  19.51276
-71.69530  19.50835
-71.69363  19.50331
-71.69197  19.49833
-71.69169  19.49220
-71.69169  19.48584
-71.69221  19.47890
-71.69363  19.47306
-71.69473  19.46693
-71.69559  19.46000
-71.69667  19.45387
-71.69804  19.44779
-71.69942  19.44166
-71.69999  19.43473
-71.70057  19.42808
-71.69971  19.42224
-71.69862  19.41668
-71.69776  19.41112
-71.69667  19.40557
-71.69862  19.40029
-71.70274  19.39697
-71.70808  19.39525
-71.71054  19.39084
-71.71198  19.38471
-71.71392  19.37915
-71.71667  19.37474
-71.71919  19.36998
-71.72165  19.36557
-71.72360  19.36001
-71.72641  19.35555
-71.72973  19.35165
-71.73363  19.34833
-71.73833  19.34609
-71.74309  19.34363
-71.73970  19.34558
-71.74360  19.34363
-71.74887  19.34220
-71.75333  19.33973
-71.75803  19.33721
-71.76389  19.33641
-71.76669  19.33194
-71.76417  19.32753
-71.76250  19.32248
-71.75919  19.31888
-71.75609  19.31498
-71.75305  19.31057
-71.75139  19.30581
-71.74973  19.30083
-71.74887  19.29527
-71.74693  19.29029
-71.74474  19.28582
-71.73942  19.28335
-71.73472  19.28083
-71.73083  19.27780
-71.72670  19.27470
-71.72388  19.27029
-71.72086  19.26668
-71.71833  19.26221
-71.71558  19.25780
-71.71140  19.25471
-71.70664  19.25224
-71.70252  19.24915
-71.69920  19.24554
-71.69610  19.24164
-71.69197  19.23861
-71.68780  19.23557
-71.68275  19.23305
-71.67725  19.23110
-71.67221  19.22886
-71.66585  19.22749
-71.66029  19.22583
-71.65279  19.22503
-71.64613  19.22525
-71.63886  19.22474
-71.63251  19.22331
-71.62918  19.21970
-71.62918  19.21334
-71.62889  19.20721
-71.62975  19.20028
-71.63165  19.19500
-71.63359  19.18973
-71.63474  19.18360
-71.63445  19.17724
-71.63445  19.17111
-71.63416  19.16475
-71.63503  19.15805
-71.63611  19.15197
-71.63748  19.14584
-71.63886  19.13971
-71.64081  19.13416
-71.64419  19.13026
-71.64751  19.12665
-71.65141  19.12333
-71.65444  19.11943
-71.65863  19.11582
-71.66252  19.11278
-71.66636  19.10946
-71.66974  19.10556
-71.67307  19.09972
-71.67834  19.09886
       NA        NA
-71.67834  19.09886
-71.68361  19.09720
-71.68974  19.09611
-71.69444  19.09388
-71.69747  19.08998
-71.70057  19.08608
-71.70332  19.08138
-71.70612  19.07692
-71.70860  19.07222
-71.71111  19.06752
-71.71392  19.06305
-71.71500  19.05692
-71.71776  19.05222
-71.72165  19.04919
-71.72692  19.04752
-71.73277  19.04666
-71.73753  19.04414
-71.74028  19.03973
-71.74223  19.03417
-71.74474  19.02971
-71.74721  19.02443
-71.75002  19.01974
-71.75391  19.01664
-71.75861  19.01418
-71.76308  19.01194
-71.76778  19.00942
-71.77168  19.00638
-71.77442  19.00169
-71.77752  18.99779
-71.78142  18.99470
-71.78691  18.99303
-71.79333  18.99303
-71.80054  18.99332
-71.80777  18.99418
-71.81332  18.99252
-71.81750  18.99000
-71.82416  18.99000
-71.83028  18.98914
-71.83418  18.98582
-71.83887  18.98364
-71.84192  18.97974
-71.84473  18.97499
-71.84776  18.97109
-71.85252  18.96891
-71.85389  18.96891
       NA        NA
-71.85389  18.96891
-71.85556  18.96891
-71.85583  18.96278
-71.85612  18.95253
-71.85583  18.94748
-71.85389  18.94806
-71.84776  18.94777
-71.84249  18.94943
-71.83859  18.95253
-71.83470  18.95556
-71.83086  18.95860
-71.82610  18.96112
-71.82112  18.96278
-71.81499  18.96358
-71.80914  18.96445
-71.80250  18.96473
-71.79528  18.96416
-71.78886  18.96278
-71.78387  18.96026
-71.77917  18.95780
-71.77586  18.95419
-71.77305  18.94972
-71.77081  18.94554
-71.76915  18.94055
-71.76720  18.93557
-71.76526  18.93058
-71.76308  18.92612
-71.76056  18.92193
-71.75803  18.91752
-71.75305  18.90887
-71.74944  18.90503
-71.74641  18.90136
-71.74223  18.89832
-71.73724  18.89500
-71.73335  18.89197
-71.72858  18.88944
-71.72360  18.88692
-71.71942  18.88389
-71.71695  18.87971
-71.71529  18.87472
-71.71581  18.86779
-71.71776  18.86251
-71.71890  18.85638
-71.72086  18.85083
-71.72251  18.84470
-71.72360  18.83862
-71.72332  18.83249
-71.72251  18.82693
-71.72086  18.82195
-71.71833  18.81748
-71.71581  18.81336
-71.71335  18.80889
-71.71140  18.80390
-71.70974  18.79892
-71.70860  18.79336
-71.70860  18.78723
-71.70917  18.78030
-71.71054  18.77416
-71.71198  18.76803
-71.71306  18.76196
-71.71443  18.75583
-71.71581  18.74970
-71.71862  18.74500
-71.72057  18.73973
-71.72222  18.73446
-71.72360  18.72833
-71.72417  18.72140
-71.72613  18.71613
-71.72887  18.71137
-71.73220  18.70747
-71.73666  18.70530
-71.74251  18.70444
-71.74887  18.70415
-71.75609  18.70415
-71.76113  18.70249
-71.76611  18.70083
-71.77081  18.69831
-71.77528  18.69613
-71.77861  18.69223
-71.78193  18.68834
-71.78445  18.68364
-71.78720  18.67888
-71.78972  18.67447
-71.79305  18.67057
-71.79832  18.66891
-71.80335  18.66668
-71.80805  18.66416
-71.81195  18.66112
-71.81470  18.65636
-71.81585  18.65029
-71.81722  18.64416
-71.81918  18.63889
-71.82140  18.63362
-71.82359  18.62886
-71.82748  18.62583
-71.83166  18.62250
-71.83693  18.62113
-71.84192  18.61947
-71.84748  18.61781
-71.85332  18.61666
-71.86053  18.61752
-71.86696  18.61861
-71.87223  18.61695
-71.87749  18.61528
-71.88277  18.61362
-71.88724  18.61139
-71.89251  18.60973
-71.89835  18.60864
-71.90500  18.60864
-71.91056  18.61110
-71.91388  18.61471
-71.91640  18.61918
-71.91887  18.62359
-71.92225  18.62720
-71.92803  18.62915
-71.93388  18.62806
-71.93887  18.62669
-71.94362  18.62416
-71.94889  18.62250
-71.95336  18.61998
-71.95914  18.62056
-71.96419  18.62308
-71.97054  18.62416
-71.97501  18.62193
-71.97971  18.61947
-71.98281  18.61557
-71.98694  18.61248
-71.99083  18.60944
-71.99501  18.60612
-71.99920  18.60388
-72.00304  18.60085
-71.99999  18.59638
-71.99696  18.59248
-71.99277  18.58944
-71.98859  18.58641
-71.98447  18.58331
-71.98057  18.58028
-71.97639  18.57724
-71.97279  18.57334
-71.96974  18.56973
-71.96642  18.56584
-71.96304  18.56223
-71.96058  18.55805
-71.95720  18.55415
-71.95307  18.55111
-71.94917  18.54722
-71.94585  18.54280
-71.94247  18.53920
-71.93915  18.53553
-71.93611  18.53169
-71.93250  18.52808
-71.92947  18.52447
-71.92609  18.52057
-71.92276  18.51696
-71.91944  18.51307
-71.91525  18.50998
-71.91222  18.50636
-71.90861  18.50253
-71.90557  18.49892
-71.90139  18.49582
-71.89721  18.49278
-71.89417  18.48918
-71.89056  18.48528
-71.88804  18.48081
-71.88500  18.47720
-71.88529  18.47308
-71.88919  18.46998
-71.89308  18.46694
-71.89778  18.46442
-71.90167  18.46139
-71.90557  18.45835
-71.90832  18.45359
-71.91027  18.44832
-71.90999  18.44197
-71.90752  18.43778
-71.90334  18.43446
-71.89915  18.43136
-71.89360  18.42970
-71.88862  18.42724
-71.88306  18.42529
-71.87664  18.42414
-71.86999  18.42277
-71.86391  18.42168
-71.85641  18.42111
-71.85086  18.41916
-71.84581  18.41664
-71.84278  18.41303
-71.83997  18.40862
-71.83779  18.40444
-71.83527  18.40002
-71.83281  18.39556
-71.83000  18.39137
-71.82697  18.38748
-71.82359  18.38444
-71.81860  18.38220
-71.81448  18.37888
-71.81057  18.37584
-71.80553  18.37332
-71.80141  18.37029
-71.79665  18.36777
-71.79253  18.36473
-71.78777  18.36221
-71.78307  18.35975
-71.77889  18.35665
-71.77305  18.35499
-71.76835  18.35253
-71.76331  18.35000
-71.75775  18.34806
-71.75305  18.34554
-71.74806  18.34307
-71.74309  18.34055
-71.73753  18.33889
-71.73196  18.33694
-71.72692  18.33442
-71.72137  18.33276
-71.71667  18.33030
-71.71082  18.32835
-71.70447  18.32720
-71.69862  18.32525
-71.69473  18.32222
-71.69667  18.31695
-71.69999  18.31305
-71.70252  18.30835
-71.70584  18.30445
-71.70888  18.30056
-71.71249  18.29666
-71.71558  18.29277
-71.71833  18.28835
-71.72137  18.28446
-71.72417  18.27970
-71.72670  18.27529
-71.72916  18.27054
-71.73196  18.26584
-71.73443  18.26137
-71.73695  18.25667
-71.73890  18.25140
-71.74165  18.24664
-71.74417  18.24223
-71.74693  18.23748
-71.74944  18.23278
-71.75196  18.22831
-71.75471  18.22361
-71.75775  18.21971
-71.76113  18.21582
-71.76446  18.21192
-71.76720  18.20751
-71.76915  18.20224
-71.77029  18.19611
-71.76864  18.19112
-71.76691  18.18614
-71.76583  18.18058
-71.76417  18.17554
-71.76250  18.17055
-71.76084  18.16557
-71.75919  18.16053
-71.75724  18.15554
-71.75557  18.15056
-71.75391  18.14557
-71.75111  18.14139
-71.74806  18.13749
-71.74474  18.13389
-71.74669  18.12861
-71.74915  18.12391
-71.75111  18.11859
-71.75248  18.11251
-71.75139  18.10696
-71.74973  18.10111
-71.74887  18.09555
-71.74944  18.08862
-71.75139  18.08335
-71.75333  18.07808
-71.75528  18.07275
-71.75919  18.06943
-71.76250  18.06553
-71.76583  18.06169
-71.76972  18.05860
-71.77305  18.05470
-71.77557  18.05029
-71.77752  18.04473
-71.77917  18.04221
       NA        NA
-71.75414  19.70585
-71.74750  19.70614
-71.74165  19.70419
-71.73609  19.70224
-71.72945  19.70110
-71.72475  19.69863
-71.71970  19.69749
-71.71695  19.70224
-71.71724  19.70694
-71.71970  19.71141
-71.72251  19.71554
-71.72475  19.72001
-71.72721  19.72447
-71.72916  19.72946
-71.73083  19.73444
-71.73335  19.73862
-71.73609  19.74304
-71.73861  19.74751
-71.74194  19.75112
-71.74503  19.75473
-71.74474  19.76028
-71.74136  19.76418
-71.74028  19.76750
-71.74503  19.77002
-71.75111  19.77197
-71.75695  19.77111
-71.76221  19.76945
-71.76806  19.76859
-71.77471  19.76836
-71.77723  19.77277
-71.77586  19.77890
-71.77334  19.78332
-71.77001  19.78721
-71.76611  19.79053
-71.76141  19.79277
-71.75752  19.79580
-71.75500  19.80056
-71.75219  19.80526
-71.74887  19.80916
-71.74503  19.81219
-71.74056  19.81443
-71.73443  19.81557
-71.72858  19.81638
-71.72303  19.81804
-71.71862  19.82027
-71.71472  19.82360
-71.71111  19.82749
-71.70721  19.83053
-71.70332  19.83362
-71.69862  19.83608
-71.69277  19.83694
-71.68556  19.83637
-71.67891  19.83637
-71.67914  19.83998
-71.67805  19.84474
-71.67278  19.84640
-71.66888  19.84806
-71.66499  19.85110
-71.66166  19.85499
-71.66109  19.86055
-71.66224  19.86611
-71.66224  19.87253
-71.66419  19.87751
-71.66585  19.88249
-71.66751  19.88725
-71.66779  19.89223
-71.66390  19.89527
-71.65806  19.89470
-71.65141  19.89499
-71.64556  19.89584
-71.64030  19.89332
-71.63640  19.89029
-71.63055  19.88834
-71.62500  19.88668
-71.61887  19.88748
-71.61640  19.89223
-71.61308  19.89613
-71.60918  19.89917
-71.60529  19.90220
-71.60053  19.90473
-71.59526  19.90639
-71.58919  19.90725
-71.58334  19.90805
-71.57584  19.90748
-71.56861  19.90696
-71.56139  19.90610
-71.55475  19.90639
-71.54891  19.90725
-71.54278  19.90805
-71.53613  19.90833
-71.52943  19.90833
-71.52306  19.90725
-71.51665  19.90582
-71.51000  19.90473
-71.50359  19.90364
-71.49751  19.90444
-71.49167  19.90530
-71.48582  19.90473
-71.48026  19.90306
-71.47528  19.90054
-71.46944  19.89860
-71.46474  19.89613
-71.45889  19.89418
-71.45306  19.89252
-71.44749  19.89057
-71.44250  19.88805
-71.43666  19.88610
-71.43111  19.88416
-71.42641  19.88192
-71.42137  19.87946
-71.41638  19.87694
-71.41168  19.87447
-71.40665  19.87195
-71.40195  19.86943
-71.39610  19.86748
-71.39026  19.86554
-71.38556  19.86336
-71.38057  19.86055
-71.37582  19.85832
-71.37170  19.85499
-71.36665  19.85253
-71.36195  19.85030
-71.35582  19.84835
-71.34975  19.84697
-71.34304  19.84583
-71.33554  19.84525
-71.32946  19.84388
-71.32276  19.84279
-71.31749  19.84308
-71.31669  19.84416
-71.31279  19.84611
-71.30752  19.84749
-71.30139  19.84863
-71.29526  19.84720
-71.29113  19.84416
-71.28695  19.84113
-71.28334  19.83723
-71.27944  19.83419
-71.27474  19.83167
-71.26947  19.82915
-71.26558  19.82612
-71.26083  19.82308
-71.25498  19.82388
-71.24891  19.82474
-71.24335  19.82640
-71.23830  19.82778
-71.23281  19.82944
-71.22696  19.83030
-71.22083  19.83139
-71.21556  19.83305
-71.21166  19.83608
-71.20834  19.84055
-71.20696  19.84669
-71.20582  19.85276
-71.20444  19.85889
-71.20170  19.86359
-71.19860  19.86748
-71.19247  19.86834
-71.18835  19.86531
-71.18502  19.86141
-71.18250  19.85694
-71.17918  19.85333
-71.17752  19.84835
-71.17831  19.84141
-71.17723  19.83586
-71.17248  19.83334
-71.16697  19.83500
-71.16222  19.83723
-71.15833  19.84055
-71.15414  19.84359
-71.14973  19.84583
-71.15030  19.84943
-71.15500  19.85196
-71.16164  19.85333
-71.16640  19.85557
-71.16502  19.86164
-71.16113  19.86502
-71.15557  19.86307
-71.14973  19.86112
-71.14417  19.85946
-71.13667  19.85860
-71.13082  19.85946
-71.12692  19.86278
-71.12280  19.86582
-71.11775  19.86748
-71.11168  19.86834
-71.10498  19.86834
-71.09971  19.87000
-71.09501  19.87253
-71.09220  19.87694
-71.08974  19.88169
-71.08779  19.88696
-71.08722  19.89390
-71.08418  19.89917
-71.08028  19.90220
-71.07639  19.90530
-71.07169  19.90776
-71.06779  19.91086
-71.06361  19.91389
-71.05914  19.91641
-71.05444  19.91859
-71.04974  19.92111
-71.04528  19.92335
-71.03972  19.92501
-71.03473  19.92667
-71.02918  19.92833
-71.02333  19.92919
-71.01720  19.92999
-71.01141  19.93085
-71.00500  19.93085
-70.99807  19.93108
-70.99084  19.93028
-70.98500  19.92862
-70.98030  19.92610
-70.97474  19.92415
-70.96970  19.92168
-70.96558  19.91859
-70.96140  19.91555
-70.95888  19.91109
-70.95807  19.90553
-70.96002  19.90026
-70.96277  19.89556
-70.96053  19.89195
-70.95583  19.89086
-70.95194  19.89390
-70.94753  19.89223
-70.94334  19.88891
-70.93830  19.88914
-70.93916  19.89470
-70.94083  19.90003
-70.94249  19.90473
-70.94025  19.90805
-70.93360  19.90805
-70.92696  19.90696
-70.91974  19.90639
-70.91390  19.90582
-70.90639  19.90530
-70.90083  19.90335
-70.89613  19.90083
-70.89030  19.89888
-70.88307  19.89831
-70.87637  19.89831
-70.87029  19.89917
-70.86526  19.90083
-70.85999  19.90249
-70.85442  19.90415
-70.84864  19.90501
-70.84193  19.90364
-70.83723  19.90112
-70.83220  19.89860
-70.82807  19.89556
-70.82778  19.89057
-70.82308  19.88805
-70.82114  19.88444
-70.81724  19.88141
-70.81363  19.87917
-70.81002  19.87665
-70.80750  19.87224
-70.80527  19.86806
-70.80109  19.86473
-70.79530  19.86307
-70.79277  19.85860
-70.79111  19.85362
-70.78722  19.85058
-70.78361  19.84669
-70.78275  19.84113
-70.78332  19.83419
-70.78526  19.83030
-70.77943  19.82973
-70.77364  19.83053
-70.76917  19.83305
-70.76447  19.83528
-70.75914  19.83694
-70.75307  19.83780
-70.74665  19.83666
-70.74167  19.83419
-70.74001  19.82915
-70.73834  19.82388
-70.73582  19.81970
-70.73164  19.81666
-70.72752  19.81334
-70.72276  19.81082
-70.71863  19.80778
-70.71359  19.80526
-70.70947  19.80222
-70.70471  19.79970
-70.69887  19.79775
-70.69554  19.79529
-70.69222  19.79306
-70.68638  19.79053
-70.68168  19.78778
-70.67670  19.78555
-70.67194  19.78303
-70.66776  19.77971
-70.66277  19.77724
-70.65858  19.77415
-70.65388  19.77168
-70.64890  19.76917
-70.64335  19.76722
-70.63916  19.76418
-70.63498  19.76086
-70.63000  19.75862
-70.62415  19.75942
-70.61888  19.76086
-70.61304  19.76166
-70.60582  19.76108
-70.59917  19.76000
-70.59361  19.75805
-70.58777  19.75610
-70.58250  19.75639
-70.57780  19.75862
-70.57082  19.75805
-70.56554  19.75553
-70.56113  19.75307
-70.55419  19.75307
-70.54916  19.75473
-70.54308  19.75553
-70.53638  19.75553
-70.52915  19.75501
-70.52251  19.75501
-70.51891  19.75696
-70.51414  19.75919
-70.51002  19.76223
-70.50692  19.76613
-70.50223  19.76859
-70.49725  19.77083
-70.49277  19.77335
-70.48888  19.77638
-70.48499  19.77942
-70.47942  19.78085
-70.47415  19.78251
-70.46832  19.78332
-70.46223  19.78418
-70.45501  19.78360
-70.45026  19.78114
-70.44614  19.77804
-70.44196  19.77472
-70.43777  19.77168
-70.43445  19.76808
-70.43055  19.76469
-70.42723  19.76108
-70.42305  19.75776
-70.41892  19.75473
-70.41473  19.75169
-70.40998  19.74917
-70.40500  19.74665
-70.39944  19.74470
-70.39526  19.74166
-70.39137  19.73834
-70.38804  19.73473
-70.38472  19.73112
-70.38197  19.72665
-70.37887  19.72275
-70.37640  19.71834
-70.37389  19.71416
-70.37057  19.71026
-70.36752  19.70666
-70.36391  19.70276
-70.36082  19.69915
-70.35664  19.69583
-70.35361  19.69221
-70.34942  19.68918
-70.34529  19.68586
-70.34111  19.68276
-70.33721  19.67973
-70.33303  19.67640
-70.32891  19.67331
-70.32473  19.67027
-70.32082  19.66723
-70.31584  19.66443
-70.31166  19.66139
-70.30748  19.65835
-70.30335  19.65497
-70.29859  19.65251
-70.29362  19.64999
-70.28806  19.64833
-70.28170  19.64695
-70.27528  19.64558
-70.26886  19.64443
-70.26141  19.64363
-70.25529  19.64443
-70.24944  19.64529
-70.24359  19.64609
-70.23695  19.64500
-70.23139  19.64305
-70.22475  19.64168
-70.21999  19.63916
-70.21500  19.63664
-70.20945  19.63475
-70.20389  19.63280
-70.19667  19.63223
-70.19168  19.63114
-70.18584  19.62919
-70.17920  19.62919
-70.17278  19.62804
-70.16693  19.62610
-70.16000  19.62529
-70.15335  19.62415
-70.14693  19.62277
-70.13972  19.62220
-70.13221  19.62140
-70.12499  19.62082
-70.11915  19.62168
-70.11308  19.62249
-70.10723  19.62335
-70.10052  19.62335
-70.09583  19.62581
-70.09193  19.62890
-70.08775  19.63194
-70.08443  19.63584
-70.08167  19.64031
-70.07915  19.64500
-70.07640  19.65027
-70.07359  19.65497
-70.07056  19.65858
-70.06724  19.66248
-70.06471  19.66362
-70.06225  19.66695
-70.05888  19.67084
-70.05555  19.67445
-70.05114  19.67692
-70.04610  19.67915
-70.04111  19.68081
-70.03555  19.68248
-70.02919  19.68248
-70.02335  19.68053
-70.01750  19.67864
-70.01304  19.67612
-70.00805  19.67360
-70.00140  19.67222
-69.99556  19.67308
-69.99086  19.67554
-69.98553  19.67720
-69.98026  19.67864
-69.97362  19.67864
-69.96697  19.67887
-69.95975  19.67806
-69.95248  19.67749
-69.94611  19.67612
-69.94113  19.67360
-69.93638  19.67113
-69.93305  19.66752
-69.93053  19.66305
-69.92806  19.65858
-69.92554  19.65417
-69.92136  19.65113
-69.91753  19.64804
-69.91248  19.64529
-69.90836  19.64220
-69.90359  19.63973
-69.89862  19.63721
-69.89558  19.63332
-69.89140  19.63028
-69.88888  19.62581
-69.88555  19.62220
-69.88418  19.61721
-69.88223  19.61223
-69.88137  19.60639
-69.88137  19.60026
-69.88251  19.59418
-69.88469  19.58891
-69.88664  19.58358
-69.88860  19.57808
-69.89002  19.57195
-69.89169  19.56582
-69.89363  19.56055
-69.89558  19.55528
-69.89695  19.54915
-69.89833  19.54308
-69.89970  19.53694
-69.90108  19.53081
-69.89695  19.52778
-69.89220  19.52526
-69.88584  19.52388
-69.88085  19.52142
-69.87667  19.51832
-69.87415  19.51391
-69.87501  19.50692
-69.87639  19.50085
-69.87725  19.49414
-69.87833  19.48807
-69.87920  19.48114
-69.87920  19.47501
-69.87891  19.46859
-69.87804  19.46303
-69.87804  19.45696
-69.87804  19.45140
-69.87804  19.44498
-69.87610  19.44000
-69.87386  19.43553
-69.87197  19.43083
-69.86974  19.42636
-69.86722  19.42195
-69.86470  19.41748
-69.86137  19.41387
-69.85805  19.40998
-69.85473  19.40614
-69.85221  19.40195
-69.84974  19.39749
-69.84808  19.39250
-69.84636  19.38752
-69.84389  19.38305
-69.84166  19.37887
-69.83914  19.37445
-69.83582  19.37056
-69.83359  19.36609
-69.82998  19.36248
-69.82693  19.35864
-69.82448  19.35446
-69.82110  19.35056
-69.81777  19.34666
-69.81359  19.34363
-69.80975  19.34053
-69.80557  19.33721
-69.80247  19.33360
-69.79915  19.32970
-69.79526  19.32667
-69.79164  19.32277
-69.78780  19.31974
-69.78362  19.31664
-69.77944  19.31332
-69.77526  19.31028
-69.77222  19.30639
-69.76919  19.30278
-69.76557  19.29888
-69.76168  19.29584
-69.75835  19.29223
-69.75360  19.28942
-69.74776  19.28748
-69.74139  19.28639
-69.73556  19.28582
-69.72891  19.28582
-69.72386  19.28748
-69.71860  19.28891
-69.71390  19.29137
-69.70863  19.29275
-69.70249  19.29361
-69.69723  19.29527
-69.69195  19.29693
-69.68610  19.29779
-69.68055  19.29917
-69.67557  19.30083
-69.66943  19.30169
-69.66359  19.30249
-69.65780  19.30335
-69.65167  19.30415
-69.64583  19.30501
-69.63969  19.30581
-69.63391  19.30639
-69.62720  19.30667
-69.62056  19.30667
-69.61334  19.30581
-69.60670  19.30610
-69.59999  19.30610
-69.59363  19.30610
-69.58778  19.30696
-69.58223  19.30862
-69.57971  19.31303
-69.57696  19.31779
-69.57220  19.32002
-69.56641  19.32082
-69.56166  19.32306
-69.55748  19.32610
-69.55306  19.32862
-69.54751  19.32999
-69.54252  19.33165
-69.53725  19.33331
-69.53169  19.33475
-69.52585  19.33555
-69.51915  19.33555
-69.51502  19.33251
-69.51112  19.32942
-69.50694  19.32610
-69.50305  19.32306
-69.49641  19.32306
-69.49055  19.32386
-69.48442  19.32558
-69.48001  19.32695
-69.47526  19.32942
-69.46918  19.33028
-69.46276  19.33028
-69.45663  19.33114
-69.45165  19.33280
-69.44558  19.33331
-69.44002  19.33137
-69.43584  19.32833
-69.43166  19.32529
-69.42919  19.32082
-69.42610  19.31693
-69.41946  19.31693
-69.41470  19.31945
-69.41086  19.32248
-69.40415  19.32248
-69.39831  19.32054
-69.39447  19.31750
-69.39029  19.31418
-69.38639  19.31108
-69.38170  19.30862
-69.37694  19.31086
-69.37362  19.30725
-69.36806  19.30530
-69.36141  19.30530
-69.35585  19.30335
-69.35167  19.30003
-69.34778  19.29693
-69.34164  19.29642
-69.33775  19.29332
-69.33391  19.29498
-69.33167  19.30025
-69.32973  19.30558
-69.32641  19.30942
-69.32251  19.31252
-69.31918  19.31641
-69.31528  19.31945
-69.31110  19.32248
-69.30721  19.32558
-69.30251  19.32776
-69.29832  19.33085
-69.29443  19.33389
-69.28973  19.33641
-69.28446  19.33778
-69.27862  19.33859
-69.27530  19.34111
-69.27191  19.34500
-69.26859  19.34890
-69.26613  19.35194
-69.26223  19.35497
-69.25501  19.35446
-69.24889  19.35526
-69.24694  19.36053
-69.24361  19.36276
-69.23891  19.36529
-69.23250  19.36529
-69.22723  19.36414
-69.22166  19.36225
-69.21777  19.35887
-69.21611  19.35388
-69.21720  19.34804
-69.21943  19.34248
-69.22224  19.33807
-69.22556  19.33417
-69.22946  19.33114
-69.23221  19.32638
-69.23502  19.32197
-69.23696  19.31664
-69.23833  19.31057
-69.24057  19.30530
-69.24252  19.29974
-69.24390  19.29390
-69.24086  19.29000
-69.23416  19.28863
-69.22831  19.28942
-69.22305  19.28971
-69.21777  19.29109
-69.21250  19.29275
-69.20528  19.29223
-69.19863  19.29086
-69.19360  19.29086
-69.18832  19.29252
-69.18362  19.29470
-69.17834  19.29642
-69.17388  19.29859
-69.16832  19.30025
-69.16248  19.30111
-69.15916  19.29722
-69.15670  19.29275
-69.15612  19.28725
-69.15749  19.28112
-69.16002  19.27665
-69.16335  19.27275
-69.16557  19.26748
-69.16889  19.26359
-69.17280  19.26055
-69.17669  19.25751
-69.18139  19.25528
-69.18472  19.25138
-69.18832  19.24748
-69.19084  19.24307
-69.19417  19.23918
-69.19698  19.23442
-69.19972  19.23001
-69.20276  19.22611
-69.20557  19.22165
-69.20780  19.21609
-69.20889  19.21001
-69.21056  19.20417
-69.21193  19.19804
-69.21473  19.19334
-69.21668  19.18807
-69.22001  19.18417
-69.22471  19.18194
-69.22998  19.18028
-69.23668  19.18028
-69.24303  19.18028
-69.24946  19.18165
-69.25610  19.18303
-69.26166  19.18498
-69.26664  19.18750
-69.27364  19.18807
-69.28114  19.18887
-69.28722  19.19002
-69.29220  19.19277
-69.29890  19.19391
-69.30526  19.19529
-69.31168  19.19529
-69.31918  19.19580
-69.32555  19.19580
-69.33305  19.19666
-69.33803  19.19500
-69.34359  19.19363
-69.35001  19.19334
-69.35752  19.19414
-69.36388  19.19558
-69.37000  19.19666
-69.37614  19.19609
-69.38278  19.19580
-69.38943  19.19580
-69.39470  19.19443
-69.39945  19.19197
-69.40415  19.18973
-69.40914  19.18807
-69.41641  19.18887
-69.42054  19.19197
-69.42443  19.19529
-69.43114  19.19638
-69.43750  19.19638
-69.44415  19.19775
-69.44971  19.19970
-69.45474  19.20222
-69.45944  19.20474
-69.46500  19.20669
-69.47137  19.20807
-69.47887  19.20858
-69.48499  19.21001
-69.49165  19.21139
-69.49835  19.21196
-69.50528  19.21276
-69.51279  19.21334
-69.52001  19.21391
-69.52723  19.21471
-69.53358  19.21471
-69.54028  19.21471
-69.54722  19.21443
-69.55415  19.21529
-69.56000  19.21443
-69.56750  19.21529
-69.57220  19.21775
-69.57776  19.21947
-69.58280  19.22222
-69.58836  19.22417
-69.59500  19.22525
-69.60194  19.22611
-69.60944  19.22669
-69.61472  19.22525
-69.61947  19.22279
-69.62251  19.21918
-69.62611  19.21529
-69.62807  19.20973
-69.62807  19.20360
-69.62807  19.19752
-69.62692  19.19168
-69.62526  19.18670
-69.62446  19.18114
-69.62388  19.17558
-69.62114  19.17111
-69.62028  19.16555
-69.62222  19.16028
-69.62498  19.15558
-69.62583  19.14888
-69.62720  19.14281
-69.62807  19.13582
-69.62944  19.12974
-69.63248  19.12585
-69.63528  19.12138
-69.63724  19.11611
-69.63638  19.11026
-69.63414  19.10614
-69.63168  19.10167
-69.62836  19.09777
-69.62583  19.09359
-69.62331  19.08918
-69.61695  19.08780
-69.61025  19.08780
-69.60389  19.08803
-69.59776  19.08860
-69.59168  19.08946
-69.58527  19.08969
-69.57804  19.08889
-69.57278  19.09055
-69.56808  19.09279
-69.56275  19.09445
-69.55611  19.09445
-69.55026  19.09525
-69.54636  19.09834
-69.54109  19.10001
-69.53611  19.09720
-69.53193  19.09416
-69.52608  19.09502
-69.52029  19.09582
-69.51553  19.09806
-69.50918  19.09834
-69.50276  19.09611
-69.49612  19.09502
-69.49222  19.09164
-69.48804  19.08860
-69.48420  19.08557
-69.47749  19.08557
-69.47137  19.08637
-69.46638  19.08637
-69.46053  19.08442
-69.45663  19.08138
-69.45193  19.07887
-69.44695  19.07640
-69.44248  19.07720
-69.44054  19.08247
-69.44277  19.08694
-69.44609  19.09084
-69.45028  19.09388
-69.45498  19.09640
-69.46220  19.09720
-69.46947  19.09777
-69.47497  19.09972
-69.47388  19.10442
-69.46889  19.10614
-69.46197  19.10614
-69.45554  19.10614
-69.44890  19.10614
-69.44277  19.10694
-69.43642  19.10694
-69.42970  19.10723
-69.42249  19.10637
-69.41527  19.10585
-69.40862  19.10442
-69.40221  19.10304
-69.39664  19.10110
-69.39109  19.09915
-69.38696  19.09611
-69.38307  19.09307
-69.38055  19.08860
-69.37889  19.08362
-69.37889  19.07720
-69.37946  19.07193
-69.37780  19.06695
-69.37527  19.06248
-69.37138  19.05944
-69.36639  19.05669
-69.36084  19.05474
-69.35585  19.05222
-69.34944  19.05085
-69.34308  19.04970
-69.33557  19.04890
-69.32973  19.04970
-69.32526  19.05194
-69.31947  19.05279
-69.31197  19.05222
-69.30721  19.04970
-69.30251  19.04695
-69.29667  19.04500
-69.29277  19.04197
-69.28859  19.03887
-69.28389  19.03555
-69.27919  19.03303
-69.27335  19.03114
-69.26859  19.02862
-69.26447  19.02529
-69.25942  19.02277
-69.25387  19.02082
-69.24751  19.02082
-69.24138  19.02168
-69.23611  19.02335
-69.23026  19.02415
-69.22442  19.02501
-69.21696  19.02415
-69.21221  19.02168
-69.20751  19.01916
-69.20333  19.01584
-69.19863  19.01332
-69.19221  19.01194
-69.18557  19.01223
-69.17887  19.01223
-69.17251  19.01223
-69.16637  19.01303
-69.15916  19.01223
-69.15194  19.01166
-69.14471  19.01085
-69.13859  19.01166
-69.13469  19.01475
-69.13469  19.02082
-69.13641  19.02581
-69.14025  19.02919
-69.14695  19.03056
-69.15331  19.03165
-69.15641  19.03555
-69.15584  19.04248
-69.15114  19.04472
-69.14529  19.04558
-69.13859  19.04558
-69.13303  19.04363
-69.12804  19.04111
-69.12502  19.03721
-69.12197  19.03360
-69.11830  19.02971
-69.11584  19.02529
-69.11418  19.02025
-69.11195  19.01584
-69.10862  19.01223
-69.10552  19.00833
-69.10141  19.00530
-69.09750  19.00191
-69.09252  18.99945
-69.08777  18.99693
-69.08359  18.99361
-69.07808  18.99195
-69.07167  18.99057
-69.06668  18.98805
-69.06193  18.98530
-69.05723  18.98278
-69.05666  18.98055
-69.05585  18.98055
-69.05109  18.97808
-69.04583  18.97831
-69.04056  18.97974
-69.03666  18.98278
-69.03197  18.98530
-69.02669  18.98668
-69.02193  18.98914
-69.01804  18.99223
-69.01391  18.99527
-69.01002  18.99831
-69.00806  19.00220
-69.01225  19.00530
-69.01472  19.00971
-69.01196  19.01418
-69.00583  19.01498
-68.99918  19.01526
-68.99335  19.01584
-68.98945  19.01888
-68.98613  19.02277
-68.98280  19.02667
-68.98000  19.03114
-68.97610  19.03417
-68.96888  19.03360
-68.96390  19.03085
-68.95747  19.02971
-68.95112  19.02833
-68.94447  19.02833
-68.93914  19.02999
-68.93336  19.03056
-68.92665  19.03085
-68.92110  19.02890
-68.91640  19.02609
-68.91221  19.02306
-68.90723  19.02054
-68.90333  19.01721
-68.89835  19.01475
-68.89359  19.01223
-68.88976  19.00919
-68.88557  19.00581
-68.88225  19.00191
-68.87915  18.99831
-68.87583  18.99447
-68.87193  18.99137
-68.86804  18.98805
-68.86248  18.98834
-68.85749  18.99000
-68.85279  18.99223
-68.84666  18.99303
-68.84168  18.99057
-68.83721  18.98776
-68.83223  18.98530
-68.82748  18.98278
-68.82169  18.98083
-68.81470  18.97997
-68.80776  18.97997
-68.80278  18.98169
-68.79693  18.98249
-68.79028  18.98112
-68.78531  18.97860
-68.78140  18.97527
-68.77802  18.97166
-68.77332  18.96891
-68.76777  18.96697
-68.76307  18.96445
-68.75723  18.96250
-68.75110  18.96112
-68.74445  18.95975
-68.73889  18.95780
-68.73391  18.95528
-68.72916  18.95275
-68.72503  18.94972
-68.72193  18.94582
-68.71889  18.94193
-68.71471  18.93889
-68.70973  18.93637
-68.70498  18.93362
-68.70085  18.93058
-68.69609  18.92806
-68.69220  18.92474
-68.68887  18.92113
-68.68641  18.91666
-68.68417  18.91225
-68.68166  18.90778
-68.67919  18.90331
-68.67609  18.89970
-68.67197  18.89638
-68.66808  18.89334
-68.66389  18.89002
-68.66000  18.88692
-68.65639  18.88303
-68.65249  18.87999
-68.64831  18.87696
-68.64389  18.87415
-68.63971  18.87111
-68.63639  18.86721
-68.63249  18.86418
-68.62997  18.85971
-68.62614  18.85667
-68.62276  18.85278
-68.61863  18.84945
-68.61474  18.84641
-68.61055  18.84332
-68.60751  18.83943
-68.60500  18.83501
-68.60196  18.83112
-68.59863  18.82751
-68.59445  18.82418
-68.59055  18.82109
-68.58557  18.81863
-68.58110  18.81582
-68.57692  18.81278
-68.57359  18.80889
-68.57056  18.80528
-68.56724  18.80138
-68.56334  18.79834
-68.55916  18.79502
-68.55526  18.79193
-68.55136  18.78860
-68.54724  18.78557
-68.54334  18.78224
-68.53973  18.77864
-68.53526  18.77611
-68.52942  18.77416
-68.52386  18.77193
-68.51916  18.76947
-68.51584  18.76586
-68.51166  18.76248
-68.50862  18.75864
-68.50473  18.75554
-68.50054  18.75251
-68.49665  18.74919
-68.49252  18.74609
-68.48748  18.74334
-68.48192  18.74139
-68.47694  18.74305
-68.47080  18.74248
-68.46696  18.73916
-68.46359  18.73555
-68.46141  18.73114
-68.45889  18.72667
-68.45585  18.72277
-68.45247  18.71916
-68.44915  18.71527
-68.44525  18.71223
-68.44112  18.70891
-68.43637  18.70638
-68.43248  18.70306
-68.42835  18.70003
-68.42445  18.69693
-68.42113  18.69304
-68.41804  18.68914
-68.41557  18.68473
-68.41225  18.68112
-68.40916  18.67722
-68.40498  18.67418
-68.40028  18.67138
-68.39558  18.66891
-68.39002  18.66697
-68.38418  18.66502
-68.37804  18.66358
-68.37220  18.66169
-68.36722  18.65975
-68.36252  18.65722
-68.35777  18.65470
-68.35444  18.65081
-68.35026  18.64777
-68.34642  18.64445
-68.34332  18.64055
-68.34000  18.63694
-68.33697  18.63305
-68.33444  18.62863
-68.33112  18.62502
-68.32889  18.62056
-68.32556  18.61666
-68.32390  18.61168
-68.32224  18.60669
-68.32224  18.60056
-68.32361  18.59443
-68.32636  18.58973
-68.32917  18.58526
-68.33141  18.57999
-68.33335  18.57472
-68.33553  18.56916
-68.33891  18.56555
-68.34195  18.56166
-68.34556  18.55805
-68.34888  18.55415
-68.35169  18.54945
-68.35501  18.54584
-68.35777  18.54109
-68.36028  18.53667
-68.36223  18.53140
-68.36389  18.52527
-68.36527  18.51914
-68.36664  18.51307
-68.36945  18.50860
-68.37363  18.50556
-68.37753  18.50253
-68.38137  18.49943
-68.38555  18.49640
-68.38973  18.49250
-68.39277  18.48889
-68.39558  18.48419
-68.39696  18.47835
-68.39833  18.47222
-68.40113  18.46752
-68.40388  18.46305
-68.40720  18.45915
-68.41053  18.45526
-68.41443  18.45251
-68.41804  18.44861
-68.42194  18.44557
-68.42611  18.44248
-68.43002  18.43944
-68.43333  18.43555
-68.43608  18.43114
-68.43861  18.42638
-68.44193  18.42277
-68.44474  18.41807
-68.44611  18.41194
-68.44697  18.40530
-68.44697  18.39888
-68.44611  18.39332
-68.44640  18.39057
-68.44697  18.38530
-68.44640  18.37946
-68.44525  18.37390
-68.44640  18.36719
-68.44749  18.36112
-68.44971  18.35585
-68.45304  18.35195
-68.45779  18.34972
-68.46278  18.34806
-68.46835  18.34668
-68.47362  18.34502
-68.47945  18.34416
-68.48610  18.34416
-68.49303  18.34502
-68.49974  18.34502
-68.50552  18.34416
-68.51223  18.34416
-68.51888  18.34416
-68.52529  18.34554
-68.53136  18.34697
-68.53641  18.34943
-68.54139  18.35195
-68.54581  18.35442
-68.55084  18.35723
-68.55640  18.35917
-68.56139  18.36169
-68.56528  18.36473
-68.56947  18.36805
-68.57388  18.37057
-68.57887  18.37304
-68.58363  18.37584
-68.58946  18.37779
-68.59502  18.37831
-68.59915  18.37527
-68.60224  18.37138
-68.60637  18.36834
-68.60780  18.36221
-68.60608  18.35723
-68.60390  18.35275
-68.60059  18.34915
-68.59806  18.34473
-68.59583  18.34027
-68.59387  18.33528
-68.59387  18.32915
-68.59611  18.32359
-68.59892  18.31918
-68.60196  18.31528
-68.60556  18.31167
-68.60889  18.30778
-68.61221  18.30388
-68.61553  18.30027
-68.61806  18.29557
-68.62080  18.29111
-68.62390  18.28641
-68.62441  18.27970
-68.62585  18.27363
-68.62722  18.26750
-68.62946  18.26223
-68.63141  18.25696
-68.63278  18.25083
-68.63416  18.24470
-68.63582  18.23862
-68.63554  18.23249
-68.63554  18.22613
-68.63611  18.21943
-68.63776  18.21336
-68.64029  18.20860
-68.64447  18.20556
-68.64974  18.20419
-68.65610  18.20556
-68.66166  18.20751
-68.66722  18.20946
-68.67387  18.20946
-68.67970  18.20860
-68.68446  18.20636
-68.68973  18.20470
-68.69472  18.20333
-68.70136  18.20333
-68.70778  18.20447
-68.71443  18.20585
-68.72141  18.20665
-68.72864  18.20722
-68.73391  18.20585
-68.73861  18.20333
-68.74307  18.20109
-68.74777  18.19892
-68.75420  18.20029
-68.75665  18.20470
-68.75499  18.21083
-68.75499  18.21696
-68.75614  18.22252
-68.75751  18.22750
-68.75998  18.23192
-68.76163  18.23696
-68.76416  18.24137
-68.76668  18.24584
-68.76806  18.25083
-68.76972  18.25581
-68.77138  18.26085
-68.77390  18.26498
-68.77613  18.26945
-68.77946  18.27334
-68.78169  18.27776
-68.78531  18.28136
-68.78748  18.28583
-68.79000  18.29030
-68.79224  18.29471
-68.79556  18.29832
-68.79779  18.30279
-68.80025  18.30721
-68.80278  18.31167
-68.80611  18.31528
-68.80833  18.31970
-68.81086  18.32417
-68.81332  18.32863
-68.81556  18.33305
-68.81808  18.33723
-68.82054  18.34164
-68.82364  18.34554
-68.82696  18.34915
-68.82942  18.35361
-68.83251  18.35751
-68.83669  18.36055
-68.83974  18.36444
-68.84392  18.36748
-68.84724  18.37138
-68.85114  18.37447
-68.85526  18.37779
-68.85915  18.38083
-68.86334  18.38415
-68.86804  18.38667
-68.87280  18.38914
-68.87778  18.39108
-68.88333  18.39303
-68.88976  18.39447
-68.89525  18.39641
-68.90195  18.39750
-68.90889  18.39830
-68.91473  18.39750
-68.91972  18.40002
-68.92275  18.40386
-68.92665  18.40696
-68.93250  18.40891
-68.93891  18.41028
-68.94447  18.41223
-68.94997  18.41498
-68.95415  18.41807
-68.95971  18.42002
-68.96469  18.41859
-68.96693  18.41303
-68.96888  18.40776
-68.97306  18.40472
-68.97890  18.40386
-68.98555  18.40386
-68.99139  18.40306
-68.99724  18.40220
-69.00302  18.40169
-69.00916  18.40083
-69.01638  18.40140
-69.02360  18.40220
-69.02943  18.40140
-69.03471  18.39974
-69.03947  18.39750
-69.04388  18.39527
-69.04864  18.39303
-69.05390  18.39137
-69.05975  18.39057
-69.06720  18.39137
-69.07167  18.39389
-69.07918  18.39470
-69.08611  18.39527
-69.09280  18.39664
-69.09831  18.39859
-69.10387  18.40054
-69.10862  18.40306
-69.11360  18.40558
-69.12083  18.40638
-69.12724  18.40638
-69.13389  18.40610
-69.14025  18.40610
-69.14695  18.40610
-69.15417  18.40696
-69.15916  18.40804
-69.16414  18.41057
-69.16804  18.41389
-69.17280  18.41641
-69.17778  18.41887
-69.18247  18.42140
-69.18723  18.42392
-69.19279  18.42581
-69.19698  18.42919
-69.19943  18.43331
-69.20168  18.43778
-69.20442  18.44225
-69.20889  18.44471
-69.21387  18.44724
-69.22080  18.44804
-69.22751  18.44804
-69.23358  18.44724
-69.23943  18.44637
-69.24470  18.44471
-69.25083  18.44391
-69.25581  18.44248
-69.26109  18.44082
-69.26642  18.43944
-69.27249  18.43858
-69.27747  18.43692
-69.28303  18.43555
-69.28887  18.43475
-69.29610  18.43526
-69.30165  18.43721
-69.30640  18.43973
-69.30945  18.44363
-69.31471  18.44471
-69.31752  18.44030
-69.31890  18.43417
-69.32085  18.42890
-69.32555  18.42638
-69.33138  18.42558
-69.33775  18.42558
-69.34445  18.42558
-69.35167  18.42609
-69.35752  18.42609
-69.35803  18.42609
-69.36474  18.42609
-69.37138  18.42609
-69.37803  18.42609
-69.38445  18.42609
-69.39029  18.42529
-69.39780  18.42581
-69.40473  18.42667
-69.41138  18.42667
-69.41836  18.42724
-69.42581  18.42804
-69.43166  18.42724
-69.43693  18.42558
-69.44220  18.42392
-69.44666  18.42168
-69.45136  18.41945
-69.45663  18.41779
-69.46276  18.41693
-69.46861  18.41612
-69.47388  18.41475
-69.47887  18.41303
-69.48442  18.41137
-69.48969  18.40999
-69.49503  18.40833
-69.49944  18.40610
-69.50500  18.40444
-69.51084  18.40363
-69.51669  18.40277
-69.52304  18.40415
-69.52860  18.40610
-69.53336  18.40862
-69.53834  18.41114
-69.54224  18.41446
-69.54722  18.41693
-69.55141  18.42002
-69.55530  18.42306
-69.56000  18.42581
-69.56389  18.42890
-69.56888  18.43136
-69.57307  18.43446
-69.57696  18.43835
-69.58166  18.44082
-69.58641  18.44334
-69.59054  18.44666
-69.59610  18.44861
-69.60251  18.44970
-69.60915  18.45113
-69.61558  18.45113
-69.61999  18.44890
-69.62280  18.44414
-69.62193  18.43858
-69.62028  18.43360
-69.62028  18.42753
-69.61947  18.42168
-69.61999  18.41498
-69.62280  18.41028
-69.62611  18.40638
-69.63196  18.40696
-69.63752  18.40891
-69.64307  18.41085
-69.64864  18.41280
-69.65528  18.41418
-69.66084  18.41612
-69.66640  18.41807
-69.67030  18.42111
-69.67276  18.42558
-69.67636  18.42919
-69.67860  18.43360
-69.68027  18.43858
-69.68112  18.44414
-69.68279  18.44918
-69.68610  18.45308
-69.69086  18.45554
-69.69723  18.45692
-69.70387  18.45669
-69.71085  18.45749
-69.71751  18.45749
-69.72472  18.45806
-69.73194  18.45887
-69.73916  18.45944
-69.74638  18.46030
-69.75303  18.46001
-69.76031  18.46082
-69.76695  18.46082
-69.77332  18.46053
-69.78001  18.46053
-69.78637  18.46053
-69.79359  18.46110
-69.80109  18.46196
-69.80666  18.46248
-69.81387  18.46305
-69.82110  18.46391
-69.82722  18.46305
-69.83359  18.46276
-69.84000  18.46420
-69.84722  18.46500
-69.85387  18.46471
-69.85971  18.46391
-69.86584  18.46305
-69.87112  18.46500
-69.87530  18.46832
-69.88166  18.46947
-69.88779  18.46861
-69.89277  18.46723
-69.89805  18.46557
-69.90331  18.46391
-69.90807  18.46167
-69.91248  18.45915
-69.91637  18.45612
-69.92027  18.45308
-69.92446  18.44999
-69.92835  18.44695
-69.93305  18.44471
-69.93775  18.44225
-69.94250  18.44002
-69.94640  18.43692
-69.95081  18.43446
-69.95471  18.43136
-69.95947  18.42919
-69.96336  18.42609
-69.96720  18.42306
-69.97276  18.42140
-69.97780  18.41973
-69.98444  18.41973
-69.99167  18.42031
-69.99889  18.42111
-70.00501  18.42031
-70.00914  18.41807
-70.01389  18.41555
-70.01808  18.41252
-70.02111  18.40862
-70.02473  18.40472
-70.02724  18.40025
-70.03000  18.39556
-70.03332  18.39194
-70.03664  18.38805
-70.03916  18.38335
-70.04248  18.37946
-70.04529  18.37499
-70.04776  18.37029
-70.05056  18.36582
-70.05251  18.36055
-70.05360  18.35442
-70.05584  18.34915
-70.05779  18.34359
-70.05973  18.33832
-70.06248  18.33390
-70.06581  18.33001
-70.06918  18.32611
-70.07251  18.32222
-70.07640  18.31918
-70.08110  18.31695
-70.08558  18.31442
-70.08970  18.31139
-70.09360  18.30835
-70.09698  18.30445
-70.10081  18.30142
-70.10362  18.29695
-70.10557  18.29139
-70.10803  18.28692
-70.11084  18.28222
-70.11388  18.27861
-70.11806  18.27558
-70.12247  18.27306
-70.12637  18.27002
-70.13055  18.26693
-70.13445  18.26389
-70.13777  18.25999
-70.14029  18.25529
-70.14304  18.25083
-70.14584  18.24613
-70.14780  18.24086
-70.15112  18.23696
-70.15416  18.23306
-70.15971  18.23169
-70.16470  18.23003
-70.16974  18.23249
-70.17472  18.23220
-70.17942  18.23003
-70.18417  18.22779
-70.19054  18.22750
-70.19695  18.22888
-70.20165  18.23140
-70.20664  18.23387
-70.21248  18.23444
-70.21753  18.23278
-70.22085  18.22888
-70.22417  18.22527
-70.22944  18.22361
-70.23586  18.22470
-70.24251  18.22613
-70.24806  18.22808
-70.25276  18.23054
-70.25751  18.23306
-70.26308  18.23501
-70.26886  18.23696
-70.27362  18.23942
-70.28112  18.24000
-70.28668  18.23919
-70.29195  18.23748
-70.29751  18.23610
-70.30250  18.23444
-70.30834  18.23364
-70.31361  18.23192
-70.31946  18.23054
-70.32552  18.22974
-70.33166  18.22888
-70.33778  18.22860
-70.34386  18.22779
-70.35028  18.22779
-70.35693  18.22917
-70.36334  18.23026
-70.36890  18.23220
-70.37446  18.23415
-70.38002  18.23610
-70.38753  18.23667
-70.39331  18.23582
-70.39915  18.23501
-70.40001  18.23501
-70.40391  18.23192
-70.40781  18.22888
-70.41164  18.22584
-70.41697  18.22418
-70.42167  18.22195
-70.42665  18.22029
-70.43221  18.21863
-70.43668  18.21639
-70.44196  18.21473
-70.44666  18.21249
-70.45055  18.20917
-70.45501  18.20694
-70.45971  18.20447
-70.46470  18.20304
-70.47026  18.20138
-70.47530  18.19972
-70.48109  18.19892
-70.48664  18.19720
-70.49249  18.19668
-70.49833  18.19554
-70.50417  18.19473
-70.51083  18.19473
-70.51500  18.19639
-70.51919  18.19972
-70.52309  18.20275
-70.52721  18.20447
-70.53363  18.20585
-70.53947  18.20636
-70.54583  18.20613
-70.55225  18.20751
-70.55752  18.20585
-70.56474  18.20636
-70.56886  18.20975
-70.56697  18.21502
-70.56503  18.22029
-70.56142  18.22418
-70.55637  18.22584
-70.55167  18.22808
-70.54721  18.23054
-70.54668  18.23582
-70.54835  18.24086
-70.55081  18.24527
-70.55247  18.25025
-70.55556  18.25386
-70.56142  18.25581
-70.56612  18.25833
-70.57110  18.26085
-70.57420  18.26475
-70.57751  18.26836
-70.58163  18.27139
-70.58640  18.27392
-70.58972  18.27776
-70.59224  18.28222
-70.59305  18.28778
-70.59252  18.29305
-70.58914  18.29695
-70.58582  18.30084
-70.58141  18.30331
-70.57665  18.30554
-70.57362  18.30944
-70.57167  18.31471
-70.57167  18.32113
-70.57167  18.32720
-70.57333  18.33224
-70.57499  18.33723
-70.57528  18.34336
-70.57442  18.35029
-70.57253  18.35556
-70.56972  18.36026
-70.56863  18.36502
-70.57110  18.36943
-70.57362  18.37361
-70.57614  18.37808
-70.57861  18.38249
-70.58027  18.38748
-70.58279  18.39166
-70.58444  18.39664
-70.58611  18.40169
-70.58943  18.40558
-70.59361  18.40862
-70.59802  18.41114
-70.60221  18.41418
-70.60639  18.41721
-70.61109  18.41973
-70.61694  18.42168
-70.62249  18.42363
-70.62891  18.42500
-70.63527  18.42609
-70.64083  18.42804
-70.64639  18.42999
-70.65223  18.43194
-70.65779  18.43360
-70.66444  18.43497
-70.67027  18.43417
-70.67670  18.43389
-70.68334  18.43389
-70.68999  18.43389
-70.69388  18.43085
-70.69691  18.42695
-70.70053  18.42306
-70.70442  18.42002
-70.70832  18.41664
-70.71222  18.41360
-70.71193  18.40891
-70.70947  18.40444
-70.70780  18.39945
-70.70780  18.39332
-70.70832  18.38639
-70.71027  18.38112
-70.71279  18.37636
-70.71640  18.37252
-70.71944  18.36891
-70.72276  18.36502
-70.72694  18.36192
-70.72997  18.35808
-70.73473  18.35556
-70.73863  18.35253
-70.74304  18.35029
-70.74780  18.34777
-70.75307  18.34611
-70.75943  18.34611
-70.76614  18.34611
-70.77278  18.34582
-70.77920  18.34582
-70.78555  18.34697
-70.79140  18.34892
-70.79696  18.35081
-70.80109  18.35390
-70.80475  18.35361
-70.80613  18.34748
-70.80945  18.34359
-70.81443  18.34193
-70.82027  18.34250
-70.82417  18.33946
-70.82887  18.33694
-70.83363  18.33975
-70.83695  18.34336
-70.84360  18.34445
-70.85001  18.34445
-70.85333  18.34055
-70.85529  18.33528
-70.85780  18.33058
-70.86113  18.32668
-70.86388  18.32222
-70.86502  18.31752
-70.86691  18.31225
-70.87029  18.30835
-70.87276  18.30360
-70.87752  18.30142
-70.88193  18.29890
-70.88668  18.29666
-70.89109  18.29414
-70.89527  18.29111
-70.89917  18.28807
-70.90164  18.28331
-70.90416  18.27890
-70.90777  18.27501
-70.91029  18.27025
-70.91361  18.26641
-70.91750  18.26332
-70.92220  18.26108
-70.92610  18.25805
-70.93137  18.25638
-70.93584  18.25386
-70.94111  18.25249
-70.94833  18.25306
-70.95389  18.25501
-70.95945  18.25667
-70.96529  18.25862
-70.96861  18.26251
-70.97085  18.26664
-70.97331  18.27111
-70.97692  18.27472
-70.97865  18.27970
-70.98082  18.28417
-70.98335  18.28858
-70.98580  18.29277
-70.99084  18.29529
-70.99698  18.29666
-71.00362  18.29775
-71.00998  18.29918
-71.01503  18.30165
-71.02052  18.30331
-71.02608  18.30526
-71.03250  18.30669
-71.03886  18.30778
-71.04614  18.30864
-71.05336  18.30915
-71.05972  18.30887
-71.06584  18.30806
-71.07111  18.30640
-71.07553  18.30417
-71.07971  18.30113
-71.08280  18.29724
-71.08469  18.29196
-71.08750  18.28721
-71.08945  18.28194
-71.09191  18.27724
-71.09472  18.27277
-71.09724  18.26807
-71.09971  18.26332
-71.10136  18.25724
-71.10252  18.25140
-71.10303  18.24584
-71.10136  18.24086
-71.09971  18.23582
-71.09724  18.23140
-71.09386  18.22779
-71.09054  18.22390
-71.08664  18.22086
-71.08332  18.21725
-71.08332  18.21083
-71.08304  18.20470
-71.08195  18.19914
-71.08057  18.19416
-71.07891  18.18918
-71.07697  18.18419
-71.07444  18.17972
-71.07192  18.17554
-71.06889  18.17164
-71.06641  18.16723
-71.06303  18.16362
-71.05972  18.16001
-71.05668  18.15612
-71.05473  18.15113
-71.05553  18.14443
-71.05862  18.14053
-71.06195  18.13669
-71.06527  18.13280
-71.06917  18.12970
-71.07169  18.12501
-71.07444  18.12053
-71.07639  18.11498
-71.07834  18.10971
-71.08028  18.10443
-71.08167  18.09836
-71.08361  18.09303
-71.08556  18.08747
-71.08779  18.08220
-71.09002  18.07779
-71.09364  18.07390
-71.09610  18.06914
-71.09942  18.06530
-71.10252  18.06141
-71.10664  18.05831
-71.11111  18.05614
-71.11306  18.05058
-71.11443  18.04445
-71.11775  18.04084
-71.12165  18.03751
-71.12497  18.03390
-71.12692  18.02835
-71.12888  18.02308
-71.13139  18.01832
-71.13334  18.01305
-71.13609  18.00864
-71.13861  18.00388
-71.14308  18.00165
-71.14720  17.99832
-71.15111  17.99529
-71.15500  17.99225
-71.15889  17.98916
-71.16142  17.98446
-71.16416  17.97999
-71.16611  17.97443
-71.16807  17.96916
-71.17001  17.96389
-71.17196  17.95862
-71.17442  17.95386
-71.17637  17.94859
-71.17918  17.94389
-71.18193  17.93942
-71.18445  17.93472
-71.18777  17.93083
-71.19081  17.92693
-71.19362  17.92252
-71.19751  17.91914
-71.20055  17.91553
-71.20473  17.91221
-71.20719  17.90780
-71.21109  17.90470
-71.21470  17.90081
-71.21831  17.89777
-71.22250  17.89445
-71.22696  17.89221
-71.23138  17.88975
-71.23665  17.88803
-71.24111  17.88585
-71.24501  17.88276
-71.24891  17.87972
-71.25251  17.87582
-71.25555  17.87193
-71.25836  17.86723
-71.26025  17.86196
-71.26277  17.85720
-71.26472  17.85193
-71.26695  17.84666
-71.27114  17.84414
-71.27612  17.84666
-71.28030  17.84832
-71.28414  17.84529
-71.28471  17.84002
-71.28391  17.83417
-71.28558  17.82890
-71.28918  17.82500
-71.29222  17.82111
-71.29749  17.81973
-71.30196  17.81721
-71.30666  17.81475
-71.30947  17.81028
-71.31165  17.80558
-71.31360  17.80025
-71.31583  17.79498
-71.31777  17.78971
-71.32030  17.78501
-71.32305  17.78054
-71.32557  17.77584
-71.32803  17.77109
-71.32998  17.76582
-71.33279  17.76140
-71.33554  17.75665
-71.33778  17.75195
-71.33972  17.74668
-71.34167  17.74141
-71.34253  17.73442
-71.34390  17.72835
-71.34585  17.72307
-71.34780  17.71780
-71.34975  17.71224
-71.35169  17.70692
-71.35364  17.70165
-71.35611  17.69695
-71.35892  17.69168
-71.36138  17.68721
-71.36333  17.68194
-71.36195  17.67695
-71.36361  17.67139
-71.36751  17.66836
-71.37192  17.66612
-71.37611  17.66280
-71.37943  17.65890
-71.38251  17.65501
-71.38447  17.64974
-71.38693  17.64527
-71.38888  17.63971
-71.39083  17.63444
-71.39307  17.62917
-71.39472  17.62390
-71.39667  17.61834
-71.40057  17.61530
-71.40446  17.61221
-71.40836  17.60917
-71.41306  17.60665
-71.41695  17.60361
-71.42251  17.60195
-71.42641  17.60361
-71.42973  17.60751
-71.43140  17.61249
-71.43277  17.61192
-71.43443  17.61696
-71.43695  17.62109
-71.43947  17.62556
-71.44279  17.62917
-71.44526  17.63364
-71.44858  17.63725
-71.45248  17.64057
-71.45586  17.64418
-71.45861  17.64859
-71.46165  17.65220
-71.46583  17.65529
-71.46973  17.65919
-71.47276  17.66280
-71.47471  17.66778
-71.47803  17.67168
-71.48055  17.67581
-71.48279  17.68027
-71.48525  17.68474
-71.48640  17.69030
-71.48720  17.69586
-71.48892  17.70084
-71.49081  17.70583
-71.49304  17.71081
-71.49557  17.71500
-71.49803  17.71946
-71.50055  17.72388
-71.50307  17.72806
-71.50502  17.73304
-71.50806  17.73694
-71.51138  17.74055
-71.51613  17.74307
-71.52026  17.74611
-71.52444  17.74914
-71.52914  17.75167
-71.53390  17.75418
-71.53946  17.75613
-71.54530  17.75780
-71.55086  17.75974
-71.55641  17.76169
-71.56364  17.76221
-71.57085  17.76278
-71.57806  17.76335
-71.58386  17.76250
-71.58970  17.76169
-71.59612  17.76140
-71.60277  17.76140
-71.60947  17.76112
-71.61583  17.76112
-71.62196  17.76026
-71.62781  17.75917
-71.63359  17.75831
-71.64001  17.75831
-71.64613  17.75751
-71.65192  17.75636
-71.65834  17.75636
-71.66470  17.75613
-71.67112  17.75751
-71.67667  17.75917
-71.67862  17.76221
-71.67416  17.76444
-71.66974  17.76696
-71.66636  17.77086
-71.66304  17.77470
-71.66000  17.77859
-71.65806  17.78386
-71.65530  17.78833
-71.65221  17.79223
-71.64803  17.79555
-71.64362  17.79779
-71.63972  17.80111
-71.63583  17.80415
-71.63330  17.80862
-71.62998  17.81251
-71.62803  17.81807
-71.62666  17.82414
-71.62557  17.82999
-71.62557  17.83640
-71.62803  17.84082
-71.63055  17.84500
-71.63222  17.84998
-71.63474  17.85445
-71.63805  17.85806
-71.64058  17.86247
-71.64224  17.86752
-71.64470  17.87164
-71.64723  17.87611
-71.65055  17.87972
-71.65444  17.88276
-71.65806  17.88665
-71.66109  17.89026
-71.66614  17.89278
-71.66946  17.89668
-71.66831  17.90109
-71.66470  17.90499
-71.66224  17.90974
-71.65971  17.91444
-71.65697  17.91891
-71.65530  17.92418
-71.65611  17.93003
-71.65697  17.93559
-71.65720  17.94166
-71.65834  17.94722
-71.65891  17.95306
-71.66058  17.95776
-71.66138  17.95942
-71.66138  17.95999
-71.66304  17.96360
-71.66722  17.96664
-71.66974  17.97111
-71.67221  17.97529
-71.67554  17.97919
-71.67862  17.98280
-71.68275  17.98583
-71.68694  17.98916
-71.69083  17.99225
-71.69582  17.99471
-71.70057  17.99723
-71.70469  18.00027
-71.70860  18.00331
-71.71277  18.00640
-71.71609  18.01001
-71.72028  18.01333
-71.72446  18.01637
-71.72836  18.01946
-71.73248  18.02250
-71.73724  18.02502
-71.74223  18.02749
-71.74693  18.03001
-71.75196  18.03247
-71.75752  18.03419
-71.76308  18.03614
-71.76806  18.03860
-71.77362  18.04026
-71.77917  18.04221
       NA        NA
-71.52221  17.61530
-71.51637  17.61610
-71.51253  17.61307
-71.50972  17.60860
-71.50278  17.60808
-71.49636  17.60694
-71.49139  17.60447
-71.48834  17.60086
-71.48502  17.59697
-71.48307  17.59192
-71.47832  17.58946
-71.47196  17.58751
-71.46669  17.58585
-71.46308  17.58195
-71.46692  17.57886
-71.47253  17.57720
-71.47694  17.57554
-71.48112  17.57336
-71.48473  17.56946
-71.48720  17.56471
-71.48892  17.55944
-71.49304  17.55640
-71.49751  17.55388
-71.50221  17.55165
-71.50725  17.54998
-71.51195  17.54752
-71.51723  17.54586
-71.52250  17.54414
-71.52696  17.54196
-71.53223  17.54030
-71.53860  17.54030
-71.54140  17.54443
-71.54278  17.54947
-71.54306  17.55583
-71.54111  17.56110
-71.53860  17.56557
-71.53722  17.57164
-71.53722  17.57806
-71.53831  17.58362
-71.53831  17.58975
-71.53642  17.59502
-71.53252  17.59834
-71.52863  17.60138
-71.52668  17.60665
-71.52473  17.61192
-71.52221  17.61530
