-37.03863 -54.51167
-37.04808 -54.51275
-37.05748 -54.51419
-37.06584 -54.51636
-37.07639 -54.51556
-37.08360 -54.51275
-37.08721 -54.50806
-37.08469 -54.50387
-37.07747 -54.50668
-37.06945 -54.50891
-37.06808 -54.50387
-37.07386 -54.50055
-37.08223 -54.49997
-37.08945 -54.49723
-37.09054 -54.49109
-37.09638 -54.48886
-37.10583 -54.48886
-37.10693 -54.48279
-37.10807 -54.47666
-37.10583 -54.47110
-37.09638 -54.46972
-37.08693 -54.46835
-37.07747 -54.46697
-37.06808 -54.46835
-37.06109 -54.47110
-37.05530 -54.47442
-37.04946 -54.47803
-37.04333 -54.48141
-37.03863 -54.48553
-37.03278 -54.48886
-37.02808 -54.49304
-37.02333 -54.49723
-37.01972 -54.50192
-37.02110 -54.50668
-37.03055 -54.50806
-37.03863 -54.51167
       NA        NA
-36.08723 -54.88970
-36.09777 -54.89027
-36.10751 -54.88919
-36.11582 -54.88724
-36.12195 -54.88363
-36.12808 -54.88030
-36.13169 -54.87555
-36.13278 -54.86942
-36.12224 -54.86862
-36.11279 -54.86724
-36.10803 -54.86306
-36.11387 -54.85973
-36.12252 -54.85750
-36.12975 -54.85498
-36.13335 -54.85028
-36.14057 -54.84747
-36.14888 -54.84558
-36.15387 -54.84140
-36.15862 -54.83751
-36.16447 -54.83390
-36.17443 -54.83281
-36.18028 -54.82914
-36.18389 -54.82444
-36.18750 -54.81974
-36.19111 -54.81499
-36.19609 -54.81086
-36.20222 -54.80748
-36.21053 -54.80553
-36.21752 -54.80278
-36.22251 -54.79860
-36.22720 -54.79470
-36.23557 -54.79276
-36.24388 -54.79058
-36.25109 -54.78806
-36.25499 -54.78336
-36.25860 -54.77832
-36.26445 -54.77499
-36.26915 -54.77110
-36.27166 -54.76554
-36.27419 -54.75998
-36.28141 -54.75723
-36.28748 -54.75391
-36.29223 -54.75002
-36.29585 -54.74497
-36.29831 -54.73970
-36.29751 -54.73334
-36.29390 -54.72858
-36.29390 -54.72165
-36.29888 -54.71775
-36.30249 -54.71305
-36.30501 -54.70750
-36.30971 -54.70332
-36.31223 -54.69805
-36.31475 -54.69249
-36.31721 -54.68693
-36.32082 -54.68223
-36.32558 -54.67805
-36.33028 -54.67416
-36.33641 -54.67054
-36.34002 -54.66585
-36.34002 -54.65891
-36.34248 -54.65359
-36.34752 -54.64946
-36.35331 -54.64614
-36.35944 -54.64276
-36.36529 -54.63914
-36.37136 -54.63582
-36.37720 -54.63250
-36.38196 -54.62832
-36.38694 -54.62442
-36.39279 -54.62081
-36.39777 -54.61691
-36.40362 -54.61336
-36.40832 -54.60947
-36.41445 -54.60609
-36.42253 -54.60391
-36.42499 -54.60001
-36.42636 -54.59360
-36.43112 -54.58970
-36.43943 -54.58752
-36.44888 -54.58638
-36.45862 -54.58500
-36.46664 -54.58305
-36.47277 -54.57944
-36.47724 -54.57555
-36.48223 -54.57137
-36.48584 -54.56667
-36.48693 -54.56054
-36.48360 -54.55555
-36.47776 -54.55223
-36.47083 -54.54942
-36.46613 -54.54530
-36.46389 -54.53974
-36.46498 -54.53361
-36.46859 -54.52891
-36.47472 -54.52553
-36.48166 -54.52278
-36.48888 -54.52003
-36.49695 -54.51808
-36.50669 -54.51665
-36.51586 -54.51527
-36.51861 -54.51000
-36.51724 -54.50359
-36.51970 -54.49831
-36.52692 -54.49556
-36.53723 -54.49614
-36.54691 -54.49780
-36.55637 -54.49917
-36.56697 -54.49974
-36.57751 -54.49917
-36.58696 -54.50055
-36.58805 -54.50668
-36.59166 -54.51167
-36.59751 -54.51499
-36.60696 -54.51636
-36.61613 -54.51636
-36.62581 -54.51499
-36.63527 -54.51361
-36.64363 -54.51167
-36.65056 -54.50891
-36.65526 -54.50502
-36.65526 -54.49803
-36.65555 -54.49109
-36.65887 -54.48640
-36.66391 -54.48221
-36.66970 -54.47889
-36.67807 -54.47694
-36.68500 -54.47419
-36.69554 -54.47362
-36.70637 -54.47276
-36.71806 -54.47276
-36.72889 -54.47224
-36.73697 -54.47029
-36.74418 -54.46749
-36.75003 -54.46416
-36.75696 -54.46141
-36.76303 -54.45781
-36.77003 -54.45528
-36.77833 -54.45248
-36.78664 -54.45030
-36.79724 -54.44973
-36.80887 -54.44973
-36.81139 -54.44417
-36.81002 -54.43804
-36.80779 -54.43248
-36.80555 -54.42721
-36.80331 -54.42165
-36.80085 -54.41609
-36.80085 -54.40945
-36.80194 -54.40303
-36.81139 -54.40194
-36.82113 -54.40332
-36.82915 -54.40252
-36.83276 -54.39776
-36.83609 -54.39306
-36.84113 -54.38888
-36.84583 -54.38469
-36.85167 -54.38137
-36.86112 -54.38137
-36.86914 -54.38332
-36.87751 -54.38556
-36.88445 -54.38418
-36.88336 -54.37805
-36.88112 -54.37249
-36.88805 -54.36974
-36.89860 -54.36917
-36.90335 -54.36499
-36.90003 -54.36029
-36.89167 -54.35806
-36.88221 -54.35668
-36.87276 -54.35530
-36.86359 -54.35387
-36.85860 -54.34974
-36.86359 -54.34585
-36.87058 -54.34304
-36.87889 -54.34081
-36.88805 -54.33972
-36.89860 -54.33892
-36.90943 -54.33834
-36.92002 -54.33749
-36.93056 -54.33834
-36.93859 -54.34029
-36.94581 -54.34304
-36.95280 -54.34585
-36.96082 -54.34780
-36.96918 -54.34997
-36.97972 -54.35055
-36.99142 -54.35055
-36.99972 -54.34860
-37.00694 -54.34585
-37.01387 -54.34304
-37.02110 -54.34029
-37.02808 -54.33749
-37.03502 -54.33640
-37.04333 -54.33416
-37.05140 -54.33221
-37.05943 -54.32998
-37.06664 -54.32723
-37.07364 -54.32442
-37.08086 -54.32196
-37.08664 -54.31835
-37.08664 -54.31308
-37.08303 -54.30803
-37.07971 -54.30334
-37.07833 -54.29720
-37.08086 -54.29165
-37.08555 -54.28752
-37.09002 -54.28334
-37.09724 -54.28082
-37.10555 -54.27858
-37.11580 -54.27807
-37.12389 -54.27583
-37.13002 -54.27251
-37.13443 -54.26833
-37.13947 -54.26414
-37.14611 -54.26139
-37.15442 -54.26220
-37.16502 -54.26277
-37.17665 -54.26277
-37.18639 -54.26139
-37.18863 -54.25721
-37.18972 -54.25251
-37.19888 -54.25251
-37.20971 -54.25331
-37.22026 -54.25166
-37.22834 -54.24971
-37.23664 -54.24776
-37.24696 -54.24696
-37.25303 -54.25028
-37.25669 -54.25389
-37.26248 -54.25721
-37.26724 -54.26139
-37.27417 -54.26392
-37.28225 -54.26609
-37.29308 -54.26667
-37.30333 -54.26724
-37.31525 -54.26724
-37.32694 -54.26724
-37.33748 -54.26804
-37.34694 -54.26941
-37.35387 -54.27194
-37.36000 -54.27555
-37.36693 -54.27807
-37.36584 -54.27194
-37.37278 -54.27194
-37.38194 -54.27194
-37.38916 -54.26919
-37.39610 -54.26775
-37.40417 -54.26970
-37.41140 -54.26833
-37.40887 -54.26306
-37.41031 -54.25664
-37.41363 -54.25194
-37.41002 -54.24725
-37.40165 -54.24529
-37.39220 -54.24386
-37.38194 -54.24306
-37.37220 -54.24197
-37.36057 -54.24197
-37.35387 -54.23916
-37.34888 -54.23498
-37.33971 -54.23361
-37.32917 -54.23447
-37.32081 -54.23361
-37.31720 -54.22891
-37.31943 -54.22335
-37.32556 -54.22002
-37.33221 -54.21665
-37.34058 -54.21447
-37.34860 -54.21252
-37.35696 -54.21029
-37.36498 -54.20834
-37.37444 -54.20696
-37.38389 -54.20553
-37.39197 -54.20335
-37.39890 -54.20055
-37.40360 -54.19665
-37.40693 -54.19167
-37.40693 -54.18639
-37.39999 -54.18359
-37.39054 -54.18221
-37.38000 -54.18164
-37.37387 -54.17803
-37.36722 -54.17556
-37.35668 -54.17471
-37.34585 -54.17419
-37.33554 -54.17362
-37.32751 -54.17138
-37.31777 -54.17001
-37.30975 -54.16806
-37.30030 -54.16669
-37.29331 -54.16388
-37.28391 -54.16279
-37.27474 -54.16141
-37.26414 -54.16056
-37.25692 -54.15780
-37.24999 -54.15528
-37.24415 -54.15167
-37.23945 -54.14778
-37.24530 -54.14692
-37.25475 -54.14554
-37.26500 -54.14503
-37.27555 -54.14554
-37.28609 -54.14612
-37.29778 -54.14612
-37.30832 -54.14554
-37.31749 -54.14417
-37.32803 -54.14331
-37.33863 -54.14279
-37.35026 -54.14251
-37.36109 -54.14331
-37.37026 -54.14474
-37.37971 -54.14583
-37.38916 -54.14721
-37.40057 -54.14721
-37.40887 -54.14526
-37.41581 -54.14251
-37.42279 -54.14113
-37.43110 -54.13890
-37.44056 -54.13752
-37.45081 -54.13695
-37.45803 -54.13391
-37.46474 -54.13110
-37.47419 -54.13001
-37.48473 -54.12916
-37.49499 -54.12973
-37.50473 -54.13110
-37.51281 -54.13305
-37.52221 -54.13443
-37.53281 -54.13500
-37.54335 -54.13586
-37.55251 -54.13695
-37.56197 -54.13918
-37.56776 -54.14251
-37.56919 -54.14721
-37.56804 -54.15196
-37.56219 -54.15557
-37.55526 -54.15832
-37.54581 -54.15969
-37.53664 -54.16113
-37.52942 -54.16250
-37.53779 -54.16445
-37.54581 -54.16640
-37.55418 -54.16863
-37.56219 -54.17058
-37.57165 -54.17196
-37.58001 -54.17390
-37.58947 -54.17528
-37.59887 -54.17665
-37.60947 -54.17723
-37.62001 -54.17780
-37.63026 -54.17694
-37.63834 -54.17918
-37.64585 -54.18164
-37.65501 -54.18164
-37.66304 -54.17975
-37.67249 -54.17803
-37.68195 -54.17665
-37.68859 -54.17390
-37.68527 -54.16915
-37.68166 -54.16445
-37.67805 -54.15969
-37.68641 -54.15889
-37.69444 -54.15694
-37.69891 -54.15276
-37.70475 -54.14915
-37.71054 -54.14583
-37.71753 -54.14308
-37.72085 -54.13803
-37.71861 -54.13557
-37.71030 -54.12864
-37.70303 -54.12584
-37.69472 -54.12388
-37.68808 -54.12114
-37.68195 -54.11775
-37.67501 -54.11529
-37.66888 -54.11168
-37.66304 -54.10836
-37.65834 -54.10418
-37.66195 -54.09942
-37.66997 -54.09747
-37.67914 -54.09862
-37.68974 -54.09942
-37.70137 -54.09919
-37.71197 -54.09999
-37.72028 -54.09776
-37.71775 -54.09220
-37.71197 -54.08887
-37.70475 -54.08613
-37.69776 -54.08281
-37.69054 -54.08028
-37.68361 -54.07748
-37.67638 -54.07472
-37.66831 -54.07278
-37.65805 -54.07364
-37.64751 -54.07278
-37.64138 -54.06945
-37.64390 -54.06527
-37.64252 -54.06057
-37.63416 -54.05862
-37.62723 -54.05582
-37.62138 -54.05249
-37.61669 -54.04831
-37.61640 -54.04276
-37.62471 -54.04081
-37.63525 -54.04138
-37.64585 -54.04195
-37.65387 -54.04000
-37.66304 -54.03863
-37.66418 -54.03250
-37.66859 -54.02975
-37.67914 -54.03026
-37.68750 -54.03084
-37.69220 -54.03502
-37.69919 -54.03640
-37.70721 -54.03834
-37.71667 -54.03972
-37.72721 -54.03892
-37.73666 -54.04029
-37.74583 -54.04138
-37.75637 -54.04195
-37.76697 -54.04138
-37.77528 -54.04058
-37.78336 -54.04253
-37.79138 -54.04447
-37.80192 -54.04528
-37.81252 -54.04447
-37.82169 -54.04304
-37.82748 -54.03943
-37.82610 -54.03336
-37.83418 -54.03141
-37.84140 -54.03250
-37.84724 -54.03582
-37.85331 -54.03943
-37.85916 -54.04276
-37.86724 -54.04470
-37.87669 -54.04613
-37.88832 -54.04585
-37.89778 -54.04722
-37.90918 -54.04722
-37.91863 -54.04556
-37.92442 -54.04224
-37.93026 -54.03863
-37.94058 -54.03943
-37.94997 -54.03777
-37.95805 -54.03582
-37.96389 -54.03221
-37.97306 -54.03084
-37.98029 -54.03358
-37.98498 -54.03748
-37.99306 -54.03972
-37.99891 -54.04304
-37.99444 -54.04722
-37.99696 -54.05112
-38.00389 -54.05387
-38.00973 -54.05719
-38.01804 -54.05914
-38.02028 -54.05502
-38.02945 -54.05359
-38.03305 -54.04889
-38.02721 -54.04556
-38.02222 -54.04138
-38.02194 -54.03445
-38.02085 -54.02832
-38.01363 -54.02585
-38.00555 -54.02390
-38.00664 -54.01749
-38.01334 -54.01474
-38.02137 -54.01250
-38.02858 -54.00975
-38.02251 -54.00637
-38.01529 -54.00391
-38.00721 -54.00305
-38.00057 -54.00608
-37.99112 -54.00752
-37.98166 -54.00889
-37.97364 -54.01084
-37.96665 -54.01388
-37.96195 -54.00975
-37.96195 -54.00276
-37.95696 -53.99886
-37.94889 -53.99692
-37.94195 -53.99417
-37.93359 -53.99222
-37.92556 -53.99417
-37.91835 -53.99165
-37.91027 -53.98970
-37.90224 -53.99027
-37.89526 -53.99308
-37.88471 -53.99388
-37.87417 -53.99331
-37.86609 -53.99417
-37.85807 -53.99612
-37.84970 -53.99835
-37.84306 -54.00110
-37.83974 -54.00586
-37.83498 -54.00998
-37.82473 -54.01084
-37.81419 -54.01027
-37.80359 -54.00946
-37.79528 -54.00752
-37.78720 -54.00557
-37.78026 -54.00276
-37.77304 -54.00030
-37.76503 -53.99807
-37.75557 -53.99692
-37.74720 -53.99503
-37.74142 -53.99142
-37.74027 -53.98666
-37.74612 -53.98334
-37.74583 -53.97778
-37.73999 -53.97446
-37.73196 -53.97251
-37.72360 -53.97028
-37.71443 -53.97194
-37.70859 -53.97388
-37.70165 -53.97669
-37.69363 -53.97887
-37.68303 -53.97944
-37.67387 -53.97973
-37.67140 -53.98363
-37.67971 -53.98586
-37.68223 -53.98970
-37.68332 -53.99446
-37.69054 -53.99720
-37.68693 -54.00225
-37.67776 -54.00362
-37.66722 -54.00305
-37.66029 -54.00030
-37.65221 -53.99807
-37.64252 -53.99835
-37.63445 -54.00030
-37.62637 -54.00248
-37.61720 -54.00391
-37.60557 -54.00391
-37.59388 -54.00391
-37.58334 -54.00333
-37.57526 -54.00420
-37.57165 -54.00889
-37.56363 -54.01113
-37.55331 -54.01027
-37.54363 -54.00918
-37.53332 -54.00832
-37.52386 -54.00723
-37.51223 -54.00723
-37.50307 -54.00861
-37.49499 -54.01056
-37.48777 -54.00780
-37.48192 -54.00443
-37.47499 -54.00167
-37.46474 -54.00110
-37.45637 -53.99915
-37.45167 -53.99503
-37.44583 -53.99165
-37.43637 -53.99027
-37.42692 -53.99027
-37.42027 -53.98775
-37.41306 -53.98500
-37.40475 -53.98305
-37.39415 -53.98225
-37.38418 -53.98305
-37.37805 -53.98637
-37.38057 -53.99193
-37.38779 -53.99474
-37.39581 -53.99669
-37.40165 -54.00001
-37.40750 -54.00333
-37.41666 -54.00471
-37.42835 -54.00471
-37.43775 -54.00608
-37.44360 -54.00946
-37.44027 -54.01416
-37.43443 -54.01777
-37.43918 -54.02167
-37.44973 -54.02247
-37.45442 -54.02528
-37.44864 -54.02860
-37.44056 -54.03084
-37.44165 -54.03416
-37.45305 -54.03416
-37.46141 -54.03611
-37.45889 -54.04029
-37.45225 -54.04304
-37.44416 -54.04499
-37.43695 -54.04779
-37.43110 -54.05141
-37.42778 -54.05611
-37.42308 -54.06029
-37.41638 -54.05748
-37.40807 -54.05553
-37.39862 -54.05415
-37.38916 -54.05278
-37.38108 -54.05083
-37.37387 -54.04802
-37.36945 -54.04390
-37.36000 -54.04253
-37.35307 -54.04419
-37.34390 -54.04528
-37.33445 -54.04694
-37.32528 -54.04802
-37.31474 -54.04889
-37.30420 -54.04975
-37.29250 -54.04975
-37.28082 -54.04975
-37.27027 -54.05026
-37.26334 -54.05307
-37.25641 -54.05582
-37.25303 -54.06086
-37.25056 -54.06613
-37.24581 -54.07026
-37.23888 -54.07306
-37.23195 -54.07581
-37.22472 -54.07444
-37.22472 -54.06779
-37.21888 -54.06418
-37.21223 -54.06137
-37.20971 -54.05611
-37.20971 -54.04917
-37.20610 -54.04447
-37.19665 -54.04585
-37.19224 -54.04998
-37.18531 -54.05249
-37.17471 -54.05336
-37.17029 -54.04917
-37.17253 -54.04390
-37.17442 -54.03834
-37.17001 -54.03416
-37.16278 -54.03141
-37.15362 -54.03279
-37.14554 -54.03502
-37.13723 -54.03697
-37.12806 -54.03553
-37.12113 -54.03416
-37.12445 -54.03892
-37.12915 -54.04304
-37.13500 -54.04665
-37.14084 -54.04998
-37.14331 -54.05530
-37.13609 -54.05805
-37.12806 -54.05611
-37.12445 -54.05141
-37.11638 -54.04917
-37.10945 -54.05192
-37.10475 -54.05611
-37.10475 -54.06166
-37.10945 -54.06585
-37.11391 -54.06974
-37.11999 -54.07335
-37.12583 -54.07668
-37.13414 -54.07862
-37.13998 -54.08223
-37.13752 -54.08750
-37.13752 -54.09444
-37.13998 -54.09999
-37.14331 -54.10475
-37.14915 -54.10807
-37.14697 -54.11363
-37.13638 -54.11414
-37.12612 -54.11501
-37.11666 -54.11363
-37.11053 -54.11031
-37.10721 -54.10555
-37.10389 -54.10057
-37.09999 -54.09581
-37.09558 -54.09169
-37.09197 -54.08693
-37.08836 -54.08223
-37.08360 -54.07805
-37.07776 -54.07472
-37.07198 -54.07112
-37.06613 -54.06779
-37.05943 -54.06498
-37.05220 -54.06223
-37.04527 -54.05972
-37.03725 -54.05748
-37.02780 -54.05611
-37.01834 -54.05748
-37.01027 -54.05972
-37.00225 -54.05748
-36.99720 -54.05359
-36.98918 -54.05141
-36.97887 -54.05192
-36.97279 -54.05553
-36.97085 -54.06109
-36.96833 -54.06636
-36.96947 -54.07249
-36.97165 -54.07805
-36.98001 -54.08028
-36.98586 -54.08361
-36.99165 -54.08693
-36.99720 -54.09054
-37.00442 -54.09306
-37.01027 -54.09667
-37.01611 -54.09999
-37.02195 -54.10331
-37.02780 -54.10693
-37.03250 -54.11082
-37.03358 -54.11724
-37.02917 -54.12114
-37.01944 -54.12251
-37.01027 -54.12114
-37.00305 -54.11861
-36.99503 -54.11638
-36.98804 -54.11363
-36.98110 -54.11082
-36.97417 -54.10836
-36.96833 -54.10475
-36.96111 -54.10194
-36.95526 -54.09862
-36.94862 -54.09581
-36.94025 -54.09386
-36.93085 -54.09249
-36.91917 -54.09249
-36.91224 -54.08974
-36.91584 -54.08641
-36.92386 -54.08418
-36.92971 -54.08086
-36.93223 -54.07530
-36.92501 -54.07249
-36.91917 -54.06917
-36.91109 -54.06722
-36.89946 -54.06722
-36.89252 -54.06974
-36.88668 -54.07335
-36.88192 -54.07748
-36.87614 -54.08086
-36.86554 -54.08137
-36.85860 -54.07862
-36.84806 -54.07805
-36.84222 -54.08137
-36.83775 -54.08555
-36.83168 -54.08887
-36.82360 -54.08836
-36.81638 -54.08555
-36.80944 -54.08836
-36.80583 -54.09306
-36.80498 -54.09919
-36.80360 -54.10527
-36.80583 -54.10944
-36.81168 -54.11277
-36.81638 -54.11695
-36.81638 -54.12251
-36.81392 -54.12778
-36.81861 -54.13197
-36.81861 -54.13890
-36.81609 -54.14445
-36.80692 -54.14583
-36.79890 -54.14360
-36.79386 -54.13947
-36.79054 -54.13471
-36.78836 -54.12916
-36.78722 -54.12308
-36.78613 -54.11695
-36.78498 -54.11082
-36.78252 -54.10527
-36.77558 -54.10251
-36.76389 -54.10251
-36.75220 -54.10251
-36.74304 -54.10114
-36.73502 -54.09890
-36.72665 -54.10114
-36.71943 -54.10389
-36.71141 -54.10583
-36.70081 -54.10641
-36.68918 -54.10641
-36.67864 -54.10721
-36.66695 -54.10721
-36.65641 -54.10778
-36.65858 -54.11197
-36.66082 -54.11724
-36.65417 -54.11999
-36.64581 -54.11804
-36.63527 -54.11724
-36.62610 -54.11861
-36.62140 -54.12280
-36.62363 -54.12807
-36.63057 -54.13082
-36.63527 -54.13586
-36.63498 -54.14251
-36.63612 -54.14864
-36.64220 -54.14806
-36.64804 -54.14474
-36.65498 -54.14193
-36.66443 -54.14056
-36.67251 -54.14279
-36.68053 -54.14474
-36.68861 -54.14669
-36.69583 -54.14973
-36.70167 -54.15305
-36.70058 -54.15780
-36.69113 -54.15918
-36.68053 -54.15969
-36.66999 -54.15918
-36.66053 -54.16056
-36.65836 -54.16445
-36.66529 -54.16720
-36.67583 -54.16806
-36.68752 -54.16806
-36.69915 -54.16806
-36.70860 -54.16943
-36.71307 -54.17362
-36.71445 -54.17975
-36.70860 -54.18307
-36.70030 -54.18525
-36.69084 -54.18668
-36.67915 -54.18668
-36.66861 -54.18582
-36.66030 -54.18359
-36.65360 -54.18084
-36.64638 -54.17832
-36.63721 -54.17665
-36.62638 -54.17608
-36.61613 -54.17528
-36.60777 -54.17333
-36.60192 -54.17001
-36.59613 -54.16640
-36.58805 -54.16417
-36.57637 -54.16417
-36.56474 -54.16417
-36.55556 -54.16279
-36.54502 -54.16222
-36.53666 -54.16417
-36.53666 -54.17081
-36.53167 -54.17500
-36.52835 -54.17832
-36.52251 -54.18193
-36.51305 -54.18336
-36.50497 -54.18113
-36.49667 -54.17889
-36.49306 -54.18387
-36.49306 -54.18915
-36.49529 -54.19470
-36.50360 -54.19276
-36.51168 -54.19081
-36.52113 -54.18943
-36.52915 -54.18719
-36.53528 -54.19081
-36.53970 -54.19499
-36.54915 -54.19637
-36.55751 -54.19442
-36.56193 -54.19029
-36.56915 -54.19167
-36.57029 -54.19637
-36.57361 -54.20112
-36.57831 -54.20530
-36.58416 -54.20891
-36.59109 -54.21166
-36.59694 -54.21498
-36.60387 -54.21779
-36.60748 -54.22249
-36.61332 -54.22610
-36.62025 -54.22891
-36.62833 -54.23085
-36.63664 -54.23303
-36.64220 -54.23642
-36.65056 -54.23859
-36.66002 -54.24002
-36.66695 -54.24277
-36.67279 -54.24610
-36.67749 -54.25028
-36.67388 -54.25498
-36.66919 -54.25916
-36.66334 -54.26248
-36.65858 -54.26667
-36.66558 -54.26941
-36.67142 -54.27280
-36.67612 -54.27692
-36.67142 -54.28111
-36.66225 -54.27973
-36.65388 -54.27750
-36.64415 -54.27612
-36.63612 -54.27526
-36.63251 -54.28030
-36.62667 -54.28363
-36.61750 -54.28225
-36.61166 -54.27887
-36.61029 -54.27251
-36.60696 -54.26775
-36.60112 -54.26443
-36.59166 -54.26306
-36.58359 -54.26082
-36.57665 -54.25807
-36.57081 -54.25475
-36.56502 -54.25108
-36.56026 -54.24696
-36.55333 -54.24415
-36.54525 -54.24220
-36.53695 -54.24025
-36.53001 -54.23722
-36.52308 -54.23447
-36.51110 -54.23447
-36.50669 -54.23859
-36.50497 -54.24472
-36.50085 -54.24054
-36.49363 -54.23779
-36.48526 -54.23584
-36.47862 -54.23859
-36.47249 -54.24197
-36.47002 -54.24725
-36.47002 -54.25418
-36.47002 -54.26111
-36.46974 -54.26638
-36.47306 -54.27137
-36.47776 -54.27555
-36.48859 -54.27612
-36.49775 -54.27497
-36.50251 -54.27916
-36.50114 -54.28529
-36.49667 -54.28918
-36.49168 -54.29331
-36.48693 -54.29749
-36.49306 -54.30081
-36.49392 -54.30695
-36.49139 -54.31250
-36.48779 -54.31720
-36.48664 -54.32333
-36.48664 -54.33027
-36.49002 -54.33502
-36.49472 -54.33915
-36.49695 -54.34470
-36.49695 -54.35026
-36.49002 -54.34888
-36.48641 -54.34390
-36.48166 -54.33972
-36.47472 -54.33720
-36.46664 -54.33502
-36.46057 -54.33164
-36.45610 -54.32751
-36.45387 -54.32196
-36.45026 -54.31720
-36.44585 -54.31308
-36.44000 -54.30947
-36.43055 -54.30803
-36.42447 -54.31141
-36.42109 -54.31640
-36.41748 -54.32109
-36.41387 -54.32585
-36.41026 -54.33055
-36.40637 -54.33525
-36.40196 -54.33943
-36.39611 -54.34275
-36.39113 -54.34694
-36.38420 -54.34974
-36.37692 -54.35249
-36.36998 -54.35502
-36.36168 -54.35696
-36.35331 -54.35914
-36.34609 -54.36166
-36.34168 -54.35777
-36.33584 -54.35416
-36.33223 -54.34946
-36.33252 -54.34390
-36.33721 -54.33972
-36.34335 -54.33640
-36.34776 -54.33250
-36.34919 -54.32614
-36.35165 -54.32081
-36.35526 -54.31611
-36.35526 -54.31055
-36.35303 -54.30500
-36.35555 -54.29944
-36.36168 -54.29612
-36.36500 -54.29142
-36.36861 -54.28666
-36.37331 -54.28248
-36.38168 -54.28053
-36.38861 -54.27778
-36.39113 -54.27222
-36.39222 -54.26609
-36.38998 -54.26054
-36.39251 -54.25526
-36.39749 -54.25108
-36.39749 -54.24696
-36.38666 -54.24753
-36.38001 -54.25028
-36.37388 -54.25360
-36.36804 -54.25721
-36.35835 -54.25836
-36.34776 -54.25916
-36.33612 -54.25887
-36.32919 -54.26168
-36.32444 -54.26580
-36.31389 -54.26501
-36.30444 -54.26363
-36.29527 -54.26363
-36.28806 -54.26638
-36.28221 -54.26970
-36.28336 -54.27308
-36.28914 -54.27669
-36.29361 -54.28053
-36.29470 -54.28695
-36.28639 -54.28752
-36.27723 -54.28609
-36.26668 -54.28529
-36.25723 -54.28666
-36.25946 -54.29222
-36.26055 -54.29835
-36.25803 -54.30362
-36.25442 -54.30861
-36.25196 -54.31388
-36.24835 -54.31863
-36.25419 -54.32224
-36.26112 -54.32499
-36.26221 -54.32975
-36.25637 -54.33307
-36.24806 -54.33525
-36.23861 -54.33640
-36.22915 -54.33777
-36.22084 -54.33972
-36.22554 -54.34253
-36.23139 -54.34613
-36.23362 -54.35141
-36.23947 -54.35502
-36.24640 -54.35777
-36.25333 -54.36057
-36.25803 -54.36470
-36.25780 -54.37169
-36.25528 -54.37696
-36.24720 -54.37891
-36.23666 -54.37943
-36.22474 -54.37943
-36.21775 -54.37667
-36.21082 -54.37387
-36.20251 -54.37306
-36.19558 -54.37582
-36.18945 -54.37914
-36.18028 -54.37776
-36.17335 -54.37501
-36.16642 -54.37221
-36.16137 -54.37639
-36.16721 -54.37971
-36.16945 -54.38527
-36.16693 -54.39082
-36.16447 -54.39639
-36.16447 -54.40303
-36.16555 -54.40916
-36.17111 -54.41277
-36.18057 -54.41415
-36.19111 -54.41500
-36.19111 -54.42028
-36.18641 -54.42446
-36.18057 -54.42778
-36.17443 -54.43111
-36.16974 -54.43529
-36.16223 -54.43804
-36.15530 -54.44056
-36.16000 -54.44474
-36.15278 -54.44749
-36.14332 -54.44887
-36.13502 -54.45081
-36.12917 -54.45414
-36.12333 -54.45752
-36.11250 -54.45666
-36.10556 -54.45528
-36.09749 -54.45333
-36.08780 -54.45443
-36.08196 -54.45803
-36.07720 -54.46193
-36.06999 -54.46474
-36.06139 -54.46669
-36.05222 -54.46525
-36.04529 -54.46251
-36.04053 -54.46388
-36.03944 -54.47001
-36.03916 -54.47666
-36.04002 -54.48307
-36.03750 -54.48834
-36.03137 -54.49166
-36.02444 -54.49447
-36.01613 -54.49636
-36.00776 -54.49831
-36.00668 -54.50192
-36.01361 -54.50192
-36.02082 -54.50473
-36.02890 -54.50697
-36.03721 -54.50891
-36.04529 -54.51109
-36.05474 -54.51252
-36.06529 -54.51332
-36.07222 -54.51613
-36.07193 -54.52306
-36.07193 -54.52834
-36.07669 -54.53252
-36.08362 -54.53527
-36.08947 -54.53888
-36.09525 -54.54220
-36.09863 -54.54724
-36.09502 -54.55194
-36.08780 -54.55475
-36.08196 -54.55807
-36.07474 -54.56054
-36.07113 -54.56529
-36.06861 -54.57085
-36.05916 -54.57222
-36.04861 -54.57280
-36.03778 -54.57331
-36.02724 -54.57251
-36.01916 -54.57056
-36.00834 -54.56971
-35.99888 -54.56942
-35.99304 -54.57303
-35.98805 -54.57692
-35.97974 -54.57887
-35.96915 -54.57835
-35.96336 -54.57475
-35.95752 -54.57137
-35.95058 -54.56861
-35.94250 -54.56638
-35.93276 -54.56501
-35.92331 -54.56335
-35.91529 -54.56139
-35.91053 -54.55721
-35.90721 -54.55223
-35.90251 -54.54805
-35.89306 -54.54942
-35.88945 -54.55280
-35.89277 -54.55779
-35.89391 -54.56392
-35.89500 -54.56999
-35.89363 -54.57612
-35.89948 -54.57835
-35.90887 -54.57973
-35.91002 -54.58586
-35.91082 -54.59222
-35.91442 -54.59692
-35.91637 -54.60247
-35.91414 -54.60775
-35.91637 -54.61336
-35.92445 -54.61554
-35.93248 -54.61777
-35.93471 -54.62304
-35.93362 -54.62918
-35.93081 -54.63474
-35.92720 -54.63943
-35.92250 -54.64361
-35.91775 -54.64780
-35.91277 -54.65170
-35.91139 -54.65776
-35.91002 -54.66418
-35.91002 -54.67083
-35.90835 -54.67696
-35.90835 -54.68390
-35.90835 -54.69083
-35.91637 -54.69140
-35.92612 -54.69025
-35.93420 -54.69111
-35.93752 -54.69581
-35.93391 -54.70057
-35.93030 -54.70527
-35.92525 -54.70945
-35.92027 -54.71334
-35.91442 -54.71695
-35.90721 -54.71942
-35.90251 -54.72137
-35.89529 -54.72417
-35.88807 -54.72692
-35.88085 -54.72945
-35.87249 -54.73139
-35.86555 -54.73414
-35.86166 -54.73890
-35.85667 -54.74308
-35.84613 -54.74360
-35.83668 -54.74222
-35.83169 -54.74612
-35.82808 -54.75082
-35.82195 -54.75443
-35.81141 -54.75500
-35.80305 -54.75695
-35.79473 -54.75889
-35.78723 -54.76141
-35.78247 -54.76554
-35.78946 -54.76834
-35.79915 -54.76834
-35.80751 -54.77058
-35.81170 -54.77471
-35.81554 -54.77975
-35.81892 -54.78445
-35.82224 -54.78915
-35.82779 -54.79276
-35.83611 -54.79470
-35.84470 -54.79419
-35.85054 -54.79081
-35.85667 -54.78748
-35.86251 -54.78972
-35.86831 -54.79304
-35.87667 -54.79110
-35.88417 -54.78835
-35.88859 -54.79138
-35.89220 -54.79613
-35.89414 -54.80170
-35.89775 -54.80639
-35.90222 -54.81057
-35.90944 -54.81333
-35.91890 -54.81361
-35.92612 -54.81086
-35.93666 -54.81029
-35.94863 -54.81029
-35.95946 -54.81109
-35.97029 -54.81057
-35.97974 -54.80914
-35.98696 -54.80668
-35.99418 -54.80387
-36.00003 -54.80055
-36.00725 -54.79780
-36.01332 -54.79442
-36.01916 -54.79110
-36.02529 -54.78777
-36.03280 -54.78502
-36.03859 -54.78164
-36.04581 -54.77889
-36.05308 -54.77637
-36.06030 -54.77362
-36.06752 -54.77081
-36.07474 -54.76806
-36.08305 -54.76611
-36.08998 -54.76359
-36.09972 -54.76359
-36.10305 -54.76834
-36.10058 -54.77391
-36.09583 -54.77803
-36.08969 -54.78141
-36.08362 -54.78474
-36.07640 -54.78748
-36.06947 -54.79000
-36.06110 -54.79195
-36.05360 -54.79470
-36.04667 -54.79751
-36.03944 -54.80026
-36.03331 -54.80359
-36.02862 -54.80748
-36.02581 -54.81304
-36.02111 -54.81722
-36.01281 -54.81917
-36.00306 -54.82026
-35.99361 -54.82169
-35.99470 -54.82639
-35.98972 -54.83057
-35.97917 -54.83109
-35.96863 -54.83029
-35.95780 -54.83109
-35.95167 -54.83418
-35.94669 -54.83831
-35.94056 -54.84169
-35.93362 -54.84444
-35.92640 -54.84724
-35.92142 -54.85114
-35.92027 -54.85612
-35.92973 -54.85750
-35.94164 -54.85750
-35.95001 -54.85555
-35.95694 -54.85280
-35.96445 -54.85166
-35.96055 -54.85641
-35.95585 -54.86054
-35.95442 -54.86667
-35.96141 -54.86942
-35.97081 -54.87085
-35.98055 -54.87223
-35.98748 -54.86970
-35.99361 -54.86609
-35.99722 -54.86140
-36.00335 -54.85807
-36.01166 -54.86025
-36.01281 -54.86638
-36.00919 -54.87114
-36.00530 -54.87584
-36.00639 -54.87944
-36.01470 -54.88139
-36.02529 -54.88219
-36.03280 -54.87944
-36.03750 -54.87555
-36.04472 -54.87280
-36.05165 -54.87417
-36.05308 -54.87778
-36.05280 -54.88305
-36.05864 -54.88666
-36.06695 -54.88861
-36.07640 -54.89027
-36.08723 -54.88970
       NA        NA
-59.72002 -52.11028
-59.71888 -52.10472
-59.71641 -52.09945
-59.71137 -52.09584
-59.70111 -52.09584
-59.69418 -52.09808
-59.68777 -52.10111
-59.68169 -52.10415
-59.67636 -52.10805
-59.67223 -52.11251
-59.66611 -52.11555
-59.65889 -52.11779
-59.65167 -52.12002
-59.64445 -52.12249
-59.63528 -52.12306
-59.62806 -52.12054
-59.62308 -52.11664
-59.62164 -52.11108
-59.62164 -52.10501
-59.62611 -52.10026
-59.63001 -52.09584
-59.63419 -52.09109
-59.63832 -52.08668
-59.63442 -52.08358
-59.62445 -52.08358
-59.61334 -52.08278
-59.60446 -52.08083
-59.59586 -52.07888
-59.58612 -52.07751
-59.57970 -52.07447
-59.57501 -52.07058
-59.57139 -52.06611
-59.57139 -52.05997
-59.57753 -52.05694
-59.58360 -52.05390
-59.59082 -52.05167
-59.59775 -52.04915
-59.60612 -52.04777
-59.61139 -52.04388
-59.61443 -52.03861
-59.61666 -52.03247
-59.62085 -52.02806
-59.62611 -52.02417
-59.63030 -52.01970
-59.63442 -52.01500
-59.63666 -52.00887
-59.62944 -52.00640
-59.62222 -52.00721
-59.61528 -52.00944
-59.60807 -52.01196
-59.60193 -52.01500
-59.59391 -52.01637
-59.58554 -52.01804
-59.57638 -52.01861
-59.56750 -52.01804
-59.55891 -52.01609
-59.55999 -52.00916
-59.56417 -52.00474
-59.56945 -52.00085
-59.57472 -51.99724
-59.57970 -51.99334
-59.58526 -51.98944
-59.58807 -51.98555
-59.58309 -51.98166
-59.57558 -51.97919
-59.56721 -51.97724
-59.55581 -51.97638
-59.54613 -51.97501
-59.53582 -51.97501
-59.52722 -51.97306
-59.52109 -51.96973
-59.52224 -51.96447
-59.52722 -51.96057
-59.53444 -51.95834
-59.54280 -51.95667
-59.55083 -51.95530
-59.56114 -51.95530
-59.57111 -51.95530
-59.57999 -51.95444
-59.58835 -51.95306
-59.59443 -51.95003
-59.59970 -51.94613
-59.60389 -51.94166
-59.60612 -51.93553
-59.60497 -51.92974
-59.60136 -51.92556
-59.59609 -51.92167
-59.58887 -51.91914
-59.57775 -51.91834
-59.56664 -51.91748
-59.55942 -51.91972
-59.55220 -51.92224
-59.54418 -51.92361
-59.53610 -51.92527
-59.52888 -51.92751
-59.52275 -51.93055
-59.51473 -51.93192
-59.50723 -51.93415
-59.49834 -51.93501
-59.48918 -51.93582
-59.48167 -51.93307
-59.47445 -51.93055
-59.46947 -51.92665
-59.46695 -51.92167
-59.46803 -51.91611
-59.47307 -51.91250
-59.48029 -51.91026
-59.48861 -51.90860
-59.49473 -51.90556
-59.50081 -51.90253
-59.50614 -51.89886
-59.51112 -51.89502
-59.51530 -51.89055
-59.51862 -51.88499
-59.52166 -51.87972
-59.51805 -51.87526
-59.50831 -51.87388
-59.50224 -51.87697
-59.49388 -51.87864
-59.48499 -51.87915
-59.47640 -51.87720
-59.47026 -51.87417
-59.46637 -51.86970
-59.46391 -51.86471
-59.46609 -51.86002
-59.47026 -51.85555
-59.47640 -51.85222
-59.48247 -51.84947
-59.48557 -51.84391
-59.48196 -51.83945
-59.47474 -51.83693
-59.46609 -51.83498
-59.45669 -51.83583
-59.44890 -51.83583
-59.44082 -51.83750
-59.43193 -51.83807
-59.42443 -51.83555
-59.41945 -51.83165
-59.41446 -51.82804
-59.40971 -51.82415
-59.40363 -51.82082
-59.39664 -51.82197
-59.39166 -51.82558
-59.38805 -51.83085
-59.38306 -51.83475
-59.37693 -51.83778
-59.36805 -51.83721
-59.36553 -51.83223
-59.36553 -51.82581
-59.36444 -51.82025
-59.36193 -51.81527
-59.36083 -51.80942
-59.35975 -51.80386
-59.35831 -51.79831
-59.35585 -51.79332
-59.35361 -51.78834
-59.35109 -51.78335
-59.34720 -51.78026
-59.34113 -51.78335
-59.33694 -51.78777
-59.33167 -51.79166
-59.32445 -51.79390
-59.31471 -51.79252
-59.30749 -51.78971
-59.29861 -51.78777
-59.29139 -51.78530
-59.28526 -51.78192
-59.28280 -51.77694
-59.28692 -51.77252
-59.29219 -51.76863
-59.29752 -51.76502
-59.30056 -51.75946
-59.29947 -51.75390
-59.29443 -51.75001
-59.28836 -51.74697
-59.28114 -51.74416
-59.27248 -51.74221
-59.26389 -51.74027
-59.25667 -51.73780
-59.25025 -51.73442
-59.24446 -51.73110
-59.23914 -51.72749
-59.23473 -51.72359
-59.22859 -51.71970
-59.22109 -51.71723
-59.21387 -51.71442
-59.20419 -51.71305
-59.19863 -51.71695
-59.19445 -51.72142
-59.18752 -51.72359
-59.18030 -51.72113
-59.17640 -51.71666
-59.17164 -51.71276
-59.16804 -51.70835
-59.16305 -51.70446
-59.15692 -51.70136
-59.14970 -51.69890
-59.14225 -51.69609
-59.13388 -51.69415
-59.12391 -51.69277
-59.11475 -51.69334
-59.10581 -51.69415
-59.09664 -51.69500
-59.08696 -51.69334
-59.08083 -51.69030
-59.07361 -51.68750
-59.06358 -51.68612
-59.05751 -51.68916
-59.05224 -51.69305
-59.04892 -51.69833
-59.04668 -51.70446
-59.04668 -51.71053
-59.04914 -51.71557
-59.05138 -51.72055
-59.05000 -51.72749
-59.04583 -51.73225
-59.04055 -51.73586
-59.03637 -51.74027
-59.03225 -51.74502
-59.02915 -51.75029
-59.02669 -51.75637
-59.02669 -51.76250
-59.03029 -51.76697
-59.03362 -51.77138
-59.03889 -51.77527
-59.04113 -51.78026
-59.04113 -51.78639
-59.03780 -51.79195
-59.03528 -51.79779
-59.03665 -51.80363
-59.04141 -51.80747
-59.04387 -51.81252
-59.04279 -51.81779
-59.03499 -51.81807
-59.02887 -51.81475
-59.02027 -51.81281
-59.01052 -51.81137
-59.00085 -51.80999
-58.99471 -51.80667
-58.98973 -51.80278
-58.98474 -51.79888
-58.98114 -51.79470
-58.97999 -51.78891
-58.98193 -51.78416
-58.98641 -51.77974
-58.99054 -51.77527
-58.99363 -51.76971
-58.99609 -51.76387
-58.99918 -51.75860
-59.00165 -51.75247
-59.00308 -51.74554
-59.00503 -51.73946
-59.00669 -51.73248
-59.00526 -51.72691
-59.00417 -51.72142
-59.00308 -51.71585
-59.00417 -51.71030
-59.01305 -51.70944
-59.02113 -51.70807
-59.02863 -51.70583
-59.02720 -51.70027
-59.02720 -51.69392
-59.02748 -51.68779
-59.02640 -51.68222
-59.02388 -51.67696
-59.01918 -51.67334
-59.01305 -51.67002
-59.00554 -51.66750
-58.99695 -51.66526
-58.98973 -51.66280
-58.98497 -51.65891
-58.98497 -51.65277
-58.99030 -51.64888
-58.99723 -51.64664
-59.00640 -51.64584
-59.01666 -51.64613
-59.02474 -51.64447
-59.03276 -51.64304
-59.04084 -51.64166
-59.04892 -51.64000
-59.05722 -51.63862
-59.06416 -51.63639
-59.07138 -51.63416
-59.07831 -51.63192
-59.08473 -51.62888
-59.09085 -51.62584
-59.09693 -51.62275
-59.10306 -51.61971
-59.10942 -51.61668
-59.11555 -51.61359
-59.12053 -51.60997
-59.12580 -51.60614
-59.13194 -51.60304
-59.13807 -51.60001
-59.14529 -51.59777
-59.15331 -51.59640
-59.16030 -51.59416
-59.16586 -51.59027
-59.16998 -51.58585
-59.17416 -51.58110
-59.17279 -51.57554
-59.16666 -51.57251
-59.16196 -51.56861
-59.15583 -51.56528
-59.15084 -51.56139
-59.14471 -51.55835
-59.14111 -51.55388
-59.13641 -51.54998
-59.13165 -51.54609
-59.12667 -51.54248
-59.12305 -51.53807
-59.11807 -51.53417
-59.11584 -51.52919
-59.11223 -51.52472
-59.11114 -51.51916
-59.10862 -51.51389
-59.10862 -51.50776
-59.10891 -51.50169
-59.10443 -51.50610
-59.10025 -51.51057
-59.09721 -51.51584
-59.09389 -51.52140
-59.09057 -51.52667
-59.08747 -51.53194
-59.08416 -51.53721
-59.08003 -51.54168
-59.07665 -51.54695
-59.07361 -51.55251
-59.06943 -51.55692
-59.06610 -51.56225
-59.06169 -51.56666
-59.05751 -51.57141
-59.05333 -51.57583
-59.04914 -51.58030
-59.04387 -51.58419
-59.03694 -51.58637
-59.02720 -51.58500
-59.01969 -51.58247
-59.01609 -51.57806
-59.01247 -51.57359
-59.00887 -51.56918
-59.01030 -51.56225
-59.01443 -51.55778
-59.01860 -51.55308
-59.02307 -51.54861
-59.02806 -51.54472
-59.03225 -51.54030
-59.03637 -51.53583
-59.04084 -51.53114
-59.04502 -51.52667
-59.04720 -51.52054
-59.04749 -51.51447
-59.04502 -51.50942
-59.03998 -51.50558
-59.03029 -51.50415
-59.02113 -51.50472
-59.01305 -51.50639
-59.00417 -51.50696
-58.99609 -51.50862
-58.98584 -51.50833
-58.98692 -51.50306
-58.99305 -51.50003
-58.99918 -51.49693
-59.00640 -51.49469
-59.01333 -51.49252
-59.01969 -51.48943
-59.02697 -51.48725
-59.03305 -51.48415
-59.03998 -51.48192
-59.04611 -51.47888
-59.05333 -51.47665
-59.06026 -51.47447
-59.06668 -51.47138
-59.07470 -51.47000
-59.08278 -51.46834
-59.09166 -51.46777
-59.10197 -51.46777
-59.11194 -51.46777
-59.12082 -51.46696
-59.12391 -51.46170
-59.12753 -51.45636
-59.12609 -51.45081
-59.12391 -51.44582
-59.12002 -51.44141
-59.11641 -51.43694
-59.11194 -51.43304
-59.10805 -51.42863
-59.10581 -51.42359
-59.10335 -51.41861
-59.09974 -51.41414
-59.09389 -51.41082
-59.08473 -51.41167
-59.07751 -51.41391
-59.07138 -51.41695
-59.06416 -51.41918
-59.05722 -51.42141
-59.04914 -51.42308
-59.04113 -51.42445
-59.03001 -51.42359
-59.02027 -51.42221
-59.01305 -51.41947
-59.00554 -51.41695
-58.99970 -51.41362
-58.99500 -51.41002
-58.99111 -51.40554
-58.98887 -51.40056
-58.98778 -51.39471
-58.98669 -51.38916
-58.98165 -51.38526
-58.97082 -51.38446
-58.96280 -51.38583
-58.95363 -51.38669
-58.94252 -51.38583
-58.93278 -51.38446
-58.92304 -51.38308
-58.91364 -51.38165
-58.90390 -51.38028
-58.89416 -51.37862
-58.88499 -51.37942
-58.87502 -51.37942
-58.86890 -51.37609
-58.86803 -51.37054
-58.86557 -51.36555
-58.86557 -51.35919
-58.86890 -51.35386
-58.87193 -51.34859
-58.87526 -51.34332
-58.87864 -51.33805
-58.88276 -51.33364
-58.88694 -51.32888
-58.88998 -51.32361
-58.89445 -51.31914
-58.89863 -51.31444
-58.90275 -51.30997
-58.90694 -51.30556
-58.91220 -51.30167
-58.91748 -51.29777
-58.92252 -51.29416
-58.92860 -51.29113
-58.93386 -51.28751
-58.93834 -51.28225
-58.94137 -51.27691
-58.94360 -51.27084
-58.94613 -51.26471
-58.94836 -51.25864
-58.94974 -51.25165
-58.94447 -51.24918
-58.93638 -51.25085
-58.93140 -51.25446
-58.92527 -51.25749
-58.92000 -51.26139
-58.91473 -51.26500
-58.90975 -51.26889
-58.90447 -51.27279
-58.89943 -51.27640
-58.89416 -51.28030
-58.88803 -51.28333
-58.88081 -51.28557
-58.87387 -51.28780
-58.86586 -51.28918
-58.85778 -51.29055
-58.84861 -51.29141
-58.84168 -51.29359
-58.83446 -51.29582
-58.82753 -51.29806
-58.81944 -51.29943
-58.81223 -51.30167
-58.80529 -51.30390
-58.79807 -51.30614
-58.79108 -51.30831
-58.78502 -51.31141
-58.77888 -51.31444
-58.77252 -51.31748
-58.76725 -51.32109
-58.76112 -51.32418
-58.75419 -51.32636
-58.74697 -51.32859
-58.73803 -51.32946
-58.72806 -51.32946
-58.71998 -51.33083
-58.71276 -51.33307
-58.70474 -51.33501
-58.69666 -51.33667
-58.68641 -51.33667
-58.67638 -51.33639
-58.66555 -51.33553
-58.65609 -51.33416
-58.64808 -51.33553
-58.64252 -51.33942
-58.63639 -51.34252
-58.62946 -51.34470
-58.62224 -51.34693
-58.61221 -51.34665
-58.61335 -51.34137
-58.61972 -51.33833
-58.62057 -51.33278
-58.61725 -51.32831
-58.61112 -51.32499
-58.60613 -51.32138
-58.60029 -51.31805
-58.59307 -51.31530
-58.58694 -51.31221
-58.57972 -51.30946
-58.56998 -51.30808
-58.56030 -51.30665
-58.54947 -51.30585
-58.53944 -51.30556
-58.53056 -51.30637
-58.52111 -51.30694
-58.51223 -51.30780
-58.50306 -51.30831
-58.49332 -51.30831
-58.48249 -51.30751
-58.47137 -51.30665
-58.46335 -51.30808
-58.45636 -51.31026
-58.44915 -51.31250
-58.44221 -51.31473
-58.43471 -51.31697
-58.42668 -51.31834
-58.41975 -51.32057
-58.41391 -51.32224
-58.40778 -51.32499
-58.40165 -51.32808
-58.39609 -51.33192
-58.39110 -51.33553
-58.38612 -51.33942
-58.38165 -51.34389
-58.37638 -51.34750
-58.37111 -51.35140
-58.36498 -51.35444
-58.35891 -51.35724
-58.35363 -51.36108
-58.34750 -51.36418
-58.34332 -51.36859
-58.33971 -51.37392
-58.33747 -51.37999
-58.33530 -51.38612
-58.33169 -51.39139
-58.32945 -51.39724
-58.32613 -51.40251
-58.32275 -51.40778
-58.32058 -51.41391
-58.32029 -51.42027
-58.32275 -51.42388
-58.32641 -51.42834
-58.33249 -51.43167
-58.33833 -51.43500
-58.34584 -51.43752
-58.35415 -51.43975
-58.35999 -51.44279
-58.36194 -51.44445
-58.37306 -51.44525
-58.38308 -51.44525
-58.39414 -51.44640
-58.40388 -51.44777
-58.41224 -51.44972
-58.42084 -51.45195
-58.43058 -51.45333
-58.44026 -51.45470
-58.44748 -51.45253
-58.44972 -51.44640
-58.45419 -51.44193
-58.45722 -51.43666
-58.45975 -51.43058
-58.46192 -51.42445
-58.46335 -51.41780
-58.46668 -51.41248
-58.47000 -51.40721
-58.47332 -51.40194
-58.47859 -51.39804
-58.48473 -51.39500
-58.49360 -51.39443
-58.50002 -51.39638
-58.50610 -51.39947
-58.51085 -51.40331
-58.51555 -51.40721
-58.52053 -51.41110
-58.52391 -51.41557
-58.52999 -51.41889
-58.53474 -51.42250
-58.53944 -51.42640
-58.54443 -51.43030
-58.55027 -51.43362
-58.54752 -51.43608
-58.53864 -51.43694
-58.52861 -51.43666
-58.51945 -51.43752
-58.51137 -51.43889
-58.50638 -51.44250
-58.50197 -51.44720
-58.50168 -51.45333
-58.50530 -51.45780
-58.51028 -51.46170
-58.51360 -51.46611
-58.51612 -51.47109
-58.51836 -51.47614
-58.51945 -51.48192
-58.51916 -51.48805
-58.51916 -51.49418
-58.51778 -51.50111
-58.51526 -51.50724
-58.50970 -51.50747
-58.50277 -51.50472
-58.49887 -51.50026
-58.49418 -51.49664
-58.48942 -51.49281
-58.48335 -51.48943
-58.47470 -51.48725
-58.46501 -51.48582
-58.45527 -51.48444
-58.44834 -51.48169
-58.44083 -51.47917
-58.43110 -51.47779
-58.42416 -51.47997
-58.42056 -51.48530
-58.41723 -51.49057
-58.41723 -51.49664
-58.41946 -51.50169
-58.42056 -51.50747
-58.42279 -51.51252
-58.42416 -51.51807
-58.42502 -51.52363
-58.42640 -51.52942
-58.42611 -51.53555
-58.42697 -51.54111
-58.42697 -51.54752
-58.42474 -51.55222
-58.42056 -51.55669
-58.41391 -51.55749
-58.40886 -51.55360
-58.40525 -51.54919
-58.40055 -51.54529
-58.39695 -51.54082
-58.39225 -51.53692
-58.38526 -51.53778
-58.38194 -51.54334
-58.38057 -51.54998
-58.37918 -51.55692
-58.37500 -51.56139
-58.36973 -51.56528
-58.36251 -51.56723
-58.35443 -51.56889
-58.34447 -51.56861
-58.33581 -51.56666
-58.32974 -51.56334
-58.32499 -51.55944
-58.32166 -51.55503
-58.31501 -51.55445
-58.30665 -51.55612
-58.29943 -51.55807
-58.29336 -51.56110
-58.28722 -51.56414
-58.28390 -51.56947
-58.28138 -51.57554
-58.28253 -51.58110
-58.28276 -51.58614
-58.28499 -51.59112
-58.28470 -51.59720
-58.28333 -51.60419
-58.28001 -51.60946
-58.27582 -51.61387
-58.27141 -51.61834
-58.26723 -51.62304
-58.26304 -51.62751
-58.25944 -51.63278
-58.25502 -51.63725
-58.25113 -51.64166
-58.24666 -51.64642
-58.24139 -51.65002
-58.23612 -51.65387
-58.22695 -51.65443
-58.21945 -51.65306
-58.21331 -51.64974
-58.21000 -51.64556
-58.21085 -51.64000
-58.21526 -51.63553
-58.22053 -51.63169
-58.22586 -51.62808
-58.23027 -51.62333
-58.23446 -51.61891
-58.23973 -51.61530
-58.24391 -51.61055
-58.24723 -51.60527
-58.24723 -51.60058
-58.24248 -51.59668
-58.23389 -51.59445
-58.22472 -51.59525
-58.21778 -51.59748
-58.21057 -51.59972
-58.20443 -51.60253
-58.19693 -51.60471
-58.18999 -51.60694
-58.18277 -51.60917
-58.17447 -51.61055
-58.16862 -51.60723
-58.16862 -51.60110
-58.17303 -51.59668
-58.17831 -51.59278
-58.18364 -51.58918
-58.18891 -51.58528
-58.19498 -51.58247
-58.20220 -51.58030
-58.20942 -51.57806
-58.21669 -51.57583
-58.22363 -51.57359
-58.22998 -51.57055
-58.23503 -51.56695
-58.24053 -51.56305
-58.24305 -51.55692
-58.23692 -51.55388
-58.22832 -51.55165
-58.21859 -51.55027
-58.21114 -51.54752
-58.21028 -51.54197
-58.21165 -51.53498
-58.21612 -51.53056
-58.22111 -51.52695
-58.22919 -51.52558
-58.23886 -51.52695
-58.24889 -51.52833
-58.25720 -51.53056
-58.26832 -51.53136
-58.27719 -51.53056
-58.28442 -51.52862
-58.28694 -51.52248
-58.28831 -51.51555
-58.28722 -51.50999
-58.28614 -51.50415
-58.28527 -51.49859
-58.28527 -51.49252
-58.28751 -51.48639
-58.29192 -51.48192
-58.30058 -51.48387
-58.30527 -51.48776
-58.30888 -51.49223
-58.31112 -51.49722
-58.31473 -51.50169
-58.31943 -51.50558
-58.32555 -51.50890
-58.33169 -51.51223
-58.34137 -51.51360
-58.34945 -51.51223
-58.35443 -51.50833
-58.35776 -51.50306
-58.35667 -51.49751
-58.35197 -51.49361
-58.34830 -51.48914
-58.34251 -51.48582
-58.33776 -51.48192
-58.33277 -51.47808
-58.32808 -51.47447
-58.32447 -51.47000
-58.32109 -51.46553
-58.31610 -51.46170
-58.31278 -51.45723
-58.30917 -51.45276
-58.30556 -51.44835
-58.30086 -51.44445
-58.29748 -51.43998
-58.29359 -51.43557
-58.29026 -51.43110
-58.28666 -51.42669
-58.28333 -51.42221
-58.27943 -51.41752
-58.27502 -51.41391
-58.26998 -51.41002
-58.26529 -51.40612
-58.25806 -51.40331
-58.25084 -51.40084
-58.24248 -51.39861
-58.23279 -51.39724
-58.22277 -51.39581
-58.21194 -51.39471
-58.20197 -51.39471
-58.19280 -51.39529
-58.18277 -51.39529
-58.17390 -51.39581
-58.16387 -51.39581
-58.16278 -51.39500
-58.15275 -51.39500
-58.14278 -51.39471
-58.13276 -51.39471
-58.12193 -51.39391
-58.11225 -51.39225
-58.10251 -51.39082
-58.09391 -51.38858
-58.08555 -51.38669
-58.07724 -51.38446
-58.06859 -51.38251
-58.05862 -51.38223
-58.05140 -51.38446
-58.04332 -51.38583
-58.03530 -51.38721
-58.02527 -51.38721
-58.01444 -51.38641
-58.00584 -51.38417
-57.99719 -51.38223
-57.99026 -51.37942
-57.98167 -51.37724
-57.97193 -51.37581
-57.96362 -51.37363
-57.95388 -51.37220
-57.94276 -51.37140
-57.93503 -51.37140
-57.92695 -51.37277
-57.91887 -51.37415
-57.91194 -51.37638
-57.90558 -51.37942
-57.89944 -51.38223
-57.89418 -51.38612
-57.88999 -51.39053
-57.88444 -51.39414
-57.87945 -51.39804
-57.87389 -51.40165
-57.86971 -51.40612
-57.86725 -51.41225
-57.86696 -51.41861
-57.86805 -51.42417
-57.86805 -51.43030
-57.86776 -51.43666
-57.86335 -51.44112
-57.85780 -51.44474
-57.85195 -51.44777
-57.84639 -51.45167
-57.84221 -51.45613
-57.83780 -51.46055
-57.83448 -51.46582
-57.83000 -51.47029
-57.82582 -51.47470
-57.82055 -51.47860
-57.81528 -51.48220
-57.80915 -51.48530
-57.80279 -51.48805
-57.79557 -51.49029
-57.78864 -51.49252
-57.78136 -51.49469
-57.77414 -51.49693
-57.76887 -51.50054
-57.76720 -51.50747
-57.77111 -51.51194
-57.78085 -51.51194
-57.78915 -51.51057
-57.79804 -51.50999
-57.80027 -51.51498
-57.79998 -51.52140
-57.79391 -51.52415
-57.78555 -51.52558
-57.77752 -51.52724
-57.77053 -51.52919
-57.76417 -51.53223
-57.76165 -51.53836
-57.76669 -51.54219
-57.77248 -51.54529
-57.78113 -51.54752
-57.79082 -51.54919
-57.79609 -51.54947
-57.80388 -51.54947
-57.81390 -51.54970
-57.82336 -51.54890
-57.83224 -51.54832
-57.84221 -51.54861
-57.85138 -51.54775
-57.86026 -51.54724
-57.86971 -51.54666
-57.87859 -51.54609
-57.88667 -51.54443
-57.89584 -51.54391
-57.90472 -51.54334
-57.91302 -51.54197
-57.92110 -51.54053
-57.93027 -51.54002
-57.93864 -51.53836
-57.94666 -51.53692
-57.95359 -51.53475
-57.96058 -51.53280
-57.96694 -51.52970
-57.97336 -51.52667
-57.97943 -51.52386
-57.98499 -51.52002
-57.98997 -51.51641
-57.99531 -51.51252
-58.00057 -51.50890
-58.00779 -51.50667
-58.01696 -51.50610
-58.02498 -51.50472
-58.03111 -51.50169
-58.03971 -51.50249
-58.04332 -51.50667
-58.04194 -51.51360
-58.03862 -51.51888
-58.03444 -51.52335
-58.03111 -51.52862
-58.02750 -51.53389
-58.02888 -51.53836
-58.03919 -51.53836
-58.04722 -51.53692
-58.05334 -51.53389
-58.05862 -51.53028
-58.06360 -51.52667
-58.07001 -51.52363
-58.07918 -51.52306
-58.08640 -51.52558
-58.09225 -51.52890
-58.09832 -51.53223
-58.10698 -51.53417
-58.11528 -51.53641
-58.12502 -51.53778
-58.13224 -51.54053
-58.13831 -51.54391
-58.14307 -51.54752
-58.14278 -51.55388
-58.13780 -51.55749
-58.13138 -51.56053
-58.12525 -51.56362
-58.11918 -51.56666
-58.11276 -51.56947
-58.10583 -51.57164
-58.09752 -51.57308
-58.08944 -51.57445
-58.08222 -51.57669
-58.07392 -51.57806
-58.06692 -51.58030
-58.06085 -51.58333
-58.05334 -51.58557
-58.04750 -51.58832
-58.03919 -51.59055
-58.03082 -51.59193
-58.02280 -51.59336
-58.01364 -51.59388
-58.00390 -51.59250
-57.99668 -51.58975
-57.98809 -51.58780
-57.97915 -51.58694
-57.97027 -51.58780
-57.96224 -51.58918
-57.95416 -51.59055
-57.94586 -51.59193
-57.93777 -51.59336
-57.92970 -51.59473
-57.92139 -51.59611
-57.91222 -51.59668
-57.90335 -51.59748
-57.89498 -51.59886
-57.88610 -51.59943
-57.87693 -51.60001
-57.86891 -51.60138
-57.86055 -51.60276
-57.85252 -51.60419
-57.84554 -51.60637
-57.83722 -51.60780
-57.82915 -51.60917
-57.81998 -51.60997
-57.81081 -51.61055
-57.80164 -51.61112
-57.79362 -51.61250
-57.78641 -51.61473
-57.78027 -51.61777
-57.77500 -51.62138
-57.76945 -51.62499
-57.76497 -51.62946
-57.76417 -51.63501
-57.76641 -51.64000
-57.76973 -51.64470
-57.77471 -51.64859
-57.78056 -51.65169
-57.78669 -51.65501
-57.79391 -51.65776
-57.80113 -51.66056
-57.80944 -51.66252
-57.81803 -51.66475
-57.82915 -51.66555
-57.83997 -51.66641
-57.85000 -51.66664
-57.85946 -51.66584
-57.86833 -51.66526
-57.87613 -51.66664
-57.87584 -51.67277
-57.88191 -51.67609
-57.89057 -51.67696
-57.89944 -51.67776
-57.89721 -51.68251
-57.88919 -51.68389
-57.88083 -51.68526
-57.87389 -51.68721
-57.86639 -51.68945
-57.86026 -51.69248
-57.85389 -51.69558
-57.84582 -51.69695
-57.83556 -51.69666
-57.82474 -51.69586
-57.81637 -51.69363
-57.80778 -51.69168
-57.79947 -51.68945
-57.79082 -51.68721
-57.78222 -51.68526
-57.77111 -51.68446
-57.76223 -51.68498
-57.75306 -51.68555
-57.74498 -51.68692
-57.73667 -51.68835
-57.73140 -51.69219
-57.73501 -51.69666
-57.74469 -51.69804
-57.75558 -51.69918
-57.76526 -51.70056
-57.77391 -51.70251
-57.78251 -51.70474
-57.79224 -51.70640
-57.79947 -51.70887
-57.80806 -51.71110
-57.81390 -51.71442
-57.81998 -51.71752
-57.82611 -51.72084
-57.83448 -51.72359
-57.84415 -51.72525
-57.85389 -51.72668
-57.86387 -51.72835
-57.87252 -51.72886
-57.88169 -51.72835
-57.88999 -51.72691
-57.89807 -51.72554
-57.90833 -51.72554
-57.91807 -51.72720
-57.92775 -51.72863
-57.93864 -51.72972
-57.94970 -51.73058
-57.96058 -51.73138
-57.97164 -51.73225
-57.97553 -51.73557
-57.96832 -51.73751
-57.96030 -51.73918
-57.95250 -51.73918
-57.94947 -51.74164
-57.95669 -51.74416
-57.96528 -51.74640
-57.97387 -51.74863
-57.98361 -51.75001
-57.99335 -51.75138
-58.00304 -51.75304
-58.01307 -51.75442
-58.02280 -51.75585
-58.03249 -51.75751
-58.03192 -51.75470
-58.03833 -51.75167
-58.04750 -51.75109
-58.05724 -51.75247
-58.06555 -51.75470
-58.07414 -51.75665
-58.08165 -51.75946
-58.09139 -51.76084
-58.10113 -51.76221
-58.11196 -51.76336
-58.12221 -51.76336
-58.13138 -51.76278
-58.14026 -51.76221
-58.14972 -51.76141
-58.15860 -51.76084
-58.16668 -51.75946
-58.17693 -51.75946
-58.18805 -51.76026
-58.19779 -51.76192
-58.20775 -51.76192
-58.21693 -51.76141
-58.22500 -51.75998
-58.23251 -51.75780
-58.24053 -51.75614
-58.24947 -51.75557
-58.25915 -51.75694
-58.26333 -51.75889
-58.25915 -51.76336
-58.25308 -51.76502
-58.24500 -51.76639
-58.23778 -51.76863
-58.23165 -51.77166
-58.22638 -51.77527
-58.22031 -51.77831
-58.21389 -51.78112
-58.20581 -51.78249
-58.19750 -51.78416
-58.18747 -51.78387
-58.17641 -51.78307
-58.16639 -51.78307
-58.15528 -51.78192
-58.14720 -51.78335
-58.14278 -51.78805
-58.14668 -51.79109
-58.15418 -51.79361
-58.16249 -51.79584
-58.17361 -51.79664
-58.18249 -51.79613
-58.19086 -51.79470
-58.20002 -51.79390
-58.21028 -51.79418
-58.22031 -51.79418
-58.22919 -51.79361
-58.23749 -51.79224
-58.24500 -51.79332
-58.25611 -51.79447
-58.26333 -51.79693
-58.27084 -51.79974
-58.27697 -51.80278
-58.28276 -51.80610
-58.28751 -51.80999
-58.29250 -51.81389
-58.29971 -51.81664
-58.30722 -51.81916
-58.31444 -51.82197
-58.32303 -51.82392
-58.33025 -51.82667
-58.33999 -51.82804
-58.35002 -51.82804
-58.35833 -51.82667
-58.35220 -51.82833
-58.34526 -51.83056
-58.33776 -51.83280
-58.32888 -51.83332
-58.32086 -51.83498
-58.30946 -51.83389
-58.30109 -51.83194
-58.29250 -51.82970
-58.28527 -51.82724
-58.27915 -51.82392
-58.27416 -51.82002
-58.26832 -51.81664
-58.26225 -51.81360
-58.25502 -51.81086
-58.24500 -51.80942
-58.23417 -51.80862
-58.22586 -51.80999
-58.21778 -51.81137
-58.20861 -51.81194
-58.19859 -51.81194
-58.18919 -51.81252
-58.18306 -51.81555
-58.18444 -51.81974
-58.18919 -51.82363
-58.19888 -51.82529
-58.20861 -51.82667
-58.21612 -51.82919
-58.22472 -51.83136
-58.23475 -51.83280
-58.24196 -51.83555
-58.24775 -51.83887
-58.25388 -51.84225
-58.26110 -51.84472
-58.26975 -51.84666
-58.27719 -51.84947
-58.28556 -51.85165
-58.29169 -51.85474
-58.29668 -51.85864
-58.30275 -51.86196
-58.31140 -51.86391
-58.32109 -51.86557
-58.32974 -51.86752
-58.33805 -51.86947
-58.34779 -51.87113
-58.35529 -51.87359
-58.36136 -51.87697
-58.36612 -51.88081
-58.37220 -51.88419
-58.37724 -51.88803
-58.38331 -51.89112
-58.38916 -51.89445
-58.39666 -51.89720
-58.40525 -51.89915
-58.41499 -51.90058
-58.42502 -51.90081
-58.43333 -51.89915
-58.44141 -51.89777
-58.44972 -51.89640
-58.45665 -51.89416
-58.46415 -51.89193
-58.47109 -51.88969
-58.47859 -51.88752
-58.48552 -51.88528
-58.49303 -51.88305
-58.50002 -51.88081
-58.50833 -51.87944
-58.51692 -51.88167
-58.52053 -51.88585
-58.52776 -51.88861
-58.53669 -51.88918
-58.54471 -51.88780
-58.55503 -51.88803
-58.56362 -51.88998
-58.57084 -51.89250
-58.57697 -51.89582
-58.58665 -51.89720
-58.59525 -51.89943
-58.60636 -51.90029
-58.61358 -51.89806
-58.62000 -51.89502
-58.62613 -51.89193
-58.63335 -51.88969
-58.64332 -51.88998
-58.65220 -51.89055
-58.66223 -51.89193
-58.67305 -51.89279
-58.68331 -51.89307
-58.69248 -51.89222
-58.70142 -51.89164
-58.71167 -51.89164
-58.72164 -51.89164
-58.73167 -51.89164
-58.74192 -51.89193
-58.75109 -51.89112
-58.75224 -51.89112
-58.75974 -51.89250
-58.76891 -51.89193
-58.77722 -51.89027
-58.78415 -51.88803
-58.78942 -51.88442
-58.79281 -51.87915
-58.79613 -51.87359
-58.80025 -51.86918
-58.80862 -51.86781
-58.81858 -51.86781
-58.82890 -51.86781
-58.83498 -51.86500
-58.84002 -51.86110
-58.84557 -51.85721
-58.85165 -51.85446
-58.86001 -51.85279
-58.86803 -51.85136
-58.87526 -51.84919
-58.88224 -51.84695
-58.88946 -51.84472
-58.89668 -51.84168
-58.90275 -51.83887
-58.90917 -51.83583
-58.91444 -51.83194
-58.91971 -51.82833
-58.92194 -51.82197
-58.92419 -51.81750
-58.92722 -51.81223
-58.92831 -51.80667
-58.93055 -51.80054
-58.94057 -51.80192
-58.94664 -51.80530
-58.95249 -51.80833
-58.95753 -51.81223
-58.96252 -51.81613
-58.96612 -51.82054
-58.96859 -51.82558
-58.96836 -51.83194
-58.96945 -51.83750
-58.97197 -51.84248
-58.97443 -51.84753
-58.97529 -51.85308
-58.97111 -51.85778
-58.96475 -51.86053
-58.95776 -51.86276
-58.95053 -51.86528
-58.94527 -51.86889
-58.93919 -51.87193
-58.93306 -51.87503
-58.92664 -51.87806
-58.91862 -51.87944
-58.91141 -51.88167
-58.90419 -51.88391
-58.89720 -51.88609
-58.88889 -51.88752
-58.88276 -51.89055
-58.87749 -51.89445
-58.87141 -51.89748
-58.86499 -51.90058
-58.86001 -51.90419
-58.85360 -51.90723
-58.84637 -51.90946
-58.83916 -51.91169
-58.83194 -51.91388
-58.82392 -51.91531
-58.81664 -51.91748
-58.80942 -51.91972
-58.80220 -51.92224
-58.79721 -51.92585
-58.79361 -51.93112
-58.79750 -51.93553
-58.80747 -51.93553
-58.81475 -51.93335
-58.82277 -51.93192
-58.82443 -51.93473
-58.82030 -51.93943
-58.81498 -51.94304
-58.81085 -51.94779
-58.80443 -51.95054
-58.79945 -51.95444
-58.79303 -51.95747
-58.78696 -51.96057
-58.77945 -51.96280
-58.77137 -51.96418
-58.76141 -51.96280
-58.75528 -51.95942
-58.75058 -51.95553
-58.74582 -51.95197
-58.73832 -51.94917
-58.72972 -51.94722
-58.71970 -51.94693
-58.71138 -51.94860
-58.70331 -51.95003
-58.69609 -51.95221
-58.68806 -51.95364
-58.68056 -51.95581
-58.67248 -51.95724
-58.66527 -51.95942
-58.65724 -51.96114
-58.64808 -51.96166
-58.63891 -51.96252
-58.63169 -51.96469
-58.62642 -51.96836
-58.62390 -51.97443
-58.62390 -51.98085
-58.62613 -51.98584
-58.62859 -51.99082
-58.62613 -51.99695
-58.61725 -51.99752
-58.60780 -51.99833
-58.60390 -52.00136
-58.60780 -52.00583
-58.61502 -52.00835
-58.62109 -52.01168
-58.62613 -52.01557
-58.63335 -52.01804
-58.63942 -52.02142
-58.64664 -52.02417
-58.65530 -52.02612
-58.66251 -52.02863
-58.66859 -52.03196
-58.66887 -52.03695
-58.66446 -52.04141
-58.65942 -52.04525
-58.65609 -52.05058
-58.65277 -52.05585
-58.64945 -52.06112
-58.64693 -52.06720
-58.64693 -52.07333
-58.64555 -52.08026
-58.64418 -52.08696
-58.64194 -52.09304
-58.63942 -52.09917
-58.63724 -52.10530
-58.63472 -52.11137
-58.63501 -52.11613
-58.64223 -52.11887
-58.65139 -52.11808
-58.66057 -52.11750
-58.67082 -52.11750
-58.67890 -52.11613
-58.68137 -52.11000
-58.68137 -52.10364
-58.67919 -52.09859
-58.67804 -52.09304
-58.68251 -52.08862
-58.68858 -52.08553
-58.69471 -52.08249
-58.69999 -52.07888
-58.70526 -52.07499
-58.71059 -52.07138
-58.71391 -52.06582
-58.71832 -52.06141
-58.72250 -52.05694
-58.72777 -52.05304
-58.73224 -52.04863
-58.73723 -52.04474
-58.74668 -52.04416
-58.75556 -52.04336
-58.76501 -52.04279
-58.77195 -52.04055
-58.77831 -52.03752
-58.78335 -52.03391
-58.79252 -52.03442
-58.79613 -52.03889
-58.79859 -52.04388
-58.80581 -52.04640
-58.81555 -52.04806
-58.82500 -52.04720
-58.83194 -52.04502
-58.83835 -52.04193
-58.84752 -52.04141
-58.85388 -52.04308
-58.85612 -52.04806
-58.85388 -52.05419
-58.85165 -52.06026
-58.85165 -52.06668
-58.85526 -52.07109
-58.86139 -52.07418
-58.86752 -52.07751
-58.87473 -52.08003
-58.88195 -52.08278
-58.88803 -52.08582
-58.89445 -52.08914
-58.89943 -52.09304
-58.90556 -52.09642
-58.91169 -52.09945
-58.92167 -52.10083
-58.93055 -52.10026
-58.93610 -52.09642
-58.93919 -52.09109
-58.93805 -52.08553
-58.93834 -52.07917
-58.93834 -52.07304
-58.94057 -52.06697
-58.94470 -52.06250
-58.95334 -52.06445
-58.95695 -52.06892
-58.96331 -52.07195
-58.97082 -52.07333
-58.97890 -52.07195
-58.98331 -52.06720
-58.98474 -52.06055
-58.98612 -52.05362
-58.98612 -52.04749
-58.98750 -52.04055
-58.99168 -52.03608
-58.99695 -52.03225
-59.00308 -52.02915
-59.01030 -52.02692
-59.01666 -52.02388
-59.02502 -52.02250
-59.03333 -52.02446
-59.03947 -52.02778
-59.04336 -52.03225
-59.05080 -52.03333
-59.05808 -52.03110
-59.06141 -52.02583
-59.06141 -52.01970
-59.06141 -52.01334
-59.06914 -52.01471
-59.07642 -52.01723
-59.08667 -52.01723
-59.09498 -52.01500
-59.10197 -52.01276
-59.10638 -52.00835
-59.11057 -52.00389
-59.11498 -51.99919
-59.12111 -51.99609
-59.12724 -51.99334
-59.13251 -51.98944
-59.13778 -51.98555
-59.14695 -51.98498
-59.15669 -51.98641
-59.16277 -51.98944
-59.16637 -51.99391
-59.16780 -51.99970
-59.17141 -52.00417
-59.17749 -52.00721
-59.18390 -52.01053
-59.19250 -52.01248
-59.20224 -52.01391
-59.20946 -52.01168
-59.21553 -52.00858
-59.22275 -52.00640
-59.22888 -52.00331
-59.23307 -51.99890
-59.23748 -51.99414
-59.24361 -51.99111
-59.25169 -51.99111
-59.25919 -51.99363
-59.26641 -51.99638
-59.27248 -51.99942
-59.28114 -52.00222
-59.28973 -52.00417
-59.29586 -52.00750
-59.29947 -52.01168
-59.30084 -52.01752
-59.29947 -52.02446
-59.29333 -52.02720
-59.28417 -52.02806
-59.27666 -52.02554
-59.27054 -52.02222
-59.26447 -52.01889
-59.25306 -52.01832
-59.24498 -52.01970
-59.23581 -52.02056
-59.22779 -52.02193
-59.22057 -52.02417
-59.21141 -52.02502
-59.20333 -52.02640
-59.19502 -52.02806
-59.18860 -52.03082
-59.18442 -52.03557
-59.18247 -52.04164
-59.18247 -52.04777
-59.18442 -52.05276
-59.18333 -52.05975
-59.17720 -52.06279
-59.16889 -52.06416
-59.15915 -52.06279
-59.15308 -52.05946
-59.14666 -52.05637
-59.13807 -52.05585
-59.13056 -52.05803
-59.12558 -52.06170
-59.11945 -52.06473
-59.11389 -52.06863
-59.11641 -52.07361
-59.12140 -52.07751
-59.12861 -52.08003
-59.13497 -52.08335
-59.14002 -52.08696
-59.14363 -52.09137
-59.13916 -52.09613
-59.12999 -52.09665
-59.12002 -52.09527
-59.11028 -52.09390
-59.09916 -52.09304
-59.09109 -52.09470
-59.08278 -52.09613
-59.07859 -52.10054
-59.08083 -52.10558
-59.08582 -52.10942
-59.09194 -52.11280
-59.09945 -52.11526
-59.10667 -52.11808
-59.11303 -52.12111
-59.12168 -52.12306
-59.13027 -52.12529
-59.13778 -52.12776
-59.14391 -52.13114
-59.14861 -52.13475
-59.15388 -52.13859
-59.15474 -52.14414
-59.15165 -52.14970
-59.14414 -52.15194
-59.13721 -52.15417
-59.12695 -52.15417
-59.11584 -52.15331
-59.10724 -52.15113
-59.09859 -52.14919
-59.09109 -52.14666
-59.08249 -52.14443
-59.07361 -52.14248
-59.06530 -52.14053
-59.05665 -52.13859
-59.04668 -52.13721
-59.03722 -52.13778
-59.03528 -52.14391
-59.03751 -52.14890
-59.04250 -52.15280
-59.04863 -52.15612
-59.05614 -52.15864
-59.06358 -52.16110
-59.07086 -52.16391
-59.07808 -52.16637
-59.08444 -52.16970
-59.09057 -52.17308
-59.09555 -52.17669
-59.09555 -52.18305
-59.09498 -52.18499
-59.09389 -52.18499
-59.09166 -52.18975
-59.08776 -52.19416
-59.08025 -52.19640
-59.07224 -52.19777
-59.06387 -52.19943
-59.05470 -52.20029
-59.04943 -52.20390
-59.04834 -52.20946
-59.04943 -52.21502
-59.05195 -52.22000
-59.05694 -52.22390
-59.06192 -52.22779
-59.06696 -52.23141
-59.07722 -52.23169
-59.08530 -52.22997
-59.09251 -52.22779
-59.10054 -52.22636
-59.10891 -52.22419
-59.11721 -52.22276
-59.12443 -52.22058
-59.13056 -52.21748
-59.13807 -52.21531
-59.14500 -52.21278
-59.15222 -52.21055
-59.15835 -52.20780
-59.16586 -52.20528
-59.17503 -52.20471
-59.18500 -52.20471
-59.19387 -52.20665
-59.19863 -52.21055
-59.20637 -52.21307
-59.21473 -52.21502
-59.22418 -52.21445
-59.23111 -52.21221
-59.23553 -52.20752
-59.23971 -52.20304
-59.24303 -52.19777
-59.24195 -52.19221
-59.24085 -52.18637
-59.24085 -52.18030
-59.24303 -52.17416
-59.24722 -52.16970
-59.25249 -52.16586
-59.25891 -52.16277
-59.26584 -52.16053
-59.27529 -52.15973
-59.28417 -52.15916
-59.29248 -52.15749
-59.29752 -52.15388
-59.29918 -52.14695
-59.30611 -52.14472
-59.31247 -52.14666
-59.32279 -52.14666
-59.33001 -52.14414
-59.33614 -52.14140
-59.34141 -52.13750
-59.34582 -52.13280
-59.35195 -52.12999
-59.35802 -52.12696
-59.36416 -52.12386
-59.37057 -52.12083
-59.37779 -52.11859
-59.38472 -52.11641
-59.39223 -52.11887
-59.39360 -52.12444
-59.39360 -52.13085
-59.39360 -52.13692
-59.39470 -52.14248
-59.39722 -52.14775
-59.40082 -52.15194
-59.40696 -52.15526
-59.41641 -52.15446
-59.42025 -52.14999
-59.42363 -52.14472
-59.42804 -52.14002
-59.43417 -52.13692
-59.44305 -52.13750
-59.44918 -52.14082
-59.45279 -52.14529
-59.45417 -52.15085
-59.45417 -52.15721
-59.45279 -52.16391
-59.44862 -52.16861
-59.44334 -52.17222
-59.43721 -52.17525
-59.42999 -52.17778
-59.42197 -52.17915
-59.41446 -52.18139
-59.41446 -52.18752
-59.41836 -52.19193
-59.42581 -52.19474
-59.43056 -52.19835
-59.43446 -52.20275
-59.43308 -52.20975
-59.42999 -52.21502
-59.42363 -52.21806
-59.41750 -52.22109
-59.40919 -52.22252
-59.40082 -52.22419
-59.39280 -52.22556
-59.38444 -52.22722
-59.37946 -52.23083
-59.37390 -52.23473
-59.36805 -52.23777
-59.36055 -52.24000
-59.35361 -52.24224
-59.34806 -52.24613
-59.34307 -52.25003
-59.33975 -52.25530
-59.33751 -52.26108
-59.33975 -52.26641
-59.34359 -52.27054
-59.34863 -52.27444
-59.35361 -52.27833
-59.35975 -52.28137
-59.36582 -52.28475
-59.36971 -52.28916
-59.37086 -52.29472
-59.36863 -52.30085
-59.36416 -52.30526
-59.35917 -52.30916
-59.35471 -52.31391
-59.34972 -52.31752
-59.34336 -52.32056
-59.33803 -52.32446
-59.33167 -52.32749
-59.32972 -52.33334
-59.33334 -52.33780
-59.33803 -52.34164
-59.34806 -52.34307
-59.35637 -52.34164
-59.36359 -52.33947
-59.36891 -52.33557
-59.37390 -52.33167
-59.37946 -52.32778
-59.38364 -52.32331
-59.38891 -52.31970
-59.39418 -52.31586
-59.39945 -52.31197
-59.40363 -52.30750
-59.40862 -52.30360
-59.41497 -52.30056
-59.42248 -52.29833
-59.43137 -52.29753
-59.44168 -52.29753
-59.45085 -52.29695
-59.46110 -52.29695
-59.47026 -52.29609
-59.47863 -52.29472
-59.48362 -52.29082
-59.48499 -52.28526
-59.48225 -52.28028
-59.47972 -52.27530
-59.48081 -52.26974
-59.48499 -52.26527
-59.49026 -52.26137
-59.49525 -52.25776
-59.50081 -52.25387
-59.50499 -52.24945
-59.51027 -52.24556
-59.51725 -52.24332
-59.52555 -52.24166
-59.53473 -52.24109
-59.54584 -52.24166
-59.55581 -52.24304
-59.56721 -52.24390
-59.57529 -52.24252
-59.58165 -52.23943
-59.58554 -52.23473
-59.58446 -52.22917
-59.58194 -52.22419
-59.57833 -52.21972
-59.57443 -52.21531
-59.56945 -52.21141
-59.56360 -52.20832
-59.55942 -52.20390
-59.56057 -52.19972
-59.56750 -52.19749
-59.57775 -52.19749
-59.58778 -52.19892
-59.59638 -52.20081
-59.60640 -52.20224
-59.61528 -52.20275
-59.62164 -52.19972
-59.62388 -52.19388
-59.62388 -52.18752
-59.62388 -52.18110
-59.62502 -52.17445
-59.62720 -52.16832
-59.63224 -52.16442
-59.63969 -52.16225
-59.64668 -52.16002
-59.65419 -52.15778
-59.66221 -52.15612
-59.66834 -52.15308
-59.67361 -52.14947
-59.67585 -52.14334
-59.68003 -52.13859
-59.68610 -52.13555
-59.69252 -52.13251
-59.70054 -52.13114
-59.70776 -52.12890
-59.71389 -52.12581
-59.71807 -52.12111
-59.71917 -52.11418
-59.71807 -52.10862
-59.71664 -52.10306
-59.72002 -52.11028
       NA        NA
-61.03026 -52.02474
-61.02917 -52.01637
-61.02665 -52.01139
-61.02029 -52.00835
-61.01307 -52.01053
-61.00694 -52.01363
-61.00109 -52.01695
-60.99502 -52.01999
-60.98890 -52.02308
-60.98277 -52.02612
-60.97554 -52.02863
-60.96753 -52.03030
-60.96053 -52.03247
-60.95137 -52.03333
-60.94220 -52.03419
-60.93108 -52.03362
-60.92112 -52.03225
-60.91109 -52.03110
-60.90025 -52.03059
-60.89000 -52.03059
-60.88473 -52.03442
-60.88387 -52.04113
-60.88639 -52.04611
-60.88777 -52.05196
-60.88581 -52.05803
-60.88502 -52.06335
-60.88416 -52.06892
-60.87499 -52.06834
-60.86640 -52.06639
-60.86141 -52.06279
-60.86113 -52.05637
-60.86416 -52.05109
-60.86720 -52.04582
-60.87029 -52.04055
-60.87362 -52.03500
-60.87195 -52.02944
-60.86307 -52.02886
-60.85390 -52.02972
-60.84583 -52.03139
-60.83781 -52.03305
-60.82973 -52.03471
-60.81947 -52.03471
-60.81082 -52.03276
-60.80193 -52.03082
-60.79472 -52.02835
-60.78722 -52.02583
-60.77971 -52.02331
-60.77220 -52.02084
-60.76332 -52.01889
-60.75610 -52.01637
-60.74722 -52.01471
-60.74361 -52.01030
-60.74447 -52.00474
-60.74831 -52.00136
-60.75530 -51.99919
-60.76447 -51.99833
-60.77364 -51.99752
-60.78360 -51.99724
-60.79391 -51.99724
-60.80308 -51.99638
-60.81111 -51.99472
-60.81723 -51.99168
-60.82222 -51.98778
-60.82555 -51.98251
-60.82944 -51.97776
-60.83362 -51.97334
-60.83860 -51.96945
-60.84388 -51.96555
-60.84669 -51.96028
-60.84164 -51.95639
-60.83248 -51.95724
-60.82359 -51.95805
-60.81637 -51.96057
-60.80835 -51.96223
-60.79833 -51.96085
-60.78945 -51.95890
-60.78114 -51.95696
-60.77111 -51.95581
-60.76108 -51.95581
-60.75306 -51.95747
-60.74470 -51.95919
-60.73668 -51.96057
-60.72751 -51.96137
-60.71639 -51.96085
-60.70723 -51.96166
-60.70110 -51.96469
-60.69698 -51.96945
-60.69502 -51.97558
-60.69502 -51.98166
-60.69084 -51.98641
-60.68723 -51.98194
-60.68471 -51.97696
-60.68081 -51.97249
-60.67583 -51.96888
-60.66832 -51.96641
-60.66443 -51.97083
-60.66334 -51.97776
-60.66110 -51.98389
-60.65417 -51.98612
-60.64500 -51.98555
-60.64248 -51.98056
-60.64111 -51.97501
-60.63498 -51.97197
-60.62667 -51.97363
-60.61859 -51.97501
-60.61057 -51.97667
-60.60249 -51.97833
-60.59333 -51.97919
-60.58221 -51.97833
-60.57196 -51.97833
-60.56193 -51.97862
-60.55585 -51.98166
-60.55723 -51.98721
-60.55975 -51.99220
-60.55751 -51.99833
-60.55058 -52.00085
-60.54250 -52.00222
-60.53247 -52.00113
-60.52749 -51.99724
-60.52502 -51.99220
-60.52806 -51.98692
-60.53334 -51.98303
-60.53391 -51.97753
-60.52526 -51.97558
-60.51529 -51.97443
-60.50446 -51.97363
-60.49305 -51.97306
-60.48194 -51.97220
-60.47083 -51.97168
-60.45971 -51.97083
-60.45249 -51.96836
-60.44470 -51.96584
-60.44000 -51.96194
-60.43473 -51.95834
-60.43112 -51.95387
-60.42722 -51.94945
-60.42252 -51.94584
-60.41834 -51.94138
-60.41473 -51.93696
-60.40974 -51.93335
-60.40614 -51.92888
-60.40362 -51.92390
-60.40081 -51.91891
-60.39835 -51.91388
-60.40029 -51.90918
-60.40832 -51.90751
-60.41697 -51.90946
-60.42447 -51.91192
-60.43192 -51.91444
-60.43805 -51.91777
-60.44556 -51.92029
-60.45169 -51.92333
-60.45805 -51.92636
-60.46418 -51.92974
-60.47169 -51.93221
-60.47805 -51.93530
-60.48527 -51.93777
-60.49414 -51.93971
-60.50137 -51.94223
-60.51030 -51.94418
-60.51999 -51.94556
-60.53138 -51.94613
-60.54027 -51.94556
-60.54834 -51.94390
-60.55637 -51.94223
-60.56553 -51.94138
-60.57362 -51.93971
-60.58083 -51.93748
-60.58777 -51.93501
-60.59499 -51.93278
-60.60221 -51.93055
-60.60387 -51.92722
-60.59527 -51.92527
-60.58611 -51.92613
-60.57585 -51.92613
-60.56777 -51.92780
-60.55975 -51.92917
-60.55058 -51.92997
-60.54056 -51.93026
-60.53030 -51.93026
-60.52056 -51.92888
-60.51168 -51.92694
-60.50446 -51.92447
-60.49558 -51.92252
-60.48836 -51.92001
-60.48194 -51.91697
-60.47696 -51.91307
-60.47197 -51.90946
-60.46836 -51.90499
-60.46555 -51.90001
-60.46304 -51.89502
-60.45942 -51.89055
-60.45444 -51.88694
-60.44946 -51.88305
-60.45054 -51.87611
-60.45473 -51.87165
-60.45668 -51.86557
-60.45747 -51.86002
-60.45249 -51.85640
-60.44859 -51.85193
-60.44390 -51.84804
-60.44252 -51.84248
-60.44447 -51.83641
-60.44779 -51.83113
-60.45169 -51.82638
-60.45473 -51.82111
-60.45610 -51.81418
-60.45335 -51.80919
-60.45335 -51.80306
-60.45198 -51.79750
-60.44946 -51.79252
-60.44584 -51.78805
-60.44304 -51.78307
-60.43834 -51.77917
-60.43055 -51.77665
-60.42080 -51.77556
-60.41113 -51.77333
-60.40253 -51.77138
-60.39388 -51.76943
-60.38781 -51.76639
-60.37778 -51.76502
-60.37165 -51.76834
-60.37308 -51.77390
-60.37554 -51.77888
-60.38196 -51.78192
-60.38666 -51.78582
-60.39278 -51.78891
-60.39915 -51.79224
-60.40276 -51.79641
-60.39669 -51.79945
-60.38803 -51.79750
-60.37973 -51.79584
-60.36970 -51.79447
-60.36053 -51.79527
-60.35944 -51.80192
-60.36082 -51.80776
-60.36443 -51.81194
-60.36804 -51.81641
-60.37193 -51.82082
-60.37445 -51.82581
-60.37611 -51.83136
-60.37611 -51.83778
-60.37085 -51.84168
-60.36471 -51.84472
-60.35973 -51.84832
-60.35445 -51.85222
-60.35027 -51.85692
-60.34529 -51.86082
-60.33859 -51.86030
-60.33749 -51.85474
-60.33583 -51.84919
-60.33475 -51.84334
-60.33360 -51.83778
-60.33085 -51.83280
-60.32472 -51.82970
-60.31475 -51.82833
-60.30501 -51.82696
-60.29860 -51.82392
-60.30054 -51.81916
-60.30558 -51.81527
-60.31086 -51.81137
-60.31389 -51.80610
-60.31721 -51.80083
-60.31916 -51.79470
-60.31664 -51.78971
-60.31057 -51.78639
-60.30667 -51.78221
-60.30667 -51.77584
-60.30891 -51.76971
-60.30862 -51.76358
-60.30501 -51.75917
-60.30140 -51.75470
-60.29613 -51.75109
-60.28891 -51.74834
-60.27779 -51.74777
-60.27138 -51.75081
-60.26668 -51.75470
-60.26531 -51.76141
-60.26307 -51.76748
-60.25998 -51.77304
-60.25499 -51.77665
-60.24583 -51.77751
-60.24084 -51.77390
-60.23225 -51.77333
-60.22887 -51.77860
-60.22887 -51.78473
-60.22279 -51.78777
-60.21804 -51.78416
-60.21276 -51.78026
-60.20669 -51.77722
-60.20056 -51.77390
-60.19443 -51.77081
-60.18836 -51.76777
-60.18332 -51.76387
-60.18056 -51.75889
-60.18194 -51.75195
-60.18056 -51.74640
-60.17919 -51.74084
-60.18136 -51.73471
-60.18446 -51.72944
-60.18555 -51.72388
-60.18194 -51.71947
-60.17804 -51.71500
-60.17891 -51.70944
-60.18692 -51.70807
-60.19414 -51.70583
-60.20114 -51.70331
-60.20916 -51.70193
-60.21832 -51.70113
-60.22749 -51.70027
-60.23609 -51.70222
-60.24331 -51.70474
-60.25080 -51.70721
-60.25831 -51.70973
-60.26697 -51.71168
-60.27527 -51.71362
-60.28530 -51.71500
-60.29447 -51.71420
-60.30335 -51.71334
-60.31137 -51.71196
-60.31945 -51.71030
-60.32747 -51.70864
-60.33555 -51.70721
-60.34581 -51.70692
-60.35445 -51.70887
-60.36082 -51.71225
-60.36334 -51.71723
-60.36334 -51.72331
-60.36219 -51.73030
-60.36111 -51.73695
-60.36139 -51.74336
-60.36391 -51.74834
-60.37222 -51.75029
-60.37944 -51.74806
-60.38557 -51.74474
-60.39474 -51.74388
-60.40224 -51.74669
-60.40947 -51.74915
-60.41553 -51.75224
-60.42304 -51.75470
-60.43055 -51.75723
-60.43805 -51.75975
-60.44527 -51.76250
-60.45639 -51.76307
-60.46361 -51.76084
-60.47083 -51.75831
-60.47971 -51.75751
-60.48498 -51.75998
-60.49110 -51.76307
-60.49861 -51.76582
-60.50945 -51.76639
-60.51586 -51.76943
-60.51833 -51.77447
-60.52113 -51.77946
-60.52222 -51.78530
-60.52502 -51.79000
-60.52864 -51.79447
-60.53334 -51.79831
-60.54222 -51.80025
-60.55138 -51.79945
-60.55556 -51.79470
-60.55637 -51.78805
-60.55528 -51.78221
-60.55614 -51.77556
-60.55946 -51.77000
-60.56359 -51.76553
-60.56944 -51.76250
-60.57470 -51.75860
-60.58055 -51.75557
-60.58553 -51.75167
-60.59086 -51.74777
-60.59585 -51.74388
-60.60111 -51.73998
-60.60696 -51.73695
-60.61332 -51.73391
-60.62111 -51.73225
-60.62833 -51.73001
-60.63332 -51.72612
-60.63836 -51.72222
-60.64248 -51.71775
-60.64111 -51.71225
-60.63859 -51.70692
-60.63612 -51.70222
-60.63721 -51.69529
-60.63807 -51.68973
-60.64002 -51.68360
-60.63859 -51.67804
-60.63498 -51.67363
-60.62747 -51.67111
-60.61779 -51.66973
-60.60862 -51.67054
-60.60169 -51.67306
-60.59556 -51.67609
-60.58943 -51.67919
-60.58335 -51.68222
-60.57722 -51.68526
-60.57000 -51.68779
-60.56335 -51.69002
-60.55723 -51.69305
-60.54915 -51.69472
-60.54084 -51.69638
-60.53305 -51.69775
-60.52474 -51.69947
-60.51557 -51.70027
-60.50669 -51.70113
-60.49753 -51.70193
-60.48859 -51.70279
-60.47862 -51.70279
-60.46836 -51.70279
-60.45725 -51.70222
-60.44859 -51.70027
-60.44000 -51.69833
-60.43250 -51.69586
-60.42636 -51.69277
-60.42029 -51.68945
-60.41416 -51.68641
-60.40780 -51.68332
-60.40029 -51.68056
-60.39417 -51.67753
-60.38694 -51.67501
-60.37944 -51.67249
-60.37193 -51.67002
-60.36471 -51.66750
-60.35474 -51.66613
-60.34391 -51.66526
-60.33555 -51.66693
-60.32747 -51.66859
-60.32249 -51.67249
-60.31556 -51.67472
-60.30834 -51.67696
-60.29945 -51.67776
-60.28942 -51.67638
-60.27946 -51.67529
-60.27224 -51.67249
-60.26358 -51.67054
-60.25614 -51.66807
-60.24886 -51.66555
-60.24387 -51.66194
-60.23890 -51.65805
-60.23391 -51.65415
-60.22669 -51.65169
-60.21666 -51.65169
-60.20944 -51.65415
-60.20331 -51.65724
-60.19724 -51.66028
-60.19220 -51.66418
-60.18692 -51.66779
-60.18085 -51.67083
-60.17472 -51.67392
-60.16859 -51.67696
-60.16360 -51.68085
-60.15747 -51.68389
-60.15140 -51.68692
-60.14527 -51.69002
-60.13805 -51.69248
-60.13112 -51.69472
-60.12304 -51.69638
-60.11416 -51.69558
-60.10419 -51.69443
-60.09336 -51.69363
-60.08529 -51.69529
-60.07806 -51.69753
-60.07417 -51.69443
-60.07944 -51.69053
-60.08167 -51.68475
-60.08557 -51.67999
-60.09056 -51.67609
-60.09697 -51.67249
-60.10390 -51.67002
-60.11112 -51.66779
-60.11914 -51.66613
-60.12808 -51.66555
-60.13725 -51.66475
-60.14641 -51.66389
-60.15444 -51.66223
-60.16360 -51.66137
-60.17054 -51.65919
-60.17667 -51.65610
-60.18280 -51.65306
-60.18887 -51.65002
-60.19500 -51.64693
-60.20114 -51.64304
-60.20640 -51.63943
-60.21247 -51.63610
-60.21752 -51.63250
-60.22279 -51.62860
-60.22778 -51.62470
-60.23276 -51.62086
-60.23975 -51.61863
-60.24697 -51.61639
-60.25499 -51.61473
-60.26307 -51.61307
-60.27000 -51.61084
-60.27613 -51.60780
-60.28220 -51.60471
-60.28834 -51.60167
-60.29447 -51.59863
-60.29945 -51.59473
-60.30364 -51.58998
-60.30667 -51.58471
-60.30891 -51.57864
-60.31303 -51.57417
-60.32197 -51.57331
-60.33303 -51.57388
-60.34306 -51.57388
-60.35114 -51.57251
-60.35915 -51.57084
-60.36609 -51.56832
-60.37222 -51.56528
-60.37749 -51.56168
-60.38362 -51.55835
-60.38947 -51.55526
-60.39669 -51.55308
-60.40442 -51.55136
-60.41164 -51.54919
-60.41863 -51.54666
-60.42585 -51.54443
-60.43387 -51.54305
-60.44000 -51.53973
-60.44693 -51.53749
-60.45415 -51.53526
-60.46223 -51.53360
-60.47306 -51.53417
-60.48302 -51.53417
-60.49025 -51.53194
-60.49638 -51.52890
-60.50027 -51.52415
-60.50331 -51.51888
-60.50749 -51.51418
-60.51053 -51.50890
-60.51276 -51.50277
-60.51248 -51.49664
-60.51110 -51.49086
-60.50721 -51.48668
-60.50113 -51.48335
-60.49277 -51.48140
-60.48280 -51.48026
-60.47277 -51.48026
-60.46389 -51.48112
-60.45473 -51.48192
-60.44665 -51.48364
-60.43972 -51.48582
-60.43250 -51.48805
-60.42556 -51.49057
-60.41777 -51.49195
-60.40974 -51.49361
-60.40139 -51.49527
-60.39164 -51.49527
-60.38528 -51.49223
-60.38419 -51.48639
-60.38609 -51.48026
-60.38998 -51.47585
-60.39525 -51.47195
-60.39944 -51.46748
-60.40419 -51.46358
-60.41026 -51.46055
-60.41748 -51.45808
-60.42447 -51.45585
-60.43055 -51.45276
-60.43668 -51.44972
-60.44252 -51.44668
-60.44974 -51.44416
-60.45776 -51.44279
-60.46779 -51.44250
-60.47776 -51.44250
-60.48693 -51.44164
-60.49391 -51.43946
-60.50113 -51.43694
-60.51002 -51.43608
-60.52113 -51.43694
-60.53082 -51.43803
-60.54164 -51.43889
-60.55167 -51.43889
-60.55975 -51.43723
-60.56697 -51.43471
-60.57275 -51.43167
-60.57779 -51.42778
-60.58387 -51.42474
-60.59086 -51.42250
-60.59779 -51.42027
-60.60581 -51.41861
-60.61389 -51.41695
-60.62003 -51.41391
-60.62500 -51.41002
-60.62919 -51.40526
-60.62891 -51.39919
-60.62638 -51.39414
-60.62386 -51.38916
-60.62386 -51.38308
-60.62667 -51.37753
-60.63194 -51.37363
-60.63612 -51.36916
-60.64082 -51.36526
-60.64500 -51.36057
-60.64220 -51.35558
-60.63251 -51.35444
-60.62249 -51.35444
-60.61470 -51.35610
-60.60833 -51.35415
-60.60696 -51.34859
-60.59974 -51.35111
-60.59275 -51.35335
-60.58696 -51.35638
-60.58083 -51.35942
-60.57470 -51.36280
-60.56777 -51.36498
-60.56084 -51.36721
-60.55362 -51.36973
-60.54668 -51.37197
-60.53970 -51.37415
-60.53276 -51.37667
-60.52474 -51.37833
-60.51666 -51.37970
-60.50858 -51.38137
-60.50056 -51.38308
-60.49168 -51.38388
-60.48360 -51.38526
-60.47558 -51.38692
-60.46750 -51.38858
-60.45942 -51.39030
-60.45249 -51.39248
-60.44556 -51.39471
-60.43862 -51.39724
-60.43140 -51.39947
-60.42528 -51.40251
-60.42029 -51.40641
-60.41444 -51.40944
-60.40832 -51.41248
-60.40305 -51.41637
-60.39806 -51.42027
-60.39222 -51.42331
-60.38694 -51.42720
-60.38196 -51.43081
-60.37583 -51.43391
-60.36999 -51.43723
-60.36391 -51.44027
-60.35778 -51.44336
-60.35165 -51.44640
-60.34557 -51.44943
-60.33945 -51.45253
-60.33360 -51.45557
-60.32638 -51.45808
-60.31945 -51.46026
-60.31332 -51.46336
-60.30530 -51.46502
-60.29808 -51.46725
-60.29109 -51.46943
-60.28416 -51.47195
-60.27723 -51.47418
-60.27000 -51.47665
-60.26307 -51.47888
-60.25586 -51.48112
-60.24777 -51.48278
-60.23975 -51.48415
-60.23167 -51.48582
-60.22279 -51.48668
-60.21362 -51.48748
-60.20359 -51.48748
-60.19363 -51.48748
-60.18446 -51.48833
-60.17443 -51.48833
-60.16447 -51.48833
-60.15559 -51.48914
-60.14830 -51.49166
-60.14029 -51.49303
-60.13221 -51.49469
-60.12223 -51.49469
-60.11502 -51.49223
-60.10637 -51.49029
-60.09915 -51.48748
-60.08946 -51.48639
-60.07806 -51.48553
-60.06947 -51.48364
-60.06225 -51.48112
-60.05526 -51.47779
-60.04775 -51.47470
-60.04053 -51.47195
-60.03331 -51.46943
-60.02220 -51.46891
-60.01223 -51.46891
-60.00306 -51.46972
-59.99303 -51.46972
-59.98473 -51.46777
-59.98748 -51.46221
-59.99361 -51.45918
-60.00083 -51.45694
-60.00891 -51.45557
-60.01693 -51.45390
-60.02581 -51.45304
-60.03389 -51.45138
-60.04305 -51.45081
-60.05194 -51.45000
-60.06197 -51.45000
-60.07193 -51.45000
-60.08110 -51.44915
-60.08803 -51.44668
-60.09336 -51.44307
-60.09056 -51.43780
-60.08557 -51.43419
-60.07972 -51.43081
-60.07359 -51.42778
-60.06861 -51.42388
-60.06248 -51.42085
-60.06139 -51.41528
-60.06110 -51.40887
-60.05251 -51.40692
-60.04277 -51.40583
-60.03417 -51.40360
-60.02919 -51.39999
-60.02805 -51.39443
-60.02805 -51.38807
-60.02695 -51.38251
-60.01945 -51.37999
-60.01165 -51.37999
-60.00668 -51.38388
-60.00335 -51.38916
-60.00111 -51.39529
-59.99888 -51.40136
-59.99613 -51.40669
-59.99303 -51.41225
-59.98696 -51.41528
-59.98192 -51.41139
-59.97831 -51.40692
-59.97447 -51.40251
-59.96835 -51.39947
-59.96221 -51.39609
-59.95470 -51.39362
-59.94748 -51.39111
-59.93889 -51.38916
-59.92915 -51.38778
-59.92193 -51.38526
-59.91586 -51.38194
-59.91081 -51.37833
-59.90612 -51.37443
-59.89861 -51.37197
-59.88973 -51.37277
-59.88360 -51.37581
-59.87747 -51.37890
-59.87025 -51.38114
-59.87392 -51.38555
-59.87890 -51.38916
-59.88498 -51.39248
-59.88526 -51.39861
-59.87919 -51.40165
-59.87197 -51.40388
-59.86389 -51.40554
-59.85581 -51.40721
-59.84693 -51.40778
-59.83582 -51.40721
-59.82584 -51.40721
-59.81697 -51.40807
-59.80780 -51.40864
-59.79972 -51.41030
-59.79055 -51.41167
-59.78167 -51.41248
-59.77279 -51.41334
-59.76557 -51.41557
-59.76247 -51.42085
-59.76861 -51.42417
-59.77835 -51.42554
-59.78832 -51.42554
-59.79943 -51.42611
-59.81026 -51.42698
-59.82029 -51.42698
-59.83003 -51.42834
-59.83141 -51.43391
-59.82722 -51.43832
-59.82001 -51.44084
-59.81192 -51.44221
-59.80304 -51.44307
-59.79387 -51.44387
-59.78585 -51.44525
-59.77777 -51.44697
-59.76889 -51.44777
-59.75973 -51.44835
-59.75084 -51.44915
-59.74082 -51.44915
-59.73085 -51.44915
-59.71973 -51.44835
-59.71114 -51.44640
-59.70248 -51.44445
-59.69418 -51.44250
-59.68553 -51.44055
-59.67585 -51.43917
-59.66473 -51.43832
-59.65637 -51.43637
-59.64777 -51.43442
-59.63666 -51.43362
-59.62583 -51.43304
-59.61586 -51.43167
-59.60497 -51.43081
-59.59391 -51.43001
-59.58309 -51.42944
-59.57443 -51.42720
-59.56721 -51.42474
-59.55971 -51.42221
-59.55363 -51.41889
-59.54750 -51.41586
-59.54028 -51.41334
-59.53416 -51.41002
-59.52808 -51.40692
-59.52195 -51.40360
-59.51582 -51.40028
-59.50974 -51.39724
-59.50253 -51.39443
-59.49502 -51.39196
-59.48918 -51.39362
-59.49055 -51.39947
-59.49525 -51.40308
-59.50138 -51.40641
-59.50751 -51.40944
-59.51358 -51.41276
-59.51972 -51.41586
-59.52584 -51.41918
-59.52946 -51.42359
-59.53335 -51.42806
-59.53943 -51.43110
-59.54527 -51.43442
-59.55386 -51.43637
-59.56252 -51.43832
-59.57111 -51.44027
-59.57833 -51.44279
-59.58360 -51.44525
-59.57638 -51.44748
-59.56750 -51.44835
-59.55833 -51.44915
-59.55140 -51.45138
-59.54418 -51.45361
-59.53805 -51.45665
-59.53306 -51.46055
-59.52780 -51.46416
-59.52528 -51.46473
-59.51972 -51.46502
-59.51358 -51.46193
-59.50499 -51.45997
-59.49525 -51.45860
-59.48695 -51.45665
-59.47697 -51.45665
-59.46781 -51.45723
-59.45864 -51.45808
-59.45136 -51.45557
-59.44414 -51.45276
-59.43670 -51.45029
-59.42941 -51.44777
-59.42220 -51.44502
-59.41475 -51.44250
-59.40747 -51.43998
-59.40026 -51.43723
-59.39418 -51.43419
-59.38942 -51.43030
-59.39360 -51.42583
-59.39750 -51.42250
-59.40363 -51.41947
-59.41057 -51.41723
-59.41664 -51.41414
-59.42392 -51.41196
-59.43085 -51.40973
-59.43807 -51.40749
-59.44414 -51.40445
-59.44833 -51.39970
-59.44586 -51.39471
-59.44082 -51.39082
-59.43973 -51.38526
-59.43973 -51.37919
-59.44053 -51.37363
-59.44392 -51.36836
-59.44804 -51.36360
-59.44890 -51.35833
-59.44030 -51.35891
-59.43222 -51.36057
-59.42220 -51.36057
-59.41475 -51.35776
-59.41446 -51.35306
-59.41664 -51.34693
-59.41807 -51.34000
-59.41303 -51.33639
-59.40306 -51.33639
-59.39499 -51.33776
-59.38805 -51.34000
-59.38192 -51.34303
-59.37779 -51.34779
-59.37252 -51.35140
-59.36748 -51.35529
-59.36140 -51.35833
-59.35528 -51.36137
-59.34915 -51.36418
-59.34113 -51.36584
-59.33391 -51.36807
-59.32583 -51.36973
-59.31780 -51.37111
-59.31168 -51.37415
-59.30554 -51.37724
-59.29861 -51.37942
-59.29139 -51.38165
-59.28446 -51.38388
-59.27724 -51.38612
-59.26916 -51.38778
-59.26303 -51.39053
-59.25696 -51.39391
-59.25003 -51.39609
-59.24303 -51.39832
-59.23501 -51.39970
-59.22693 -51.40113
-59.21891 -51.40279
-59.21278 -51.40583
-59.21055 -51.41053
-59.21667 -51.41362
-59.22499 -51.41586
-59.23501 -51.41723
-59.24498 -51.41723
-59.25386 -51.41637
-59.26389 -51.41637
-59.27386 -51.41637
-59.28136 -51.41918
-59.28360 -51.42417
-59.28360 -51.43030
-59.28136 -51.43637
-59.28136 -51.44279
-59.28136 -51.44892
-59.27724 -51.45333
-59.26836 -51.45276
-59.26223 -51.44972
-59.25610 -51.44640
-59.24888 -51.44387
-59.23891 -51.44250
-59.23610 -51.44640
-59.24223 -51.44943
-59.24693 -51.45333
-59.25306 -51.45665
-59.25919 -51.45974
-59.26418 -51.46358
-59.27002 -51.46696
-59.27638 -51.47000
-59.28222 -51.47333
-59.28836 -51.47636
-59.29333 -51.48026
-59.29803 -51.48415
-59.30165 -51.48862
-59.30669 -51.49223
-59.31139 -51.49613
-59.31638 -51.50003
-59.32359 -51.50249
-59.33138 -51.50386
-59.33334 -51.49916
-59.32972 -51.49469
-59.33665 -51.49252
-59.34777 -51.49332
-59.35860 -51.49390
-59.36610 -51.49527
-59.37224 -51.49831
-59.37167 -51.50249
-59.36668 -51.50501
-59.36169 -51.50862
-59.36531 -51.51303
-59.37000 -51.51693
-59.37498 -51.52082
-59.37860 -51.52529
-59.37556 -51.52919
-59.36805 -51.52667
-59.35997 -51.52443
-59.35109 -51.52248
-59.34915 -51.52724
-59.35275 -51.53165
-59.35889 -51.53498
-59.36387 -51.53859
-59.36748 -51.54305
-59.37109 -51.54752
-59.37470 -51.55194
-59.37831 -51.55640
-59.38192 -51.56081
-59.38444 -51.56586
-59.38582 -51.57141
-59.38696 -51.57697
-59.38696 -51.58333
-59.38805 -51.58889
-59.38920 -51.59473
-59.39280 -51.59914
-59.39888 -51.60224
-59.40386 -51.60614
-59.41000 -51.60917
-59.41612 -51.61250
-59.42082 -51.61639
-59.42609 -51.62000
-59.43193 -51.62333
-59.44305 -51.62418
-59.45222 -51.62333
-59.45835 -51.62029
-59.46333 -51.61639
-59.46666 -51.61112
-59.46420 -51.60614
-59.46053 -51.60167
-59.45807 -51.59668
-59.46586 -51.59640
-59.47193 -51.59972
-59.47554 -51.60419
-59.48081 -51.60803
-59.48557 -51.61169
-59.48918 -51.61610
-59.49416 -51.62000
-59.49892 -51.62390
-59.50499 -51.62693
-59.51112 -51.63026
-59.52000 -51.63083
-59.52109 -51.62390
-59.52390 -51.62138
-59.52888 -51.62527
-59.53364 -51.62917
-59.53862 -51.63278
-59.54332 -51.63667
-59.54945 -51.63971
-59.55695 -51.64252
-59.56332 -51.64556
-59.56807 -51.64945
-59.57306 -51.65335
-59.57667 -51.65747
-59.56664 -51.65747
-59.55558 -51.65696
-59.54642 -51.65747
-59.54332 -51.66166
-59.54831 -51.66526
-59.55198 -51.66973
-59.55695 -51.67363
-59.56165 -51.67753
-59.56693 -51.68114
-59.57168 -51.68498
-59.57775 -51.68835
-59.58280 -51.69196
-59.58778 -51.69586
-59.59248 -51.69970
-59.59753 -51.70331
-59.60113 -51.70778
-59.60583 -51.71168
-59.60973 -51.71609
-59.61224 -51.72113
-59.61471 -51.72612
-59.61586 -51.73167
-59.61970 -51.73608
-59.62445 -51.73998
-59.62944 -51.74359
-59.63557 -51.74697
-59.64026 -51.75081
-59.64531 -51.75442
-59.65029 -51.75831
-59.65527 -51.76221
-59.66141 -51.76530
-59.66748 -51.76863
-59.67361 -51.77166
-59.68112 -51.77447
-59.68725 -51.77751
-59.69447 -51.77997
-59.70054 -51.78335
-59.70667 -51.78639
-59.71280 -51.78971
-59.71917 -51.79280
-59.72529 -51.79613
-59.73028 -51.79974
-59.73641 -51.80306
-59.74139 -51.80696
-59.74500 -51.81108
-59.74752 -51.81613
-59.74999 -51.82140
-59.75360 -51.82581
-59.75611 -51.83056
-59.75973 -51.83498
-59.76362 -51.83945
-59.76861 -51.84334
-59.77221 -51.84776
-59.77583 -51.85193
-59.78110 -51.85583
-59.78471 -51.86030
-59.78946 -51.86414
-59.79445 -51.86804
-59.79943 -51.87165
-59.80556 -51.87503
-59.81055 -51.87864
-59.81668 -51.88196
-59.82167 -51.88585
-59.82665 -51.88946
-59.83169 -51.89336
-59.83530 -51.89777
-59.84029 -51.90138
-59.84390 -51.90585
-59.84779 -51.91026
-59.85003 -51.91531
-59.85386 -51.91972
-59.85638 -51.92470
-59.85776 -51.93026
-59.86000 -51.93530
-59.86137 -51.94086
-59.86389 -51.94584
-59.86779 -51.95026
-59.87248 -51.95415
-59.87890 -51.95724
-59.88498 -51.96057
-59.89363 -51.96252
-59.90222 -51.96447
-59.91334 -51.96527
-59.92331 -51.96641
-59.93196 -51.96859
-59.93832 -51.97168
-59.94445 -51.97472
-59.94914 -51.97862
-59.95304 -51.98303
-59.95917 -51.98692
-59.96531 -51.99002
-59.97390 -51.99197
-59.98278 -51.99391
-59.99361 -51.99472
-59.99498 -51.98778
-59.99613 -51.98114
-59.99831 -51.97501
-60.00054 -51.96888
-60.00364 -51.96360
-60.00971 -51.96057
-60.01779 -51.95890
-60.02695 -51.95942
-60.03669 -51.96085
-60.04362 -51.95834
-60.04775 -51.95387
-60.04919 -51.94693
-60.05417 -51.94332
-60.06030 -51.94028
-60.06947 -51.94086
-60.07554 -51.94390
-60.07944 -51.94831
-60.08059 -51.95387
-60.08167 -51.95942
-60.08059 -51.96641
-60.07864 -51.97249
-60.07554 -51.97776
-60.07222 -51.98303
-60.07113 -51.99002
-60.07359 -51.99500
-60.07864 -51.99890
-60.08586 -52.00136
-60.09611 -52.00136
-60.10419 -51.99970
-60.11221 -51.99833
-60.12057 -51.99667
-60.12974 -51.99586
-60.13777 -51.99443
-60.14888 -51.99500
-60.16000 -51.99586
-60.16859 -51.99775
-60.17752 -51.99970
-60.18612 -52.00136
-60.19472 -52.00360
-60.20331 -52.00555
-60.21247 -52.00612
-60.22055 -52.00446
-60.22359 -51.99919
-60.22084 -51.99414
-60.21609 -51.99030
-60.21002 -51.98721
-60.20359 -51.98389
-60.19753 -51.98085
-60.19002 -51.97833
-60.19082 -51.97277
-60.20085 -51.97277
-60.20858 -51.97530
-60.21585 -51.97776
-60.22331 -51.98028
-60.23082 -51.98303
-60.23832 -51.98555
-60.24554 -51.98807
-60.25305 -51.99053
-60.26055 -51.99306
-60.26805 -51.99557
-60.27419 -51.99890
-60.28054 -52.00193
-60.28668 -52.00526
-60.28805 -52.01082
-60.28725 -52.01637
-60.28501 -52.02222
-60.28169 -52.02778
-60.27888 -52.03305
-60.27556 -52.03832
-60.27253 -52.04359
-60.27029 -52.04972
-60.26720 -52.05499
-60.26502 -52.06112
-60.26387 -52.06805
-60.26387 -52.07447
-60.26531 -52.08003
-60.26915 -52.08444
-60.27275 -52.08862
-60.27694 -52.09166
-60.28054 -52.09613
-60.28553 -52.10003
-60.29057 -52.10364
-60.29447 -52.10805
-60.29945 -52.11194
-60.30335 -52.11613
-60.30696 -52.12054
-60.31086 -52.12501
-60.31446 -52.12942
-60.32082 -52.13251
-60.32696 -52.13583
-60.33446 -52.13836
-60.34197 -52.14082
-60.35056 -52.14277
-60.35692 -52.14581
-60.36196 -52.14970
-60.36586 -52.15417
-60.36804 -52.15916
-60.37445 -52.16225
-60.38443 -52.16362
-60.39359 -52.16277
-60.40081 -52.16030
-60.40614 -52.15669
-60.40889 -52.15113
-60.41113 -52.14500
-60.41640 -52.14140
-60.42333 -52.13887
-60.43364 -52.13887
-60.44109 -52.14140
-60.44361 -52.14638
-60.44252 -52.15194
-60.44057 -52.15807
-60.44304 -52.16305
-60.44946 -52.16609
-60.45747 -52.16442
-60.46280 -52.16082
-60.46779 -52.15692
-60.47197 -52.15223
-60.47805 -52.14919
-60.48331 -52.14529
-60.48944 -52.14220
-60.49558 -52.13916
-60.49971 -52.13475
-60.50497 -52.13085
-60.51110 -52.12776
-60.51723 -52.12472
-60.52222 -52.12083
-60.52720 -52.11693
-60.53247 -52.11303
-60.54164 -52.11223
-60.55058 -52.11280
-60.55694 -52.11584
-60.55946 -52.12083
-60.55832 -52.12776
-60.55419 -52.13251
-60.54806 -52.13555
-60.53970 -52.13692
-60.53362 -52.14030
-60.52749 -52.14334
-60.52250 -52.14724
-60.51723 -52.15085
-60.51305 -52.15555
-60.50916 -52.16002
-60.50497 -52.16471
-60.50194 -52.16999
-60.49890 -52.17525
-60.49999 -52.18082
-60.49695 -52.18637
-60.49833 -52.19193
-60.50113 -52.19697
-60.50583 -52.20081
-60.51110 -52.20442
-60.51723 -52.20780
-60.52331 -52.21084
-60.53225 -52.21278
-60.53860 -52.21582
-60.54582 -52.21834
-60.55224 -52.22138
-60.55975 -52.22419
-60.56582 -52.22722
-60.57224 -52.23026
-60.57860 -52.23364
-60.58358 -52.23719
-60.58971 -52.24028
-60.59859 -52.24224
-60.60748 -52.24418
-60.61750 -52.24556
-60.62444 -52.24304
-60.63166 -52.24086
-60.63641 -52.23834
-60.63664 -52.23777
-60.64248 -52.23582
-60.64970 -52.23364
-60.65474 -52.22974
-60.66002 -52.22585
-60.66500 -52.22195
-60.66918 -52.21748
-60.67331 -52.21278
-60.67640 -52.20752
-60.67835 -52.20139
-60.67692 -52.19720
-60.66890 -52.19749
-60.66196 -52.19972
-60.65474 -52.20195
-60.64472 -52.20081
-60.63973 -52.19697
-60.64472 -52.19336
-60.65222 -52.19084
-60.65836 -52.18780
-60.66443 -52.18471
-60.66947 -52.18082
-60.67360 -52.17612
-60.67445 -52.16947
-60.67863 -52.16471
-60.68471 -52.16168
-60.69084 -52.15864
-60.69611 -52.15474
-60.70110 -52.15085
-60.70637 -52.14695
-60.70946 -52.14168
-60.71141 -52.13555
-60.70780 -52.13114
-60.70029 -52.12862
-60.69250 -52.12609
-60.68890 -52.12169
-60.69084 -52.11555
-60.69611 -52.11194
-60.70224 -52.10862
-60.71027 -52.10862
-60.71749 -52.11108
-60.72390 -52.11418
-60.73141 -52.11664
-60.73943 -52.11498
-60.74556 -52.11194
-60.75083 -52.10805
-60.75971 -52.10725
-60.77002 -52.10725
-60.78137 -52.10776
-60.79031 -52.10696
-60.79948 -52.10610
-60.81053 -52.10696
-60.81833 -52.10805
-60.82583 -52.11057
-60.82611 -52.11526
-60.82113 -52.11916
-60.81392 -52.12140
-60.80497 -52.12249
-60.79557 -52.12334
-60.78664 -52.12415
-60.77833 -52.12558
-60.77111 -52.12804
-60.76498 -52.13114
-60.76000 -52.13498
-60.75696 -52.14030
-60.75501 -52.14638
-60.75169 -52.15165
-60.74664 -52.15555
-60.74057 -52.15864
-60.73444 -52.16196
-60.72723 -52.16414
-60.72109 -52.16723
-60.72029 -52.17279
-60.72665 -52.17583
-60.73531 -52.17778
-60.74664 -52.17835
-60.75553 -52.17778
-60.76584 -52.17749
-60.77581 -52.17749
-60.78526 -52.17669
-60.79334 -52.17503
-60.80137 -52.17331
-60.80669 -52.16947
-60.81053 -52.16500
-60.81363 -52.15944
-60.81775 -52.15497
-60.82165 -52.15027
-60.82583 -52.14581
-60.83196 -52.14277
-60.83803 -52.13944
-60.84417 -52.13641
-60.84835 -52.13194
-60.85247 -52.12724
-60.85780 -52.12334
-60.86279 -52.11945
-60.87000 -52.11721
-60.87888 -52.11641
-60.88914 -52.11613
-60.89722 -52.11475
-60.90553 -52.11303
-60.91251 -52.11057
-60.91859 -52.10748
-60.92472 -52.10444
-60.92667 -52.09830
-60.93194 -52.09447
-60.93613 -52.09000
-60.94110 -52.08611
-60.94724 -52.08307
-60.95331 -52.07975
-60.95945 -52.07665
-60.96666 -52.07447
-60.97165 -52.07058
-60.97554 -52.06582
-60.98082 -52.06192
-60.98694 -52.05889
-60.99474 -52.05860
-60.99864 -52.06307
-61.00362 -52.06668
-61.01387 -52.06668
-61.02110 -52.06445
-61.02585 -52.06055
-61.02997 -52.05585
-61.03336 -52.05058
-61.03530 -52.04445
-61.03502 -52.03803
-61.03221 -52.03305
-61.03112 -52.02749
-61.03026 -52.02474
       NA        NA
-61.10750 -51.89835
-61.11110 -51.89640
-61.11586 -51.89250
-61.11724 -51.88585
-61.11334 -51.88139
-61.10944 -51.87697
-61.11139 -51.87222
-61.11609 -51.86861
-61.12028 -51.86391
-61.11890 -51.85835
-61.11609 -51.85331
-61.11832 -51.84724
-61.12640 -51.84558
-61.13391 -51.84804
-61.14141 -51.85056
-61.14943 -51.84890
-61.14669 -51.84391
-61.14279 -51.83945
-61.13918 -51.83526
-61.13414 -51.83136
-61.13002 -51.82696
-61.12526 -51.82335
-61.11999 -51.81945
-61.11139 -51.81779
-61.10332 -51.81916
-61.09752 -51.82249
-61.08807 -51.82335
-61.08114 -51.82558
-61.07530 -51.82890
-61.06808 -51.83113
-61.05914 -51.83194
-61.05278 -51.82890
-61.04997 -51.82392
-61.04888 -51.81836
-61.04751 -51.81281
-61.04470 -51.80776
-61.03942 -51.80386
-61.03473 -51.80025
-61.03192 -51.79527
-61.02808 -51.79086
-61.02441 -51.78639
-61.01915 -51.78278
-61.01307 -51.77974
-61.00304 -51.77831
-60.99525 -51.77860
-60.98723 -51.78026
-60.97835 -51.78112
-60.96804 -51.78112
-60.96500 -51.78639
-60.96638 -51.79224
-60.96666 -51.79693
-60.95669 -51.79722
-60.94775 -51.79808
-60.94054 -51.80025
-60.93750 -51.80581
-60.93807 -51.81057
-60.94197 -51.81498
-60.94558 -51.81916
-60.95194 -51.82249
-60.95669 -51.82610
-60.96443 -51.82862
-60.97165 -51.83113
-60.97915 -51.83360
-60.98694 -51.83612
-60.99416 -51.83858
-61.00138 -51.84196
-61.00780 -51.84500
-61.01387 -51.84804
-61.01915 -51.85193
-61.02419 -51.85555
-61.02917 -51.85944
-61.03307 -51.86362
-61.03444 -51.86947
-61.02637 -51.87113
-61.01640 -51.86970
-61.00917 -51.86723
-61.00030 -51.86528
-60.99142 -51.86334
-60.98168 -51.86225
-60.97279 -51.86030
-60.96557 -51.85778
-60.95807 -51.85526
-60.94942 -51.85331
-60.94197 -51.85027
-60.93446 -51.84776
-60.92695 -51.84529
-60.92083 -51.84225
-60.91447 -51.83887
-60.90725 -51.83641
-60.90221 -51.83280
-60.89613 -51.82942
-60.89086 -51.82581
-60.88696 -51.82140
-60.88336 -51.81693
-60.87946 -51.81281
-60.87665 -51.80776
-60.87780 -51.80220
-60.88192 -51.79750
-60.88668 -51.79361
-60.89195 -51.79000
-60.89613 -51.78530
-60.90003 -51.78054
-60.89831 -51.77499
-60.89223 -51.77195
-60.88610 -51.76891
-60.87860 -51.76639
-60.87000 -51.76445
-60.85998 -51.76307
-60.85390 -51.76639
-60.85001 -51.77081
-60.84887 -51.77780
-60.85029 -51.78335
-60.85304 -51.78834
-60.85556 -51.79332
-60.85803 -51.79831
-60.86055 -51.80335
-60.86336 -51.80833
-60.86583 -51.81332
-60.86834 -51.81836
-60.87110 -51.82335
-60.87252 -51.82890
-60.87499 -51.83389
-60.87528 -51.84002
-60.87665 -51.84581
-60.87808 -51.85136
-60.87946 -51.85692
-60.88192 -51.86196
-60.88336 -51.86752
-60.88610 -51.87251
-60.88862 -51.87749
-60.89109 -51.88248
-60.89499 -51.88694
-60.90025 -51.89055
-60.90501 -51.89445
-60.90776 -51.89943
-60.90696 -51.90361
-60.89693 -51.90361
-60.88943 -51.90110
-60.88192 -51.89863
-60.87276 -51.89943
-60.86777 -51.90333
-60.86914 -51.90889
-60.87195 -51.91388
-60.87556 -51.91834
-60.87946 -51.92275
-60.88084 -51.92831
-60.88112 -51.93444
-60.88834 -51.93696
-60.89613 -51.93943
-60.90444 -51.94138
-60.91224 -51.94390
-60.92083 -51.94584
-60.92942 -51.94779
-60.93693 -51.95026
-60.94558 -51.95221
-60.95309 -51.95472
-60.96053 -51.95724
-60.96804 -51.95971
-60.97692 -51.96166
-60.98305 -51.96469
-60.99308 -51.96584
-61.00001 -51.96360
-61.00419 -51.95890
-61.00917 -51.95501
-61.01525 -51.95197
-61.02253 -51.94945
-61.02946 -51.94722
-61.03553 -51.94418
-61.04057 -51.94028
-61.04137 -51.93473
-61.03891 -51.92974
-61.04137 -51.92585
-61.05054 -51.92636
-61.05943 -51.92665
-61.06137 -51.92081
-61.06137 -51.91444
-61.06303 -51.90975
-61.07003 -51.90723
-61.07747 -51.90975
-61.08664 -51.90889
-61.09386 -51.90665
-61.09890 -51.90276
-61.10498 -51.89972
-61.10750 -51.89835
