-61.60998  12.22778
-61.60637  12.22417
-61.60471  12.22056
-61.60694  12.21586
-61.60947  12.21111
-61.60803  12.20555
-61.60609  12.20085
-61.60419  12.19581
-61.60247  12.19082
-61.59972  12.18664
-61.60001  12.17999
-61.59972  12.17363
-61.60001  12.16693
-61.60196  12.16137
-61.60333  12.15610
-61.60419  12.14997
-61.60471  12.14447
-61.60276  12.13943
-61.60001  12.13530
-61.59749  12.13112
-61.59640  12.12556
-61.59864  12.12081
-61.60391  12.11892
-61.61055  12.11915
-61.61777  12.11943
-61.62138  12.11640
-61.62167  12.10946
-61.62029  12.10391
-61.61943  12.09835
-61.61886  12.09222
-61.61611  12.08803
-61.61308  12.08442
-61.61113  12.07944
-61.61473  12.07612
-61.61835  12.07308
-61.62138  12.06890
-61.62390  12.06414
-61.62471  12.05807
-61.62614  12.05280
-61.62860  12.04804
-61.63169  12.04415
-61.63531  12.04082
-61.63891  12.03750
-61.64252  12.03418
-61.64694  12.03166
-61.65141  12.02919
-61.65748  12.02862
-61.66332  12.02747
-61.66693  12.02444
-61.67192  12.02249
-61.67667  12.02335
-61.67919  12.01859
-61.68332  12.01613
-61.68974  12.01693
-61.69197  12.01223
-61.69278  12.00610
-61.69609  12.00221
-61.69890  11.99831
-61.70303  11.99974
-61.70664  12.00335
-61.71140  12.00415
-61.71752  12.00387
-61.72165  12.00667
-61.72497  12.01028
-61.73082  12.00914
-61.73442  12.00581
-61.73804  12.00278
-61.74250  12.00026
-61.74692  11.99751
-61.75247  11.99636
-61.75500  12.00083
-61.75608  12.00610
-61.76112  12.00862
-61.76525  12.00581
-61.76944  12.00335
-61.77470  12.00169
-61.77946  11.99974
-61.78358  12.00140
-61.78720  12.00473
-61.78971  12.00914
-61.78531  12.01028
-61.78112  12.01280
-61.77694  12.01527
-61.77247  12.01808
-61.76806  12.02054
-61.76388  12.02306
-61.75946  12.02558
-61.75666  12.02942
-61.75333  12.03360
-61.74915  12.03612
-61.74611  12.04002
-61.74474  12.04558
-61.74503  12.05165
-61.74611  12.05721
-61.74886  12.06139
-61.75196  12.06500
-61.75110  12.06861
-61.75110  12.07388
-61.75362  12.07806
-61.75528  12.08305
-61.75723  12.08803
-61.75557  12.09331
-61.75276  12.09720
-61.74886  12.10058
-61.74692  12.10528
-61.74503  12.11084
-61.74417  12.11697
-61.74308  12.12304
-61.74141  12.12831
-61.73970  12.13387
-61.73752  12.13863
-61.73391  12.14195
-61.73082  12.14585
-61.72721  12.14917
-61.72474  12.15387
-61.72526  12.16000
-61.72474  12.16664
-61.72474  12.17220
-61.72165  12.17638
-61.71890  12.18028
-61.71581  12.18418
-61.71277  12.18836
-61.70974  12.19220
-61.70749  12.19695
-61.70303  12.19942
-61.69862  12.20194
-61.69501  12.20526
-61.69278  12.21002
-61.69002  12.21391
-61.68664  12.21804
-61.68303  12.22136
-61.67942  12.22446
-61.67582  12.22778
-61.67083  12.22973
-61.66527  12.23082
-61.66166  12.23391
-61.65862  12.23666
-61.65306  12.23781
-61.64751  12.23752
-61.64333  12.23471
-61.63697  12.23362
-61.63083  12.23276
-61.62442  12.23305
-61.61749  12.23276
-61.61193  12.23110
-61.60998  12.22778
