-53.26474   2.19248
-53.26112   2.19586
-53.25694   2.19861
-53.25362   2.20193
-53.24944   2.20474
-53.24474   2.20669
-53.23918   2.20835
-53.23276   2.20887
-53.22835   2.20669
-53.22279   2.20526
-53.21666   2.20612
-53.21111   2.20835
-53.20641   2.21030
-53.20137   2.21225
-53.19609   2.21362
-53.19002   2.21442
-53.18360   2.21362
-53.17747   2.21305
-53.17140   2.21362
-53.16584   2.21500
-53.15971   2.21557
-53.15416   2.21695
-53.14860   2.21832
-53.14195   2.21832
-53.13639   2.21970
-53.12997   2.22056
-53.12391   2.22113
-53.11863   2.22250
-53.11193   2.22250
-53.10500   2.22250
-53.09864   2.22193
-53.09251   2.22113
-53.08723   2.21970
-53.08225   2.21781
-53.07887   2.21442
-53.07555   2.21081
-53.07279   2.20669
-53.06970   2.20279
-53.06638   2.19918
-53.06363   2.19529
-53.06030   2.19168
-53.05692   2.18835
-53.05280   2.18555
-53.04753   2.18417
-53.04139   2.18360
-53.03498   2.18417
-53.02942   2.18555
-53.02335   2.18641
-53.01779   2.18641
-53.01303   2.18417
-53.00914   2.18137
-53.00501   2.17890
-53.00083   2.17609
-52.99470   2.17529
-52.98777   2.17529
-52.98141   2.17609
-52.97528   2.17667
-52.97058   2.17472
-52.96445   2.17392
-52.95832   2.17472
-52.95333   2.17667
-52.94806   2.17804
-52.94388   2.18085
-52.93970   2.18360
-52.93695   2.18778
-52.93443   2.19168
-52.93225   2.19638
-52.92749   2.19861
-52.92113   2.19775
-52.91637   2.19586
-52.90973   2.19586
-52.90555   2.19861
-52.90137   2.20136
-52.89724   2.20417
-52.89392   2.20749
-52.89111   2.21167
-52.88836   2.21557
-52.88498   2.21970
-52.88280   2.22474
-52.88166   2.23001
-52.88166   2.23694
-52.87999   2.24250
-52.87862   2.24777
-52.87610   2.25195
-52.87335   2.25614
-52.86916   2.25889
-52.86584   2.26221
-52.86166   2.26502
-52.85748   2.26834
-52.85387   2.27195
-52.85192   2.27665
-52.84974   2.28140
-52.84722   2.28553
-52.84304   2.28834
-52.83914   2.29109
-52.83278   2.29166
-52.82665   2.29252
-52.82058   2.29303
-52.81445   2.29389
-52.80803   2.29447
-52.80333   2.29641
-52.79863   2.29859
-52.79359   2.30054
-52.78947   2.30335
-52.78609   2.30667
-52.78276   2.31028
-52.77915   2.31360
-52.77583   2.31693
-52.77165   2.31973
-52.76832   2.32334
-52.76443   2.32581
-52.76030   2.32862
-52.75526   2.33085
-52.75056   2.33280
-52.74501   2.33417
-52.73973   2.33555
-52.73498   2.33750
-52.73085   2.34030
-52.72667   2.34305
-52.72248   2.34586
-52.71859   2.34861
-52.71469   2.35193
-52.71086   2.35474
-52.70667   2.35749
-52.70192   2.35944
-52.69665   2.36082
-52.69252   2.36362
-52.68834   2.36637
-52.68336   2.36832
-52.67946   2.37113
-52.67528   2.37388
-52.67195   2.37720
-52.66892   2.38138
-52.66697   2.38471
-52.66445   2.38889
-52.66221   2.39359
-52.66026   2.39863
-52.65860   2.40390
-52.65751   2.40946
-52.65528   2.41416
-52.65333   2.41914
-52.65110   2.42390
-52.65001   2.42946
-52.64835   2.43473
-52.64640   2.43971
-52.64084   2.44109
-52.63557   2.44109
-52.62944   2.44166
-52.62526   2.44447
-52.62388   2.45002
-52.62445   2.45610
-52.62388   2.46223
-52.61970   2.46498
-52.61414   2.46641
-52.60750   2.46641
-52.60194   2.46750
-52.59775   2.47054
-52.59443   2.47392
-52.59220   2.47862
-52.58973   2.48280
-52.58750   2.48750
-52.58475   2.49168
-52.58280   2.49638
-52.57999   2.50056
-52.57724   2.50474
-52.57363   2.50807
-52.57111   2.51225
-52.56750   2.51557
-52.56498   2.51970
-52.56195   2.52388
-52.56000   2.52863
-52.55942   2.53471
-52.55942   2.54164
-52.55891   2.54777
-52.55748   2.55333
-52.55387   2.55665
-52.54917   2.55860
-52.54419   2.56083
-52.54223   2.56553
-52.54029   2.57029
-52.53943   2.57665
-52.53943   2.58335
-52.54029   2.58943
-52.54304   2.59361
-52.54556   2.59779
-52.54860   2.60192
-52.55140   2.60581
-52.55169   2.61223
-52.55169   2.61888
-52.55387   2.62363
-52.55748   2.62724
-52.56086   2.63056
-52.56418   2.63389
-52.56418   2.63944
-52.56086   2.64305
-52.55581   2.64500
-52.54974   2.64414
-52.54499   2.64219
-52.53943   2.64219
-52.53610   2.64558
-52.53336   2.64970
-52.53141   2.65446
-52.53083   2.66082
-52.52917   2.66609
-52.52860   2.67250
-52.52665   2.67720
-52.52528   2.68247
-52.52304   2.68752
-52.52166   2.69279
-52.51972   2.69777
-52.51749   2.70253
-52.51502   2.70665
-52.51221   2.71055
-52.50917   2.71473
-52.50666   2.71891
-52.50304   2.72224
-52.49972   2.72585
-52.49697   2.72974
-52.49445   2.73387
-52.49164   2.73805
-52.49084   2.74418
-52.49026   2.75025
-52.48803   2.75530
-52.48609   2.75999
-52.48414   2.76475
-52.48277   2.77025
-52.48196   2.77638
-52.48081   2.78194
-52.47915   2.78721
-52.47669   2.79139
-52.47445   2.79609
-52.47165   2.80027
-52.46889   2.80446
-52.46637   2.80864
-52.46414   2.81334
-52.46225   2.81804
-52.46001   2.82308
-52.45807   2.82778
-52.45612   2.83247
-52.45474   2.83803
-52.45251   2.84279
-52.45056   2.84749
-52.44890   2.85304
-52.44695   2.85780
-52.44558   2.86336
-52.44363   2.86805
-52.44168   2.87304
-52.43945   2.87780
-52.43612   2.88112
-52.43251   2.88444
-52.42833   2.88725
-52.42386   2.88943
-52.41888   2.89137
-52.41332   2.89275
-52.40805   2.89418
-52.40221   2.89556
-52.39831   2.89831
-52.39584   2.90220
-52.39584   2.90776
-52.39917   2.91108
-52.40221   2.91469
-52.40610   2.91807
-52.40862   2.92220
-52.41057   2.92695
-52.41057   2.93389
-52.40805   2.93778
-52.40444   2.94139
-52.40112   2.94472
-52.39831   2.94890
-52.39499   2.95222
-52.39166   2.95583
-52.38891   2.95973
-52.38530   2.96334
-52.38249   2.96723
-52.38055   2.97222
-52.37831   2.97692
-52.37585   2.98110
-52.37419   2.98637
-52.37224   2.99141
-52.37109   2.99668
-52.36892   3.00167
-52.36749   3.00694
-52.36553   3.01192
-52.36279   3.01668
-52.36055   3.02138
-52.35860   3.02613
-52.35585   3.03026
-52.35390   3.03501
-52.35196   3.04000
-52.34915   3.04390
-52.34697   3.04888
-52.34416   3.05278
-52.34084   3.05639
-52.33803   3.06057
-52.33528   3.06446
-52.33391   3.07002
-52.33471   3.07472
-52.33752   3.07890
-52.34084   3.08223
-52.34416   3.08584
-52.34554   3.09111
-52.34611   3.09752
-52.34611   3.10417
-52.34697   3.11030
-52.34915   3.11529
-52.35253   3.11861
-52.35585   3.12193
-52.35585   3.12749
-52.35305   3.13167
-52.34972   3.13500
-52.34554   3.13780
-52.34359   3.14250
-52.34279   3.14863
-52.34416   3.15419
-52.34164   3.15832
-52.33752   3.16112
-52.33334   3.16359
-52.32835   3.16582
-52.32308   3.16720
-52.31804   3.16914
-52.31414   3.17195
-52.31001   3.17470
-52.30721   3.17888
-52.30583   3.18416
-52.30526   3.19057
-52.30446   3.19665
-52.30251   3.20140
-52.29947   3.20553
-52.29753   3.21028
-52.29557   3.21498
-52.29306   3.21916
-52.29082   3.22386
-52.28807   3.22804
-52.28526   3.23223
-52.28194   3.23555
-52.27833   3.23887
-52.27444   3.24168
-52.27025   3.24443
-52.26527   3.24638
-52.26057   3.24861
-52.25501   3.24861
-52.25111   3.24581
-52.24831   3.24168
-52.24418   3.23887
-52.24000   3.23887
-52.23668   3.24248
-52.23307   3.24581
-52.22974   3.24919
-52.22636   3.25280
-52.22361   3.25669
-52.22029   3.26030
-52.21748   3.26443
-52.21473   3.26832
-52.21193   3.27251
-52.20918   3.27669
-52.20665   3.28081
-52.20390   3.28500
-52.20081   3.28889
-52.19835   3.29307
-52.19640   3.29777
-52.19474   3.30333
-52.19336   3.30889
-52.19141   3.31359
-52.18946   3.31834
-52.18637   3.32253
-52.18305   3.32585
-52.17915   3.32860
-52.17503   3.33141
-52.17165   3.33473
-52.16832   3.33834
-52.16529   3.34223
-52.16248   3.34642
-52.16053   3.35112
-52.15835   3.35610
-52.15583   3.36000
-52.15446   3.36555
-52.15223   3.37025
-52.15027   3.37501
-52.14804   3.37999
-52.14610   3.38475
-52.14363   3.38887
-52.14002   3.39220
-52.13721   3.39638
-52.13446   3.40056
-52.13194   3.40446
-52.12833   3.40807
-52.12501   3.41139
-52.12220   3.41557
-52.11945   3.41970
-52.11664   3.42359
-52.11389   3.42778
-52.11194   3.43248
-52.10919   3.43666
-52.10639   3.44084
-52.10306   3.44502
-52.10026   3.44886
-52.09808   3.45390
-52.09613   3.45860
-52.09418   3.46336
-52.09137   3.46748
-52.08862   3.47167
-52.08582   3.47556
-52.08358   3.48055
-52.08112   3.48444
-52.07917   3.48943
-52.07917   3.49470
-52.08112   3.49974
-52.08249   3.50501
-52.08335   3.51137
-52.07831   3.51332
-52.07224   3.51389
-52.06748   3.51613
-52.06335   3.51888
-52.06055   3.52277
-52.05780   3.52696
-52.05499   3.53114
-52.05304   3.53584
-52.05029   3.54002
-52.04886   3.54558
-52.04697   3.55028
-52.04474   3.55497
-52.04279   3.55973
-52.04084   3.56471
-52.03861   3.56947
-52.03585   3.57331
-52.03333   3.57749
-52.03059   3.58167
-52.02749   3.58586
-52.02417   3.58918
-52.02142   3.59330
-52.01889   3.59749
-52.01529   3.60081
-52.01196   3.60419
-52.00858   3.60780
-52.00555   3.61164
-52.00222   3.61531
-51.99890   3.61863
-51.99695   3.62333
-51.99472   3.62831
-51.99277   3.63307
-51.99197   3.63914
-51.99139   3.64527
-51.99082   3.65140
-51.99002   3.65748
-51.98859   3.66303
-51.98778   3.66916
-51.98721   3.67529
-51.98584   3.68085
-51.98498   3.68693
-51.98389   3.69248
-51.98251   3.69804
-51.98056   3.70280
-51.97833   3.70750
-51.97472   3.71082
-51.97220   3.71500
-51.96888   3.71861
-51.96527   3.72193
-51.96114   3.72474
-51.95501   3.72526
-51.94831   3.72526
-51.94252   3.72388
-51.93582   3.72388
-51.93169   3.72669
-51.92974   3.73139
-51.92831   3.73695
-51.92831   3.74388
-51.92888   3.75001
-51.93055   3.75528
-51.93169   3.76084
-51.93169   3.76777
-51.93055   3.77304
-51.92694   3.77665
-51.92361   3.78083
-51.91943   3.78335
-51.91531   3.78610
-51.91026   3.78834
-51.90637   3.79086
-51.90081   3.79224
-51.89611   3.79447
-51.89193   3.79722
-51.88803   3.79974
-51.88391   3.80249
-51.87972   3.80530
-51.87697   3.80942
-51.87388   3.81361
-51.87084   3.81693
-51.86804   3.82111
-51.86528   3.82530
-51.86248   3.82919
-51.85915   3.83280
-51.85612   3.83664
-51.85279   3.84025
-51.84970   3.84363
-51.84581   3.84695
-51.84196   3.84970
-51.83858   3.85308
-51.83446   3.85583
-51.83028   3.85858
-51.82610   3.86139
-51.82277   3.86471
-51.81945   3.86832
-51.81584   3.87165
-51.81252   3.87503
-51.81028   3.87973
-51.80747   3.88391
-51.80639   3.88803
-51.80415   3.89279
-51.80220   3.89749
-51.79945   3.90167
-51.79750   3.90637
-51.79613   3.91193
-51.79390   3.91668
-51.79280   3.92224
-51.79137   3.92780
-51.78971   3.93307
-51.78862   3.93863
-51.78777   3.94470
-51.78639   3.95026
-51.78530   3.95582
-51.78364   3.96109
-51.78169   3.96613
-51.77946   3.97083
-51.77694   3.97501
-51.77499   3.97971
-51.77109   3.98303
-51.76863   3.98721
-51.76502   3.99140
-51.76163   3.99472
-51.75751   3.99753
-51.75419   4.00085
-51.75001   4.00360
-51.74611   4.00641
-51.74112   4.00836
-51.73695   4.01111
-51.73225   4.01305
-51.72835   4.01586
-51.72331   4.01804
-51.71861   4.01999
-51.71391   4.02193
-51.70887   4.02417
-51.70417   4.02612
-51.69861   4.02749
-51.69392   4.02944
-51.68916   4.03167
-51.68446   4.03362
       NA        NA
-51.68446   4.03362
-51.68251   4.03723
-51.68028   4.04193
-51.67667   4.04525
-51.67415   4.04944
-51.67220   4.05419
-51.66916   4.05832
-51.66641   4.06307
-51.66446   4.06777
-51.66223   4.07253
-51.66108   4.07803
-51.65971   4.08358
-51.65891   4.08972
-51.65891   4.09665
-51.65833   4.10278
-51.65747   4.10891
-51.65696   4.11498
-51.65558   4.12054
-51.65472   4.12667
-51.65363   4.13194
-51.65220   4.13750
-51.65140   4.14363
-51.65083   4.14970
-51.65026   4.15612
-51.64859   4.16139
-51.64808   4.16775
-51.64722   4.17388
-51.64722   4.18053
-51.64722   4.18752
-51.64722   4.19417
-51.64808   4.20058
-51.64859   4.20666
-51.65026   4.21193
-51.65220   4.21697
-51.65363   4.22224
-51.65472   4.22499
-51.65747   4.22917
-51.66028   4.23336
-51.66303   4.23720
-51.66584   4.24138
-51.66836   4.24556
-51.67139   4.24974
-51.67415   4.25387
-51.67753   4.25725
-51.68085   4.26057
-51.68446   4.26389
-51.68692   4.26808
-51.69053   4.27140
-51.69305   4.27558
-51.69666   4.27891
-51.69947   4.28303
-51.70222   4.28721
-51.70474   4.29140
-51.70692   4.29609
-51.70887   4.30085
-51.71110   4.30555
-51.71248   4.31111
-51.71442   4.31586
-51.71666   4.32056
-51.71804   4.32612
-51.71918   4.33168
-51.71998   4.33781
-51.71998   4.34474
-51.71918   4.35081
-51.71804   4.35608
-51.71585   4.36113
-51.71248   4.36445
-51.70640   4.36502
-51.69947   4.36502
-51.69392   4.36502
-51.69002   4.36777
-51.68859   4.37333
-51.68916   4.37946
-51.69196   4.38359
-51.69529   4.38697
-51.70027   4.38914
-51.70692   4.38914
-51.71391   4.38914
-51.71918   4.39058
-51.72417   4.39304
-51.72835   4.39585
-51.73167   4.39917
-51.73442   4.40335
-51.73695   4.40748
-51.73918   4.41223
-51.74193   4.41642
-51.74388   4.42111
-51.74388   4.42805
-51.74112   4.43194
-51.73695   4.43475
-51.73167   4.43613
-51.72749   4.43888
-51.72691   4.44363
-51.72886   4.44833
-51.73276   4.45114
-51.73918   4.45056
-51.74474   4.44919
-51.75081   4.44999
-51.75224   4.45526
-51.75304   4.46139
-51.75333   4.46752
-51.75499   4.47165
-51.75637   4.47721
-51.75694   4.48334
-51.75751   4.48947
-51.75831   4.49417
-51.75917   4.50030
-51.76026   4.50586
-51.76112   4.51193
-51.76250   4.51749
-51.76307   4.52362
-51.76502   4.52831
-51.76582   4.53336
-51.76720   4.53863
-51.76863   4.54419
-51.77081   4.54888
-51.77275   4.55364
-51.77499   4.55834
-51.77751   4.56252
-51.78112   4.56613
-51.78444   4.57003
-51.78777   4.57364
-51.79195   4.57610
-51.79613   4.57891
-51.80003   4.58166
-51.80363   4.58498
-51.80558   4.58974
-51.80306   4.59386
-51.79808   4.59610
-51.79470   4.59942
-51.79390   4.60555
-51.79750   4.60887
-51.80220   4.61168
-51.80696   4.61391
-51.81108   4.61666
-51.81584   4.61861
-51.82002   4.62136
-51.82363   4.62474
-51.82753   4.62749
-51.83113   4.63082
-51.83446   4.63414
-51.83721   4.63832
-51.84053   4.64165
-51.84391   4.64583
-51.84666   4.65001
-51.84999   4.65333
-51.85360   4.65666
-51.85778   4.65946
-51.86248   4.66164
-51.86861   4.66221
-51.87474   4.66307
-51.88110   4.66359
-51.88803   4.66359
-51.89474   4.66359
-51.90029   4.66221
-51.90499   4.66027
-51.90831   4.65666
-51.91192   4.65333
-51.91444   4.64944
-51.91668   4.64445
-51.91863   4.63970
-51.92029   4.63414
-51.92224   4.62944
-51.92361   4.62417
-51.92470   4.61861
-51.92636   4.61306
-51.92694   4.60692
-51.92751   4.60085
-51.92831   4.59472
-51.92888   4.58859
-51.92974   4.58252
-51.93055   4.57610
-51.93083   4.57003
-51.93083   4.56332
-51.93083   4.55639
-51.93083   4.54974
-51.93083   4.54275
-51.93083   4.53582
-51.93083   4.52917
-51.93055   4.52304
-51.93055   4.51611
-51.92974   4.50998
-51.92974   4.50305
-51.92974   4.49640
-51.92888   4.49027
-51.92888   4.48334
-51.92831   4.47721
-51.92751   4.47113
-51.92636   4.46558
-51.92556   4.45944
-51.92470   4.45331
-51.92418   4.44695
-51.92418   4.44025
-51.92361   4.43418
-51.92361   4.42725
-51.92361   4.42054
-51.92470   4.41498
-51.92556   4.40891
-51.92694   4.40335
-51.92888   4.39860
-51.93169   4.39447
-51.93444   4.39058
-51.93639   4.38553
-51.94000   4.38221
-51.94332   4.37889
-51.94664   4.37528
-51.95083   4.37253
-51.95444   4.36915
-51.95862   4.36640
-51.96280   4.36388
-51.96721   4.36164
-51.97140   4.35889
-51.97638   4.35694
-51.98056   4.35419
-51.98446   4.35139
-51.98916   4.34944
-51.99414   4.34749
-52.00027   4.34669
-52.00640   4.34611
-52.01196   4.34474
-52.01666   4.34250
-52.02084   4.33970
-52.02554   4.33781
-52.03059   4.33586
-52.03528   4.33362
-52.03998   4.33168
-52.04388   4.33305
-52.04141   4.33781
-52.03861   4.34193
-52.03666   4.34669
-52.03333   4.35001
-52.02915   4.35276
-52.02502   4.35557
-52.02084   4.35832
-52.01586   4.36027
-52.01196   4.36307
-52.00778   4.36582
-52.00308   4.36777
-51.99890   4.37058
-51.99414   4.37253
-51.99002   4.37528
-51.98584   4.37803
-51.98166   4.38084
-51.97753   4.38359
-51.97363   4.38639
-51.96945   4.38914
-51.96613   4.39252
-51.96280   4.39585
-51.95890   4.39917
-51.95639   4.40335
-51.95444   4.40805
-51.95221   4.41304
-51.95169   4.41779
-51.95083   4.42386
-51.95083   4.43085
-51.95026   4.43693
-51.95026   4.44363
-51.95083   4.44999
-51.95083   4.45670
-51.95169   4.46277
-51.95221   4.46890
-51.95277   4.47497
-51.95444   4.48053
-51.95501   4.48666
-51.95639   4.49222
-51.95696   4.49835
-51.95890   4.50305
-51.96057   4.50861
-51.96194   4.51416
-51.96303   4.51943
-51.96527   4.52419
-51.96807   4.52831
-51.97002   4.53336
-51.97140   4.53863
-51.97363   4.54333
-51.97415   4.54974
-51.97472   4.55582
-51.97472   4.56252
-51.97558   4.56859
-51.97638   4.57472
-51.97696   4.58108
-51.97753   4.58721
-51.97890   4.59249
-51.98056   4.59804
-51.98251   4.60280
-51.98389   4.60836
-51.98498   4.61391
-51.98721   4.61861
-51.98916   4.62331
-51.99139   4.62807
-51.99277   4.63362
-51.99472   4.63832
-51.99695   4.64308
-51.99890   4.64806
-52.00165   4.65196
-52.00446   4.65608
-52.00692   4.66027
-52.00916   4.66502
-52.01196   4.66915
-52.01471   4.67304
-52.01723   4.67723
-52.01999   4.68221
-52.02308   4.68611
-52.02640   4.68972
-52.02972   4.69304
-52.03333   4.69636
-52.03666   4.69974
-52.03998   4.70335
-52.04279   4.70725
-52.04611   4.71086
-52.04886   4.71498
-52.05224   4.71831
-52.05556   4.72169
-52.05860   4.72581
-52.06141   4.73000
-52.06387   4.73389
-52.06805   4.73664
-52.07167   4.74002
-52.07636   4.74220
-52.08112   4.74415
-52.08530   4.74696
-52.08943   4.74971
-52.09275   4.75303
-52.09556   4.75721
-52.09808   4.76139
-52.10169   4.76472
-52.10501   4.76804
-52.10919   4.77085
-52.11389   4.77308
-52.11859   4.77497
-52.12363   4.77692
-52.12776   4.77835
-52.13332   4.77973
-52.13859   4.78110
-52.14363   4.78305
-52.14804   4.78529
-52.15223   4.78804
-52.15641   4.79056
-52.16002   4.79474
-52.16334   4.79835
-52.16609   4.80225
-52.16832   4.80694
-52.17084   4.81113
-52.17360   4.81525
-52.17640   4.81943
-52.17973   4.82276
-52.18248   4.82694
-52.18528   4.83084
-52.18803   4.83502
-52.19027   4.83972
-52.19279   4.84390
-52.19474   4.84860
-52.19749   4.85278
-52.20058   4.85696
-52.20304   4.86109
-52.20723   4.86361
-52.21112   4.86642
-52.21668   4.86779
-52.22166   4.87003
-52.22779   4.87054
-52.23055   4.86642
-52.23307   4.86252
-52.23611   4.85834
-52.23943   4.85501
-52.24332   4.85221
-52.24751   4.84946
-52.25306   4.84808
-52.25862   4.84665
-52.26469   4.84585
-52.26945   4.84390
-52.27444   4.84195
-52.27776   4.83863
-52.28137   4.83502
-52.28475   4.83164
-52.28721   4.82751
-52.28944   4.82276
-52.29140   4.81806
-52.29414   4.81388
-52.29695   4.80969
-52.29919   4.80500
-52.30027   4.79944
-52.30165   4.79417
-52.30331   4.78861
-52.30360   4.78248
-52.30526   4.77692
-52.30669   4.77165
-52.30864   4.76667
-52.31053   4.76197
-52.31363   4.75778
-52.31752   4.75526
-52.32113   4.75165
-52.32446   4.74833
-52.32720   4.74415
-52.32973   4.74002
-52.33196   4.73527
-52.33334   4.73000
-52.33334   4.72444
-52.33528   4.72112
-52.33998   4.72306
-52.34359   4.72639
-52.34554   4.73137
-52.34554   4.73807
-52.34502   4.74415
-52.34359   4.74971
-52.34084   4.75389
-52.33803   4.75778
-52.33528   4.76197
-52.33196   4.76558
-52.32915   4.76947
-52.32720   4.77417
-52.32446   4.77916
-52.32222   4.78391
-52.31947   4.78804
-52.31752   4.79279
-52.31609   4.79835
-52.31414   4.80305
-52.31277   4.80832
-52.31139   4.81388
-52.30944   4.81863
-52.30721   4.82333
-52.30526   4.82832
-52.30331   4.83307
-52.30027   4.83720
-52.29753   4.84109
-52.29414   4.84470
-52.29002   4.84722
-52.28584   4.84997
-52.28194   4.85278
-52.27724   4.85553
-52.27220   4.85748
-52.26807   4.86029
-52.26469   4.86361
-52.26194   4.86779
-52.25919   4.87192
-52.25776   4.87748
-52.25776   4.88418
-52.25919   4.88974
-52.26194   4.89386
-52.26418   4.89862
-52.26693   4.90251
-52.26888   4.90750
-52.27025   4.91277
-52.27220   4.91775
-52.27363   4.92308
-52.27558   4.92669
-52.27776   4.93139
-52.28137   4.93471
-52.28526   4.93752
-52.29002   4.93947
-52.29501   4.94165
-52.30027   4.94359
-52.30526   4.94445
-52.31139   4.94503
-52.31695   4.94640
-52.32222   4.94778
-52.32778   4.94915
-52.33334   4.94915
-52.33803   4.94692
-52.34222   4.94445
-52.34554   4.94084
-52.34835   4.93666
-52.34972   4.93139
-52.35109   4.92583
-52.35305   4.92113
-52.35585   4.91695
-52.35860   4.91277
-52.36141   4.90887
-52.36473   4.90475
-52.36806   4.90137
-52.37224   4.89862
-52.37636   4.89581
-52.38055   4.89306
-52.38530   4.89111
-52.38943   4.89111
-52.38748   4.89581
-52.38668   4.90194
-52.38335   4.90526
-52.38055   4.90945
-52.37722   4.91277
-52.37390   4.91638
-52.37224   4.92194
-52.37390   4.92721
-52.37585   4.93196
-52.37831   4.93609
-52.38141   4.94027
-52.38249   4.94308
-52.38530   4.94692
-52.38891   4.95053
-52.39166   4.95442
-52.39418   4.95861
-52.39779   4.96193
-52.40025   4.96611
-52.40387   4.96943
-52.40725   4.97304
-52.41057   4.97637
-52.41418   4.97975
-52.41750   4.98336
-52.42083   4.98668
-52.42168   4.99275
-52.41974   4.99751
-52.41974   5.00307
-52.42501   5.00444
-52.43056   5.00307
-52.43612   5.00169
-52.44168   5.00026
-52.44775   5.00112
-52.45193   5.00358
-52.45612   5.00639
-52.45858   5.01057
-52.46225   5.01390
-52.46471   5.01808
-52.46752   5.02220
-52.46889   5.02748
-52.47084   5.03223
-52.47388   5.03641
-52.47669   5.04054
-52.48001   5.04386
-52.48414   5.04667
-52.48946   5.04804
-52.49554   5.04862
-52.50247   5.04862
-52.50889   5.04804
-52.51553   5.04804
-52.52253   5.04804
-52.52665   5.05085
-52.52779   5.05641
-52.52665   5.06168
-52.52723   5.06861
-52.52998   5.07251
-52.53387   5.07526
-52.53748   5.07887
-52.54138   5.08139
-52.54642   5.08363
-52.55054   5.08638
-52.55473   5.08890
-52.55942   5.09113
-52.56281   5.09445
-52.56693   5.09720
-52.57111   5.10001
-52.57529   5.10276
-52.57862   5.10609
-52.58194   5.10947
-52.58555   5.11279
-52.58887   5.11640
-52.59220   5.11972
-52.59581   5.12167
-52.60056   5.12390
-52.60583   5.12528
-52.61082   5.12723
-52.61500   5.12998
-52.61832   5.13336
-52.62193   5.13697
-52.62526   5.14029
-52.62944   5.14304
-52.63276   5.14694
-52.63609   5.15055
-52.63969   5.15387
-52.64222   5.15805
-52.64582   5.16138
-52.64835   5.16556
-52.65110   5.16945
-52.65333   5.17444
-52.65614   5.17834
-52.65803   5.18332
-52.66164   5.18664
-52.66502   5.19002
-52.66892   5.19277
-52.67304   5.19558
-52.67447   5.19610
-52.67390   5.19610
-52.67802   5.19890
-52.68141   5.20223
-52.68473   5.20584
-52.68834   5.20916
-52.69166   5.21248
-52.69498   5.21581
-52.69859   5.21942
-52.70249   5.22222
-52.70748   5.22417
-52.71223   5.22612
-52.71693   5.22835
-52.72112   5.23110
-52.72581   5.23305
-52.72999   5.23586
-52.73418   5.23861
-52.73836   5.24113
-52.74168   5.24474
-52.74581   5.24720
-52.74919   5.25081
-52.75331   5.25362
-52.75692   5.25695
-52.76082   5.25970
-52.76443   5.26308
-52.76775   5.26640
-52.77113   5.27001
-52.77526   5.27247
-52.77864   5.27614
-52.78139   5.27998
-52.78500   5.28359
-52.78832   5.28697
-52.79113   5.29109
-52.79445   5.29442
-52.79778   5.29780
-52.80058   5.30192
-52.80333   5.30611
-52.80608   5.31029
-52.80803   5.31499
-52.81084   5.31888
-52.81307   5.32387
-52.81554   5.32776
-52.81749   5.33280
-52.82058   5.33664
-52.82333   5.34083
-52.82585   5.34501
-52.82808   5.34971
-52.82997   5.35446
-52.83278   5.35859
-52.83553   5.36277
-52.83776   5.36753
-52.84029   5.37137
-52.84304   5.37555
-52.84636   5.37916
-52.84946   5.38305
-52.85278   5.38666
-52.85553   5.39056
-52.85891   5.39388
-52.86166   5.39806
-52.86498   5.40167
-52.86831   5.40500
-52.87111   5.40918
-52.87444   5.41250
-52.87747   5.41669
-52.88086   5.42001
-52.88418   5.42333
-52.88692   5.42614
-52.89025   5.42946
-52.89443   5.43221
-52.89862   5.43502
-52.90331   5.43697
-52.90887   5.43834
-52.91363   5.44029
-52.91775   5.44304
-52.92113   5.44665
-52.92526   5.44946
-52.92944   5.45192
-52.93362   5.45473
-52.93781   5.45805
-52.94250   5.46029
-52.94806   5.46166
-52.95247   5.46086
-52.95637   5.45748
-52.96084   5.45553
-52.96777   5.45553
-52.97333   5.45668
-52.97723   5.45943
-52.98141   5.46224
-52.98553   5.46499
-52.98972   5.46779
-52.99390   5.47054
-52.99917   5.47192
-53.00553   5.47249
-53.00943   5.46974
-53.01252   5.46556
-53.01166   5.45943
-53.00943   5.45473
-53.00748   5.44997
-53.01028   5.44808
-53.01498   5.44997
-53.02002   5.45055
-53.02530   5.45192
-53.02890   5.45278
-53.03360   5.45473
-53.03836   5.45668
-53.04248   5.45805
-53.04804   5.45943
-53.05331   5.46086
-53.05916   5.46224
-53.06363   5.46447
-53.06861   5.46636
-53.07388   5.46779
-53.07887   5.46974
-53.08362   5.47192
-53.08832   5.47387
-53.09331   5.47581
-53.09806   5.47805
-53.10276   5.48000
-53.10780   5.48195
-53.11221   5.48418
-53.11806   5.48556
-53.12276   5.48750
-53.12665   5.49025
-53.13169   5.49220
-53.13582   5.49558
-53.14058   5.49833
-53.14447   5.50114
-53.14946   5.50303
-53.15364   5.50584
-53.15776   5.50859
-53.16195   5.51140
-53.16584   5.51415
-53.17002   5.51695
-53.17472   5.51890
-53.17971   5.52085
-53.18584   5.52165
-53.19197   5.52222
-53.19724   5.52085
-53.19942   5.51609
-53.20137   5.51140
-53.20222   5.50526
-53.20417   5.50057
-53.20778   5.49696
-53.21248   5.49501
-53.21804   5.49363
-53.22331   5.49501
-53.22835   5.49696
-53.23276   5.49919
-53.23781   5.50114
-53.24279   5.50303
-53.24806   5.50446
-53.25304   5.50664
-53.25694   5.50945
-53.25975   5.51334
-53.26055   5.51970
-53.26055   5.52641
-53.26112   5.53248
-53.26387   5.53666
-53.26806   5.53947
-53.27333   5.54056
-53.27946   5.54136
-53.28582   5.54222
-53.29195   5.54279
-53.29888   5.54279
-53.30501   5.54222
-53.31166   5.54222
-53.31779   5.54136
-53.32501   5.54136
-53.33166   5.54136
-53.33859   5.54136
-53.34472   5.54056
-53.34970   5.53861
-53.35498   5.53724
-53.36111   5.53666
-53.36752   5.53724
-53.37360   5.53804
-53.37887   5.53947
-53.38443   5.54056
-53.39056   5.54136
-53.39611   5.54279
-53.40167   5.54417
-53.40694   5.54554
-53.41193   5.54749
-53.41668   5.54973
-53.42138   5.55167
-53.42636   5.55362
-53.43169   5.55500
-53.43639   5.55695
-53.44195   5.55832
-53.44751   5.55970
-53.45358   5.56056
-53.45914   5.56193
-53.46527   5.56331
-53.47140   5.56388
-53.47696   5.56525
-53.48252   5.56669
-53.48664   5.56944
-53.49083   5.57224
-53.49501   5.57471
-53.49890   5.57752
-53.50251   5.58084
-53.50555   5.58445
-53.50916   5.58777
-53.51277   5.59109
-53.51609   5.59470
-53.52027   5.59803
-53.52359   5.59997
-53.52749   5.60278
-53.53168   5.60553
-53.53586   5.60834
-53.53999   5.61086
-53.54474   5.61304
-53.54886   5.61585
-53.55362   5.61779
-53.55861   5.61974
-53.56250   5.62249
-53.56668   5.62530
-53.57167   5.62725
-53.57637   5.62943
-53.58026   5.63223
-53.58530   5.63418
-53.59000   5.63613
-53.59418   5.63888
-53.59974   5.64025
-53.60444   5.64220
-53.60914   5.64444
-53.61332   5.64724
-53.61808   5.64919
-53.62306   5.65108
-53.62776   5.65332
-53.63251   5.65527
-53.63721   5.65721
-53.64220   5.65945
-53.64610   5.66220
-53.65165   5.66334
-53.65641   5.66558
-53.66220   5.66695
-53.66753   5.66833
-53.67251   5.67028
-53.67692   5.67222
-53.68196   5.67446
-53.68637   5.67641
-53.69136   5.67858
-53.69640   5.68053
-53.70110   5.68248
-53.70586   5.68472
-53.71055   5.68666
-53.71525   5.68861
-53.72029   5.69085
-53.72442   5.69331
-53.72860   5.69612
-53.73307   5.69835
-53.73697   5.70167
-53.74081   5.70500
-53.74419   5.70861
-53.74694   5.71250
-53.75055   5.71611
-53.75387   5.71944
-53.76000   5.72001
-53.76613   5.72081
-53.77111   5.72276
-53.77581   5.72471
-53.77919   5.72832
-53.78332   5.73112
-53.78664   5.73445
-53.79140   5.73640
-53.79558   5.73915
-53.79971   5.74195
-53.80389   5.74470
-53.80750   5.74803
-53.81002   5.75221
-53.81277   5.75611
-53.81472   5.75972
-53.81695   5.76447
-53.81942   5.76860
-53.82308   5.77192
-53.82915   5.77249
-53.83557   5.77192
-53.84165   5.77112
-53.84778   5.77054
-53.85391   5.77112
-53.85861   5.77335
-53.86388   5.77473
-53.86886   5.77668
-53.87390   5.77862
-53.87860   5.78086
-53.88336   5.78281
-53.88943   5.78223
-53.89418   5.78000
-53.89779   5.77668
-53.89997   5.77192
-53.90192   5.76722
-53.90445   5.76304
-53.90805   5.75972
-53.91224   5.75697
-53.91642   5.75416
-53.92169   5.75278
-53.92725   5.75141
-53.93195   5.74946
-53.93750   5.74803
-53.94220   5.74585
-53.94776   5.74470
-53.95303   5.74333
-53.95721   5.74058
-53.96140   5.73777
-53.96558   5.73502
-53.96970   5.73221
-53.97308   5.72889
-53.97583   5.72471
-53.97778   5.72001
-53.97916   5.71474
-53.98082   5.70918
-53.98277   5.70442
-53.98500   5.69973
-53.98752   5.69554
-53.99027   5.69136
-53.99308   5.68724
-53.99554   5.68334
-53.99778   5.67858
-53.99886   5.67303
-54.00058   5.66753
-54.00110   5.66140
-54.00276   5.65613
-54.00305   5.64971
-54.00471   5.64444
-54.00586   5.63888
-54.00723   5.63332
-54.00803   5.62725
-54.00946   5.62192
-54.00998   5.61585
-54.01084   5.60971
-54.01084   5.60278
-54.00946   5.59722
-54.00803   5.59195
-54.00586   5.58697
-54.00471   5.58164
-54.00305   5.57614
-54.00276   5.57001
-54.00276   5.56331
-54.00305   5.55695
-54.00391   5.55082
-54.00528   5.54554
-54.00723   5.54056
-54.00946   5.53586
-54.01222   5.53196
-54.01503   5.52778
-54.01697   5.52308
-54.01972   5.51890
-54.02167   5.51415
-54.02442   5.51002
-54.02780   5.50664
-54.03141   5.50303
-54.03416   5.49919
-54.03697   5.49501
-54.03943   5.49083
-54.04109   5.48556
-54.04304   5.48057
-54.04499   5.47581
-54.04636   5.47054
-54.04779   5.46499
-54.04917   5.45943
-54.05054   5.45416
-54.05249   5.44946
-54.05473   5.44442
-54.05668   5.43972
-54.05943   5.43554
-54.06137   5.43084
-54.06418   5.42666
-54.06636   5.42196
-54.06974   5.41863
-54.07249   5.41445
-54.07530   5.41027
-54.07862   5.40695
-54.08137   5.40305
-54.08470   5.39944
-54.08808   5.39526
-54.09169   5.39193
-54.09581   5.38918
-54.10057   5.38724
-54.10555   5.38529
-54.10944   5.38248
-54.11414   5.38053
-54.11775   5.37692
-54.12194   5.37417
-54.12526   5.37085
-54.12864   5.36753
-54.13197   5.36415
-54.13557   5.36054
-54.13970   5.35779
-54.14388   5.35526
-54.14915   5.35389
-54.15419   5.35166
-54.15860   5.34971
-54.16445   5.34833
-54.16692   5.34696
       NA        NA
-54.09444   3.29502
-54.08974   3.29720
-54.08555   3.30001
-54.08137   3.30247
-54.07748   3.30528
-54.07335   3.30803
-54.07112   3.31278
-54.06974   3.31834
-54.06917   3.32447
-54.06831   3.33083
-54.06751   3.33696
-54.06693   3.34304
-54.06636   3.34917
-54.06498   3.35473
-54.06361   3.36000
-54.06137   3.36469
-54.05943   3.36974
-54.05668   3.37386
-54.05336   3.37724
-54.04975   3.38057
-54.04636   3.38418
-54.04304   3.38750
-54.03892   3.39031
-54.03531   3.39363
-54.03193   3.39695
-54.02917   3.40113
-54.02585   3.40446
-54.02304   3.40858
-54.02058   3.41277
-54.01835   3.41752
-54.01640   3.42222
-54.01416   3.42720
-54.01141   3.43110
-54.00889   3.43528
-54.00528   3.43861
-54.00276   3.44279
-54.00110   3.44835
-54.00110   3.45390
-54.00276   3.45918
-54.00305   3.46554
-54.00305   3.47224
-54.00276   3.47831
-54.00196   3.48444
-54.00110   3.49086
-54.00196   3.49693
-54.00276   3.50306
-54.00471   3.50776
-54.00666   3.51252
-54.00946   3.51664
-54.01084   3.52220
-54.01222   3.52776
-54.01307   3.53389
-54.01307   3.54082
-54.01222   3.54695
-54.01084   3.55222
-54.00889   3.55692
-54.00666   3.56196
-54.00391   3.56609
-54.00058   3.56947
-53.99778   3.57331
-53.99446   3.57692
-53.99165   3.58110
-53.98890   3.58500
-53.98609   3.58918
-53.98414   3.59388
-53.98414   3.59944
-53.98609   3.60419
-53.98804   3.60918
-53.99027   3.61387
-53.99308   3.61806
-53.99503   3.62276
-53.99778   3.62694
-54.00110   3.63026
-54.00471   3.63358
-54.00889   3.63639
-54.01416   3.63777
-54.02058   3.63725
-54.02585   3.63582
-54.02998   3.63307
-54.03473   3.63083
-54.04109   3.63026
-54.04779   3.63026
-54.05249   3.63221
-54.05387   3.63777
-54.05387   3.64332
-54.05387   3.65003
-54.05553   3.65553
-54.05943   3.65834
-54.06275   3.66166
-54.06693   3.66447
-54.07026   3.66779
-54.07364   3.67140
-54.07581   3.67610
-54.07776   3.68085
-54.08000   3.68555
-54.08194   3.69054
-54.08281   3.69667
-54.08361   3.70280
-54.08418   3.70887
-54.08470   3.71500
-54.08693   3.71999
-54.08808   3.72526
-54.09025   3.73001
-54.09306   3.73419
-54.09501   3.73889
-54.09776   3.74308
-54.10057   3.74720
-54.10251   3.75196
-54.10555   3.75614
-54.10750   3.76084
-54.10944   3.76554
-54.11220   3.76972
-54.11581   3.77304
-54.11833   3.77722
-54.12114   3.78141
-54.12388   3.78553
-54.12721   3.78891
-54.13139   3.79166
-54.13609   3.79447
-54.14084   3.79636
-54.14640   3.79779
-54.15196   3.79917
-54.15832   3.79974
-54.16445   3.80054
-54.17030   3.80112
-54.17637   3.80192
-54.18141   3.80387
-54.18639   3.80610
-54.19058   3.80862
-54.19390   3.81223
-54.19585   3.81693
-54.19722   3.82249
-54.19665   3.82862
-54.19499   3.83418
-54.19499   3.84082
-54.19780   3.84501
-54.20192   3.84776
-54.20668   3.84970
-54.21166   3.85194
-54.21498   3.85446
-54.21779   3.85583
-54.22112   3.85944
-54.22472   3.86277
-54.22891   3.86557
-54.23280   3.86832
-54.23693   3.87085
-54.23974   3.87503
-54.24249   3.87915
-54.24581   3.88248
-54.24919   3.88609
-54.25280   3.88947
-54.25475   3.89416
-54.25693   3.89886
-54.25750   3.90528
-54.25945   3.90998
-54.26220   3.91387
-54.26638   3.91668
-54.27114   3.91892
-54.27612   3.92081
-54.28001   3.92361
-54.28414   3.92636
-54.28752   3.92975
-54.29027   3.93387
-54.29251   3.93863
-54.29359   3.94418
-54.29526   3.94946
-54.29669   3.95501
-54.29778   3.96057
-54.29864   3.96664
-54.30001   3.97220
-54.30196   3.97696
-54.30413   3.98166
-54.30609   3.98641
-54.30890   3.99054
-54.31141   3.99472
-54.31445   3.99890
-54.31777   4.00222
-54.32196   4.00497
-54.32557   4.00836
-54.32998   4.01053
-54.33416   4.01305
-54.33834   4.01586
-54.34253   4.01861
-54.34636   4.02136
-54.35055   4.02417
-54.35473   4.02692
-54.35806   4.03030
-54.36029   4.03500
-54.36166   4.04056
-54.36224   4.04669
-54.36109   4.05224
-54.35806   4.05608
-54.35696   4.05975
-54.35473   4.06307
-54.35192   4.06720
-54.34946   4.07138
-54.34780   4.07665
-54.34723   4.08278
-54.34636   4.08891
-54.34636   4.09585
-54.34528   4.10140
-54.34390   4.10668
-54.34167   4.11166
-54.33972   4.11642
-54.33777   4.12111
-54.33611   4.12667
-54.33416   4.13137
-54.33279   4.13693
-54.33164   4.14220
-54.33359   4.14724
-54.33777   4.14970
-54.34167   4.15251
-54.34585   4.15526
-54.35055   4.15750
-54.35553   4.15944
-54.35971   4.16219
-54.36499   4.16363
-54.36997   4.16558
-54.37473   4.16775
-54.38000   4.16890
-54.38498   4.17113
-54.38974   4.17308
-54.39444   4.17526
-54.39804   4.17864
-54.40223   4.18139
-54.40475   4.18528
-54.40693   4.19027
-54.40750   4.19640
-54.40693   4.20247
-54.40641   4.20860
-54.40555   4.21473
-54.40332   4.21943
-54.40137   4.22442
-54.39862   4.22831
-54.39610   4.23250
-54.39386   4.23720
-54.39306   4.24361
-54.39444   4.24974
-54.39610   4.25501
-54.39724   4.26057
-54.39724   4.26750
-54.39724   4.27415
-54.39639   4.28028
-54.39639   4.28721
-54.39639   4.29415
-54.39804   4.29942
-54.39942   4.30360
-54.40137   4.30836
-54.40332   4.31334
-54.40475   4.31861
-54.40641   4.32417
-54.40750   4.32973
-54.40973   4.33443
-54.41220   4.33832
-54.41581   4.34193
-54.41833   4.34611
-54.42114   4.35001
-54.42474   4.35362
-54.42669   4.35832
-54.42835   4.36388
-54.43082   4.36777
-54.43277   4.37253
-54.43443   4.37803
-54.43586   4.38359
-54.43695   4.38914
-54.43775   4.39527
-54.43890   4.40055
-54.43970   4.40696
-54.44056   4.41304
-54.44056   4.41974
-54.44113   4.42581
-54.44194   4.43085
-54.44250   4.43693
-54.44308   4.44306
-54.44388   4.44919
-54.44445   4.45526
-54.44526   4.46139
-54.44611   4.46752
-54.44669   4.47388
-54.44807   4.47915
-54.44864   4.48529
-54.44915   4.49142
-54.45053   4.49692
-54.45139   4.50305
-54.45225   4.50918
-54.45139   4.51554
-54.45001   4.52081
-54.44807   4.52556
-54.44445   4.52917
-54.44113   4.53250
-54.43775   4.53582
-54.43500   4.54000
-54.43219   4.54419
-54.42944   4.54831
-54.42750   4.55307
-54.42526   4.55776
-54.42251   4.56195
-54.42114   4.56722
-54.42056   4.57364
-54.41999   4.57971
-54.41999   4.58641
-54.41999   4.59335
-54.42114   4.59890
-54.42251   4.60417
-54.42417   4.60973
-54.42612   4.61443
-54.42835   4.61919
-54.43030   4.62417
-54.43219   4.62887
-54.43363   4.63414
-54.43586   4.63918
-54.43695   4.64445
-54.43861   4.65001
-54.43970   4.65557
-54.43970   4.66221
-54.43970   4.66915
-54.43861   4.67442
-54.43695   4.67998
-54.43500   4.68473
-54.43443   4.69081
-54.43277   4.69636
-54.43277   4.70335
-54.43443   4.70862
-54.43586   4.71418
-54.43890   4.71751
-54.44308   4.72026
-54.44720   4.72306
-54.45225   4.72501
-54.45752   4.72639
-54.46307   4.72776
-54.46777   4.73000
-54.47196   4.73252
-54.47470   4.73664
-54.47614   4.74220
-54.47751   4.74776
-54.47803   4.75389
-54.47803   4.76053
-54.47694   4.76609
-54.47614   4.77222
-54.47528   4.77835
-54.47528   4.78529
-54.47528   4.79193
-54.47614   4.79835
-54.47614   4.80500
-54.47614   4.81193
-54.47614   4.81863
-54.47614   4.82556
-54.47470   4.83084
-54.47419   4.83720
-54.47334   4.84333
-54.47334   4.84997
-54.47334   4.85696
-54.47470   4.86252
-54.47614   4.86779
-54.47803   4.87249
-54.48027   4.87748
-54.48279   4.88137
-54.48445   4.88693
-54.48553   4.89249
-54.48640   4.89862
-54.48502   4.90389
-54.48221   4.90807
-54.47947   4.91220
-54.47528   4.91500
-54.47196   4.91833
-54.46777   4.92113
-54.46445   4.92446
-54.46084   4.92807
-54.45752   4.93139
-54.45414   4.93471
-54.45139   4.93890
-54.44915   4.94359
-54.44915   4.95053
-54.45001   4.95666
-54.45001   4.96336
-54.45053   4.96943
-54.45225   4.97499
-54.45276   4.98112
-54.45414   4.98668
-54.45557   4.99195
-54.45638   4.99831
-54.45557   5.00444
-54.45414   5.00971
-54.45225   5.01470
-54.45053   5.02003
-54.44807   5.02415
-54.44526   5.02834
-54.44250   5.03223
-54.43970   5.03641
-54.43695   5.04054
-54.43443   5.04472
-54.43082   5.04804
-54.42835   5.05223
-54.42526   5.05641
-54.42331   5.06111
-54.42056   5.06529
-54.41805   5.06919
-54.41500   5.07331
-54.41168   5.07669
-54.40887   5.08082
-54.40555   5.08414
-54.40223   5.08775
-54.39862   5.09113
-54.39529   5.09445
-54.39111   5.09720
-54.38779   5.10053
-54.38418   5.10419
-54.38086   5.10752
-54.37891   5.11222
-54.37891   5.11915
-54.37891   5.12442
-54.37610   5.12860
-54.37249   5.13193
-54.36917   5.13554
-54.36419   5.13748
-54.35971   5.13943
-54.35473   5.14167
-54.35141   5.14499
-54.34780   5.14831
-54.34528   5.15249
-54.34333   5.15725
-54.34109   5.16195
-54.33915   5.16693
-54.33697   5.17169
-54.33502   5.17639
-54.33279   5.18109
-54.32998   5.18527
-54.32751   5.18945
-54.32557   5.19415
-54.32333   5.19890
-54.32058   5.20303
-54.31835   5.20779
-54.31554   5.21197
-54.31308   5.21581
-54.31027   5.21999
-54.30752   5.22417
-54.30471   5.22835
-54.30196   5.23225
-54.29944   5.23638
-54.29669   5.24056
-54.29331   5.24388
-54.29027   5.24806
-54.28695   5.25139
-54.28334   5.25471
-54.28001   5.25832
-54.27669   5.26164
-54.27251   5.26445
-54.26919   5.26777
-54.26501   5.27058
-54.26111   5.27333
-54.25693   5.27614
-54.25280   5.27860
-54.24919   5.28221
-54.24501   5.28502
-54.24083   5.28748
-54.23693   5.29029
-54.23223   5.29253
-54.22725   5.29442
-54.22249   5.29636
-54.21779   5.29860
-54.21275   5.30055
-54.20834   5.30250
-54.20415   5.30530
-54.19997   5.30805
-54.19665   5.31138
-54.19304   5.31499
-54.19058   5.31888
-54.18668   5.32249
-54.18416   5.32639
-54.18055   5.33000
-54.17803   5.33418
-54.17442   5.33750
-54.17196   5.34140
-54.16835   5.34501
-54.16692   5.34696
       NA        NA
-54.48445   2.42808
-54.47694   2.42808
-54.47001   2.42808
-54.46388   2.42722
-54.45752   2.42665
-54.45139   2.42585
-54.44526   2.42527
-54.43861   2.42527
-54.43139   2.42527
-54.42669   2.42722
-54.42331   2.43083
-54.42056   2.43473
-54.41805   2.43891
-54.41500   2.44303
-54.41220   2.44722
-54.40973   2.45111
-54.40693   2.45530
-54.40332   2.45891
-54.40028   2.46223
-54.39639   2.46555
-54.39306   2.46916
-54.38974   2.47248
-54.38556   2.47529
-54.38195   2.47862
-54.37891   2.48194
-54.37473   2.48475
-54.37192   2.48887
-54.36831   2.49219
-54.36585   2.49638
-54.36304   2.50056
-54.36029   2.50474
-54.35806   2.50944
-54.35610   2.51414
-54.35387   2.51889
-54.35192   2.52388
-54.35055   2.52915
-54.34946   2.53471
-54.34780   2.54027
-54.34723   2.54640
-54.34585   2.55195
-54.34390   2.55665
-54.34167   2.56141
-54.33915   2.56553
-54.33611   2.56972
-54.33279   2.57304
-54.33084   2.57665
-54.32803   2.58054
-54.32585   2.58553
-54.32391   2.59029
-54.32247   2.59556
-54.32138   2.60111
-54.31972   2.60667
-54.31915   2.61280
-54.31835   2.61888
-54.31720   2.62443
-54.31503   2.62919
-54.31308   2.63389
-54.31027   2.63807
-54.30695   2.64168
-54.30334   2.64500
-54.30001   2.64833
-54.29720   2.65251
-54.29445   2.65669
-54.29113   2.66001
-54.28752   2.66362
-54.28500   2.66752
-54.28139   2.67113
-54.27887   2.67503
-54.27669   2.68001
-54.27388   2.68391
-54.27194   2.68889
-54.26970   2.69359
-54.26724   2.69834
-54.26501   2.70333
-54.26306   2.70803
-54.26111   2.71278
-54.25836   2.71697
-54.25526   2.72080
-54.25280   2.72499
-54.24919   2.72860
-54.24667   2.73112
-54.24306   2.73473
-54.23974   2.73805
-54.23693   2.74223
-54.23332   2.74556
-54.23000   2.74917
-54.22667   2.75249
-54.22306   2.75581
-54.21917   2.75862
-54.21556   2.76194
-54.21223   2.76555
-54.20863   2.76888
-54.20610   2.77306
-54.20335   2.77695
-54.20055   2.78114
-54.19860   2.78612
-54.19665   2.79082
-54.19499   2.79609
-54.19390   2.80165
-54.19499   2.80721
-54.19665   2.81276
-54.19780   2.81804
-54.19860   2.82445
-54.19585   2.82835
-54.19304   2.83247
-54.18892   2.83528
-54.18473   2.83803
-54.18055   2.84084
-54.17723   2.84416
-54.17390   2.84749
-54.17247   2.85304
-54.17528   2.85723
-54.17946   2.85998
-54.18473   2.86141
-54.18972   2.86336
-54.19252   2.86748
-54.19442   2.87224
-54.19390   2.87694
-54.19109   2.88112
-54.18834   2.88530
-54.18668   2.89057
-54.18639   2.89693
-54.18639   2.90364
-54.18416   2.90862
-54.18141   2.91252
-54.17860   2.91527
-54.17637   2.91888
-54.17305   2.92220
-54.17030   2.92638
-54.16835   2.93114
-54.16640   2.93584
-54.16445   2.94053
-54.16222   2.94558
-54.16084   2.95085
-54.16084   2.95640
-54.16279   2.96110
-54.16554   2.96529
-54.17030   2.96723
-54.17528   2.96947
-54.17860   2.97279
-54.18026   2.97835
-54.18055   2.98442
-54.18026   2.99055
-54.17723   2.99474
-54.17390   2.99806
-54.17196   3.00276
-54.17030   3.00832
-54.17030   3.01531
-54.17196   3.02081
-54.17305   3.02613
-54.17390   3.03249
-54.17528   3.03776
-54.17608   3.04390
-54.17860   3.04808
-54.18279   3.05083
-54.18639   3.05415
-54.18972   3.05776
-54.18972   3.06303
-54.18473   3.06527
-54.18026   3.06721
-54.17528   3.06916
-54.17247   3.07335
-54.16972   3.07753
-54.16915   3.08360
-54.16915   3.08916
-54.17110   3.09391
-54.17305   3.09890
-54.17442   3.10417
-54.17442   3.11110
-54.17528   3.11723
-54.17723   3.12193
-54.18055   3.12526
-54.18473   3.12806
-54.19058   3.12944
-54.19665   3.13030
-54.19997   3.12669
-54.20250   3.12279
-54.20863   3.12193
-54.20834   3.12669
-54.20668   3.13225
-54.20668   3.13918
-54.20610   3.14525
-54.20335   3.14943
-54.20055   3.15362
-54.19780   3.15751
-54.19499   3.16164
-54.19252   3.16582
-54.19167   3.17195
-54.19167   3.17888
-54.19109   3.18502
-54.18972   3.19057
-54.18748   3.19527
-54.18473   3.19917
-54.18141   3.20278
-54.17803   3.20610
-54.17390   3.20891
-54.16915   3.21086
-54.16502   3.21361
-54.16084   3.21641
-54.15666   3.21974
-54.15419   3.22386
-54.15139   3.22804
-54.14915   3.23280
-54.14640   3.23693
-54.14445   3.24168
-54.14165   3.24581
-54.13890   3.24999
-54.13609   3.25417
-54.13363   3.25807
-54.13053   3.26225
-54.12807   3.26638
-54.12526   3.27056
-54.12194   3.27388
-54.11833   3.27720
-54.11501   3.28081
-54.11220   3.28500
-54.10807   3.28752
-54.10389   3.29027
-54.09970   3.29307
-54.09501   3.29502
-54.09444   3.29502
       NA        NA
-54.60276   2.32942
-54.60081   2.33360
-54.59807   2.33750
-54.59474   2.34111
-54.59113   2.34443
-54.58775   2.34775
-54.58363   2.35056
-54.57887   2.35279
-54.57389   2.35474
-54.56724   2.35474
-54.56111   2.35417
-54.55555   2.35279
-54.55085   2.35056
-54.54747   2.34724
-54.54335   2.34443
-54.53974   2.34111
-54.53556   2.33836
-54.53109   2.33612
-54.52387   2.33612
-54.52083   2.33836
-54.51665   2.34111
-54.51304   2.34443
-54.50972   2.34775
-54.50697   2.35193
-54.50416   2.35612
-54.50221   2.36082
-54.49917   2.36500
-54.49803   2.36918
-54.49665   2.37474
-54.49585   2.37944
-54.49470   2.38333
-54.49253   2.38832
-54.49109   2.39359
-54.48972   2.39915
-54.48886   2.40528
-54.48834   2.41169
-54.48777   2.41777
-54.48553   2.42252
-54.48445   2.42808
       NA        NA
-54.60276   2.32942
-54.59669   2.32999
-54.59056   2.32942
-54.58500   2.32804
-54.57973   2.32667
-54.57389   2.32529
-54.56942   2.32334
-54.56443   2.32111
-54.55916   2.31973
-54.55280   2.31916
-54.54667   2.31836
-54.54192   2.31641
-54.53831   2.31303
-54.53556   2.30891
-54.53361   2.30530
-54.53109   2.30140
-54.52696   2.29859
-54.52335   2.29498
-54.51917   2.29252
-54.51499   2.28971
-54.51499   2.28553
-54.51917   2.28278
-54.52473   2.28278
-54.53109   2.28364
-54.53722   2.28278
-54.54054   2.27946
-54.54249   2.27470
-54.54054   2.26972
-54.53779   2.26553
-54.53361   2.26307
-54.52891   2.26083
-54.52335   2.25946
-54.51860   2.25751
-54.51447   2.25470
-54.50972   2.25276
-54.50502   2.25058
-54.50140   2.24720
-54.49723   2.24445
-54.49528   2.24112
-54.49195   2.23780
-54.48886   2.23362
-54.48640   2.22944
-54.48359   2.22525
-54.48027   2.22193
-54.47694   2.21832
-54.47276   2.21557
-54.46864   2.21305
-54.46388   2.21081
-54.45889   2.20887
-54.45276   2.20835
-54.44669   2.20887
-54.44113   2.21030
-54.43586   2.21167
-54.42944   2.21225
-54.42251   2.21225
-54.41724   2.21081
-54.41581   2.20526
-54.41220   2.20193
-54.40836   2.19918
-54.40280   2.19775
-54.39639   2.19861
-54.39111   2.19999
-54.38556   2.20136
-54.38086   2.20331
-54.37610   2.20526
-54.37140   2.20749
-54.36585   2.20887
-54.36109   2.20669
-54.35696   2.20417
-54.35473   2.19918
-54.35192   2.19529
-54.34946   2.19111
-54.34636   2.18692
-54.34390   2.18280
-54.34167   2.17804
-54.33834   2.17472
-54.33553   2.17054
-54.33221   2.16721
-54.32803   2.16446
-54.32333   2.16223
-54.31777   2.16085
-54.31141   2.16028
-54.30557   2.15942
-54.29944   2.15891
-54.29359   2.15747
-54.28752   2.15696
-54.28225   2.15558
-54.27669   2.15415
-54.27114   2.15277
-54.26558   2.15054
-54.26025   2.14945
-54.25475   2.14808
-54.24919   2.14664
-54.24249   2.14664
-54.23750   2.14859
-54.23280   2.15054
-54.22805   2.15277
-54.22306   2.15472
-54.21693   2.15558
-54.21166   2.15696
-54.20668   2.15891
-54.20250   2.16166
-54.19860   2.16446
-54.19442   2.16721
-54.19058   2.16973
-54.18639   2.17248
-54.18055   2.17248
-54.17637   2.16973
-54.17305   2.16641
-54.17110   2.16166
-54.16835   2.15747
-54.16554   2.15335
-54.16359   2.14859
-54.16164   2.14389
-54.15860   2.13971
-54.15666   2.13501
-54.15419   2.13083
-54.15139   2.12665
-54.14778   2.12332
-54.14388   2.12057
-54.13803   2.11914
-54.13363   2.11725
-54.12864   2.11502
-54.12331   2.11358
-54.11695   2.11307
-54.11082   2.11221
-54.10475   2.11307
-54.09970   2.11502
-54.09638   2.11863
-54.09386   2.12252
-54.09111   2.12665
-54.08779   2.13003
-54.08418   2.13364
-54.07942   2.13553
-54.07862   2.14166
-54.07942   2.14808
-54.07942   2.15472
-54.07776   2.16028
-54.07581   2.16498
-54.07364   2.16973
-54.07169   2.17472
-54.06974   2.17942
-54.06693   2.18360
-54.06418   2.18778
-54.06137   2.19168
-54.05748   2.19443
-54.05249   2.19638
-54.04556   2.19638
-54.04109   2.19443
-54.03697   2.19168
-54.03193   2.18973
-54.02780   2.18692
-54.02390   2.18417
-54.01972   2.18137
-54.01307   2.18137
-54.00889   2.18417
-54.00528   2.18778
-54.00196   2.19111
-53.99863   2.19443
-53.99446   2.19724
-53.99027   2.19999
-53.98529   2.20193
-53.98001   2.20331
-53.97497   2.20526
-53.96970   2.20669
-53.96414   2.20835
-53.95945   2.21030
-53.95475   2.21225
-53.95057   2.21500
-53.94581   2.21695
-53.94083   2.21918
-53.93664   2.22193
-53.93251   2.22474
-53.93000   2.22863
-53.92834   2.23419
-53.92725   2.23975
-53.92725   2.24640
-53.92805   2.25276
-53.93000   2.25751
-53.93195   2.26221
-53.93418   2.26696
-53.93195   2.27195
-53.92725   2.27390
-53.92169   2.27527
-53.91642   2.27665
-53.91029   2.27722
-53.90445   2.27585
-53.90026   2.27332
-53.89694   2.26972
-53.89275   2.26696
-53.88668   2.26777
-53.88336   2.27109
-53.88055   2.27527
-53.87860   2.28003
-53.87722   2.28553
-53.87585   2.29109
-53.87390   2.29584
-53.87029   2.29917
-53.86697   2.30277
-53.86279   2.30530
-53.85861   2.30805
-53.85333   2.30942
-53.84692   2.31028
-53.84084   2.31085
-53.83471   2.31028
-53.82915   2.30891
-53.82222   2.30891
-53.81753   2.30942
-53.81414   2.31166
-53.81197   2.31641
-53.81082   2.32197
-53.81082   2.32724
-53.81139   2.33360
-53.81139   2.33887
-53.80944   2.34391
-53.80584   2.34724
-53.80251   2.35056
-53.79753   2.35279
-53.79696   2.35331
-53.79638   2.35417
-53.79335   2.35526
-53.78945   2.35669
-53.78527   2.35944
-53.78137   2.36225
-53.77639   2.36442
-53.77221   2.36695
-53.76693   2.36832
-53.76195   2.37056
-53.75668   2.37164
-53.75112   2.37308
-53.74499   2.37388
-53.74029   2.37164
-53.73720   2.36781
-53.73720   2.36082
-53.73388   2.35749
-53.73055   2.35417
-53.72585   2.35193
-53.72224   2.34861
-53.71943   2.34443
-53.72081   2.33887
-53.72362   2.33497
-53.72780   2.33222
-53.73192   2.32942
-53.73473   2.32529
-53.73720   2.32111
-53.73720   2.31555
-53.73388   2.31223
-53.72780   2.31166
-53.72081   2.31166
-53.71474   2.31085
-53.70803   2.31085
-53.70167   2.31028
-53.69554   2.30942
-53.69027   2.30805
-53.68529   2.30610
-53.68002   2.30472
-53.67497   2.30277
-53.66947   2.30140
-53.66472   2.29917
-53.66002   2.29722
-53.65498   2.29498
-53.65114   2.29252
-53.64804   2.28834
-53.64415   2.28553
-53.63945   2.28364
-53.63446   2.28140
-53.62919   2.28003
-53.62306   2.27946
-53.61665   2.27860
-53.61137   2.27722
-53.60530   2.27665
-53.59831   2.27665
-53.59138   2.27665
-53.58530   2.27585
-53.57917   2.27527
-53.57304   2.27470
-53.56749   2.27332
-53.56193   2.27195
-53.55637   2.27057
-53.55167   2.26834
-53.54835   2.26502
-53.54525   2.26083
-53.54279   2.25665
-53.53947   2.25333
-53.53529   2.25058
-53.52973   2.24915
-53.52308   2.24915
-53.51724   2.25058
-53.51111   2.25138
-53.50641   2.25333
-53.50114   2.25470
-53.49609   2.25665
-53.49002   2.25751
-53.48389   2.25808
-53.47747   2.25751
-53.47140   2.25665
-53.46469   2.25665
-53.45862   2.25751
-53.45501   2.26083
-53.45083   2.26358
-53.44751   2.26696
-53.44418   2.27057
-53.44057   2.27390
-53.43719   2.27722
-53.43307   2.28003
-53.42831   2.28221
-53.42361   2.28415
-53.41943   2.28696
-53.41388   2.28891
-53.40832   2.29028
-53.40276   2.29166
-53.39749   2.29303
-53.39251   2.29498
-53.38804   2.29722
-53.38391   2.30002
-53.37887   2.30197
-53.37474   2.30472
-53.36999   2.30667
-53.36581   2.30942
-53.36111   2.31166
-53.35641   2.31360
-53.35223   2.31641
-53.34890   2.31973
-53.34667   2.32472
-53.34558   2.32999
-53.34558   2.33692
-53.34472   2.34305
-53.34334   2.34861
-53.33973   2.35279
-53.33447   2.35417
-53.32833   2.35331
-53.32364   2.35136
-53.31945   2.34861
-53.31584   2.34500
-53.31332   2.34111
-53.31109   2.33612
-53.30833   2.33222
-53.30553   2.32804
-53.30307   2.32392
-53.29946   2.32054
-53.29613   2.31693
-53.29275   2.31360
-53.28971   2.30942
-53.28582   2.30667
-53.28164   2.30415
-53.28250   2.30415
-53.27751   2.30197
-53.27276   2.30002
-53.26720   2.29859
-53.26250   2.29641
-53.25832   2.29389
-53.25499   2.29028
-53.25304   2.28553
-53.25030   2.28140
-53.24749   2.27722
-53.24388   2.27390
-53.23998   2.27109
-53.23586   2.26834
-53.23082   2.26639
-53.22612   2.26444
-53.22194   2.26169
-53.21890   2.25808
-53.21666   2.25333
-53.21666   2.24777
-53.21999   2.24445
-53.22612   2.24387
-53.23276   2.24387
-53.23998   2.24387
-53.24388   2.24112
-53.24525   2.23557
-53.24611   2.22944
-53.24806   2.22474
-53.25138   2.22113
-53.25557   2.21832
-53.26055   2.21637
-53.26474   2.21362
-53.26915   2.21167
-53.27276   2.20835
-53.27499   2.20331
-53.27276   2.19861
-53.26863   2.19586
-53.26582   2.19305
-53.26474   2.19248
