-59.00027   1.33138
-58.99609   1.33081
-58.99196   1.32806
-58.98778   1.32525
-58.98222   1.32388
-58.97752   1.32193
-58.97277   1.31969
-58.96252   1.31637
-58.95753   1.31442
-58.95278   1.31225
-58.94808   1.31030
-58.94332   1.30835
-58.93863   1.30611
-58.93306   1.30474
-58.92831   1.30279
-58.92470   1.29918
-58.92138   1.29586
-58.91914   1.29110
-58.91639   1.28692
-58.91307   1.28360
-58.90975   1.27999
-58.90636   1.27666
-58.90275   1.27334
-58.90030   1.26916
-58.89668   1.26555
-58.89445   1.26085
-58.89250   1.25610
-58.89445   1.25140
-58.89863   1.24859
-58.90138   1.24446
-58.90361   1.23971
-58.90224   1.23415
-58.89943   1.23003
-58.89531   1.22722
-58.89193   1.22390
-58.88831   1.22057
-58.88419   1.21776
-58.88001   1.21501
-58.87668   1.21169
-58.87336   1.20808
-58.86918   1.20556
-58.86586   1.20195
-58.86110   1.20000
-58.85612   1.19777
-58.85136   1.19582
-58.84666   1.19387
-58.84110   1.19250
-58.83640   1.19026
-58.83085   1.18889
-58.82558   1.18751
-58.81944   1.18694
-58.81361   1.18556
-58.80696   1.18556
-58.80197   1.18751
-58.79665   1.18889
-58.79166   1.19112
-58.78747   1.19387
-58.78221   1.19530
-58.77722   1.19720
-58.77303   1.20000
-58.76863   1.20195
-58.76358   1.20419
-58.75888   1.20613
-58.75499   1.20888
-58.75000   1.21083
-58.74501   1.21307
-58.74112   1.21582
-58.73751   1.21914
-58.73362   1.22252
-58.73030   1.22584
-58.72611   1.22859
-58.72330   1.23278
-58.71970   1.23610
-58.71780   1.24108
-58.71586   1.24584
-58.71362   1.25054
-58.71167   1.25558
-58.70944   1.26028
-58.70835   1.26555
-58.70612   1.27053
-58.70417   1.27529
-58.70142   1.27947
-58.69804   1.28280
-58.69529   1.28692
-58.68972   1.28835
-58.68279   1.28835
-58.67753   1.28692
-58.67197   1.28555
-58.66583   1.28497
-58.65971   1.28417
-58.65335   1.28360
-58.64721   1.28280
-58.64028   1.28280
-58.63415   1.28222
-58.62750   1.28222
-58.62057   1.28222
-58.61502   1.28085
-58.60888   1.27999
-58.60332   1.27861
-58.59720   1.27804
-58.59113   1.27724
-58.58499   1.27666
-58.57863   1.27581
-58.57250   1.27529
-58.56637   1.27581
-58.56081   1.27724
-58.55697   1.27999
-58.55331   1.28360
-58.54970   1.28692
-58.54586   1.28973
-58.53944   1.29030
-58.53497   1.28835
-58.53279   1.28360
-58.53193   1.27724
-58.52999   1.27248
-58.52666   1.26916
-58.52168   1.26692
-58.51555   1.26778
-58.51028   1.26973
-58.50610   1.27248
-58.50277   1.27581
-58.50002   1.27999
-58.49779   1.28497
-58.49498   1.28887
-58.49303   1.29391
-58.48942   1.29723
-58.48610   1.30056
-58.48278   1.30417
-58.47916   1.30749
-58.47664   1.31167
-58.47390   1.31585
-58.47109   1.32055
-58.46971   1.32611
-58.46834   1.33138
-58.46777   1.33780
-58.46696   1.34387
-58.46696   1.35058
-58.46891   1.35556
-58.47057   1.36083
-58.47166   1.36639
-58.47390   1.37109
-58.47585   1.37613
-58.47722   1.38140
-58.47916   1.38639
-58.48083   1.39166
-58.48335   1.39584
-58.48552   1.40054
-58.48748   1.40558
-58.49028   1.40942
-58.49303   1.41360
-58.49446   1.41916
-58.49664   1.42391
-58.49859   1.42861
-58.50054   1.43360
-58.50197   1.43887
-58.50306   1.44443
-58.50386   1.45056
-58.50197   1.45554
-58.49859   1.45887
-58.49303   1.46030
-58.48833   1.46225
-58.48220   1.46305
-58.47585   1.46362
-58.46971   1.46442
-58.46364   1.46500
-58.45665   1.46500
-58.45057   1.46586
-58.44358   1.46586
-58.43831   1.46723
-58.43224   1.46780
-58.42640   1.46918
-58.42027   1.46969
-58.41442   1.47055
-58.40863   1.47193
-58.40250   1.47250
-58.39695   1.47388
-58.39168   1.47525
-58.38612   1.47668
-58.38194   1.47943
-58.37861   1.48276
-58.37638   1.48780
-58.37529   1.49307
-58.37609   1.49806
-58.37638   1.50419
-58.37804   1.51026
-58.37861   1.51639
-58.37999   1.52195
-58.38057   1.52808
-58.37918   1.53364
-58.37529   1.53639
-58.37111   1.53919
-58.36612   1.54108
-58.36085   1.54252
-58.35581   1.54446
-58.35111   1.54664
-58.34721   1.54945
-58.34389   1.55277
-58.34028   1.55610
-58.33747   1.56028
-58.33558   1.56498
-58.33277   1.56916
-58.33054   1.57392
-58.32945   1.57947
-58.32641   1.58360
-58.32447   1.58835
-58.32224   1.59305
-58.31943   1.59723
-58.31610   1.60056
-58.31192   1.60331
-58.30665   1.60474
-58.30138   1.60331
-58.30058   1.59998
-58.30390   1.59666
-58.30333   1.59053
-58.30058   1.58641
-58.29720   1.58280
-58.29307   1.58027
-58.28803   1.57804
-58.28333   1.57609
-58.27777   1.57472
-58.27307   1.57248
-58.26832   1.57053
-58.26276   1.56916
-58.25720   1.56778
-58.25251   1.56584
-58.24694   1.56446
-58.24139   1.56303
-58.23612   1.56165
-58.23056   1.56028
-58.22500   1.55890
-58.21945   1.55753
-58.21331   1.55696
-58.20861   1.55890
-58.20530   1.56223
-58.20197   1.56584
-58.19859   1.56916
-58.19446   1.57197
-58.18862   1.57334
-58.18249   1.57248
-58.17779   1.57053
-58.17303   1.56859
-58.16833   1.56641
-58.16416   1.56360
-58.15946   1.56165
-58.15585   1.55833
-58.15195   1.55558
-58.14834   1.55197
-58.14610   1.54722
-58.14553   1.54108
-58.14502   1.53501
-58.14359   1.52945
-58.14084   1.52527
-58.13751   1.52195
-58.13253   1.51971
-58.12777   1.51777
-58.12164   1.51725
-58.11470   1.51725
-58.10863   1.51777
-58.10251   1.51834
-58.09608   1.51914
-58.08944   1.51914
-58.08251   1.51914
-58.07637   1.51834
-58.07030   1.51777
-58.06389   1.51725
-58.05775   1.51639
-58.05111   1.51639
-58.04498   1.51582
-58.03862   1.51502
-58.03249   1.51444
-58.02642   1.51358
-58.02029   1.51307
-58.01387   1.51221
-58.00860   1.51358
-58.00447   1.51639
-58.00167   1.52057
-58.00029   1.52613
-58.00029   1.53278
-58.00029   1.53833
-57.99834   1.54303
-57.99553   1.54722
-57.99278   1.55140
-57.98997   1.55558
-57.98723   1.55971
-57.98528   1.56446
-57.98390   1.57002
-57.98195   1.57472
-57.98058   1.58027
-57.97972   1.58641
-57.97863   1.59168
-57.97639   1.59666
-57.97445   1.60142
-57.97279   1.60692
-57.97221   1.61305
-57.97221   1.61998
-57.97359   1.62525
-57.97474   1.63081
-57.97697   1.63557
-57.97892   1.64055
-57.98058   1.64582
-57.98195   1.65138
-57.98058   1.65694
-57.97697   1.66026
-57.97084   1.66083
-57.96528   1.65974
-57.96110   1.65694
-57.95669   1.65470
-57.95164   1.65275
-57.94666   1.65081
-57.94225   1.64863
-57.93720   1.64668
-57.93251   1.64445
-57.92695   1.64307
-57.92168   1.64164
-57.91526   1.64250
-57.91114   1.64531
-57.90638   1.64720
-57.90220   1.65000
-57.89807   1.65275
-57.89360   1.65470
-57.88942   1.65751
-57.88444   1.65974
-57.88111   1.66307
-57.87613   1.66502
-57.87195   1.66777
-57.86805   1.67057
-57.86387   1.67332
-57.85917   1.67527
-57.85447   1.67751
-57.84892   1.67888
-57.84358   1.68026
-57.83722   1.68083
-57.83110   1.68140
-57.82502   1.68220
-57.81947   1.68364
-57.81390   1.68501
-57.80915   1.68696
-57.80502   1.68971
-57.80141   1.69303
-57.79752   1.69584
-57.79391   1.69945
-57.79001   1.70197
-57.78583   1.70472
-57.78165   1.70747
-57.77752   1.71028
-57.77334   1.71303
-57.76887   1.71498
-57.76389   1.71721
-57.75833   1.71859
-57.75363   1.72054
-57.74693   1.72054
-57.74086   1.72002
-57.73444   1.71916
-57.72831   1.71859
-57.72280   1.71721
-57.71667   1.71641
-57.71191   1.71446
-57.70642   1.71303
-57.70086   1.71165
-57.69530   1.71028
-57.69055   1.70833
-57.68499   1.70696
-57.67972   1.70472
-57.67416   1.70335
-57.66861   1.70197
-57.66391   1.70002
-57.65835   1.69859
-57.65359   1.69664
-57.64803   1.69527
-57.64247   1.69389
-57.63640   1.69303
-57.63028   1.69252
-57.62392   1.69303
-57.61858   1.69447
-57.61389   1.69664
-57.60833   1.69807
-57.60277   1.69945
-57.59664   1.70002
-57.58971   1.70002
-57.58306   1.70002
-57.57750   1.69859
-57.57137   1.69807
-57.56444   1.69807
-57.55917   1.69945
-57.55419   1.70140
-57.55000   1.70415
-57.54582   1.70610
-57.54141   1.70833
-57.53723   1.71085
-57.53224   1.71303
-57.52805   1.71584
-57.52473   1.71916
-57.52112   1.72248
-57.51723   1.72529
-57.51361   1.72890
-57.51109   1.73280
-57.50749   1.73641
-57.50554   1.74110
-57.50307   1.74529
-57.50084   1.74998
-57.49890   1.75474
-57.49665   1.75973
-57.49528   1.76500
-57.49391   1.77055
-57.49247   1.77611
-57.49110   1.78138
-57.48915   1.78637
-57.48640   1.79055
-57.48279   1.79387
-57.47890   1.79668
-57.47414   1.79863
-57.46864   1.80000
-57.46309   1.80138
-57.45832   1.80333
-57.45414   1.80613
-57.45139   1.81026
-57.44859   1.81444
-57.44664   1.81777
-57.44527   1.82332
-57.44389   1.82888
-57.44194   1.83364
-57.43970   1.83834
-57.43776   1.84303
-57.43501   1.84722
-57.43277   1.85197
-57.43082   1.85696
-57.42859   1.86165
-57.42831   1.86778
-57.42831   1.87472
-57.42750   1.88085
-57.42831   1.88692
-57.42750   1.89305
-57.42750   1.89999
-57.42613   1.90554
-57.42332   1.90973
-57.42000   1.91305
-57.41581   1.91586
-57.41025   1.91723
-57.40470   1.91861
-57.39943   1.91970
-57.39387   1.92113
-57.38831   1.92250
-57.38276   1.92388
-57.37806   1.92611
-57.37336   1.92806
-57.36832   1.93001
-57.36499   1.93362
-57.36224   1.93780
-57.35972   1.94164
-57.35777   1.94668
-57.35474   1.95058
-57.35279   1.95556
-57.34946   1.95889
-57.34586   1.96221
-57.34248   1.96582
-57.33915   1.96914
-57.33416   1.97109
-57.32970   1.97332
-57.32471   1.97527
-57.31916   1.97665
-57.31360   1.97808
-57.30833   1.98003
-57.30276   1.98140
-57.29664   1.98220
-57.29057   1.98278
-57.28415   1.98220
-57.27888   1.98083
-57.27389   1.97888
-57.26971   1.97613
-57.26667   1.97252
-57.26306   1.96914
-57.25945   1.96582
-57.25613   1.96221
-57.25275   1.95889
-57.24914   1.95556
-57.24582   1.95195
-57.24169   1.94943
-57.23694   1.94720
-57.23138   1.94863
-57.22720   1.95138
-57.22387   1.95470
-57.22055   1.95831
-57.21666   1.96083
-57.21276   1.96444
-57.20886   1.96725
-57.20416   1.96914
-57.19918   1.97109
-57.19500   1.97390
-57.19053   1.97613
-57.18640   1.97888
-57.18222   1.98140
-57.17804   1.98415
-57.17443   1.98776
-57.17053   1.99028
-57.16692   1.99389
-57.16308   1.99664
-57.15833   1.99859
-57.15334   2.00054
-57.14807   2.00277
-57.14223   2.00415
-57.13696   2.00558
-57.13140   2.00696
-57.12664   2.00890
-57.12108   2.01028
-57.11639   2.01223
-57.11221   2.01498
-57.10888   2.01859
-57.10556   2.02197
-57.10057   2.02392
-57.09530   2.02392
-57.08917   2.02334
-57.08361   2.02197
-57.07863   2.01973
-57.07445   2.01721
-57.07055   2.01446
-57.06723   2.01085
-57.06419   2.00696
-57.06305   2.00140
-57.06224   1.99664
-57.06138   1.99028
-57.06081   1.98415
-57.05943   1.97888
-57.05806   1.97332
-57.05697   1.96777
-57.05554   1.96221
-57.05474   1.95614
-57.05279   1.95275
-57.04861   1.95000
-57.04528   1.94668
-57.04110   1.94387
-57.03612   1.94164
-57.03222   1.93918
-57.02803   1.93637
-57.02305   1.93419
-57.01916   1.93138
-57.01497   1.92886
-57.01114   1.92611
-57.00609   1.92388
-57.00111   1.92193
-56.99664   1.91970
-56.99085   1.91861
-56.98500   1.91780
-56.97916   1.91637
-56.97303   1.91586
-56.96639   1.91586
-56.96026   1.91500
-56.95332   1.91500
-56.94667   1.91500
-56.94083   1.91637
-56.93636   1.91861
-56.93224   1.92113
-56.92720   1.92330
-56.92250   1.92525
-56.91694   1.92669
-56.91138   1.92806
-56.90525   1.92886
-56.90113   1.92611
-56.89832   1.92193
-56.89637   1.91723
-56.89419   1.91225
-56.89305   1.90692
-56.89030   1.90279
-56.88749   1.89861
-56.88417   1.89529
-56.87947   1.89305
-56.87391   1.89168
-56.86778   1.89110
-56.86165   1.89030
-56.85472   1.89030
-56.84778   1.89030
-56.84166   1.88973
-56.83558   1.88916
-56.83054   1.88692
-56.82584   1.88497
-56.82108   1.88280
-56.81610   1.88085
-56.81140   1.87890
-56.80584   1.87753
-56.79971   1.87667
-56.79444   1.87529
-56.78888   1.87392
-56.78333   1.87248
-56.77668   1.87248
-56.77169   1.87334
-56.76694   1.87529
-56.76419   1.87804
-56.76081   1.88136
-56.75806   1.88555
-56.75583   1.89030
-56.75307   1.89443
-56.75113   1.89947
-56.74780   1.90279
-56.74500   1.90692
-56.74139   1.91030
-56.73749   1.91305
-56.73331   1.91586
-56.72918   1.91861
-56.72443   1.92055
-56.71835   1.92113
-56.71136   1.92113
-56.70581   1.91970
-56.70053   1.91861
-56.69555   1.91637
-56.69028   1.91500
-56.68443   1.91362
-56.67779   1.91362
-56.67086   1.91362
-56.66473   1.91442
-56.66054   1.91723
-56.65641   1.91970
-56.65303   1.92330
-56.64971   1.92669
-56.64696   1.93081
-56.64364   1.93419
-56.63997   1.93780
-56.63470   1.93918
-56.62834   1.93975
-56.62164   1.93975
-56.61614   1.93832
-56.61058   1.93694
-56.60582   1.93499
-56.60027   1.93362
-56.59499   1.93224
-56.59081   1.92944
-56.58669   1.92669
-56.58165   1.92474
-56.57832   1.92113
-56.57414   1.91861
-56.57110   1.91500
-56.56692   1.91225
-56.56360   1.90835
-56.55999   1.90474
-56.55443   1.90331
-56.54973   1.90554
-56.54612   1.90887
-56.54222   1.91167
-56.53804   1.91442
-56.53334   1.91637
-56.52916   1.91918
-56.52555   1.92250
-56.52223   1.92474
-56.51805   1.92749
-56.51530   1.92886
-56.51083   1.93081
-56.50584   1.93276
-56.50029   1.93419
-56.49501   1.93557
-56.48917   1.93694
-56.48470   1.93918
-56.47971   1.94112
-56.47502   1.94307
-56.47026   1.94445
       NA        NA
-56.47026   1.94445
-56.47221   1.95000
-56.47359   1.95556
-56.47639   1.95946
-56.47834   1.96444
-56.48109   1.96863
-56.48528   1.97109
-56.48917   1.97390
-56.49501   1.97527
-56.50029   1.97665
-56.50665   1.97751
-56.51111   1.97945
-56.51530   1.98220
-56.51942   1.98501
-56.52223   1.98919
-56.52555   1.99252
-56.52779   1.99722
-56.53139   2.00054
-56.53392   2.00472
-56.53724   2.00833
-56.54136   2.01085
-56.54555   2.01360
-56.54916   2.01721
-56.55363   2.01916
-56.55775   2.02197
-56.56279   2.02392
-56.56807   2.02529
-56.57362   2.02667
-56.57970   2.02753
-56.58583   2.02804
-56.59276   2.02804
-56.59975   2.02804
-56.60668   2.02804
-56.61361   2.02804
-56.61889   2.02804
-56.62582   2.02804
-56.63252   2.02804
-56.63946   2.02804
-56.64610   2.02804
-56.65109   2.02753
-56.65808   2.02753
-56.66415   2.02667
-56.67028   2.02609
-56.67693   2.02609
-56.68415   2.02609
-56.69085   2.02609
-56.69165   2.02667
       NA        NA
-56.69165   2.02667
-56.69641   2.03583
-56.70111   2.04363
-56.70638   2.05165
-56.71136   2.06053
-56.71669   2.06861
-56.71887   2.07359
-56.72414   2.08196
-56.73056   2.08918
-56.73697   2.09697
-56.74305   2.10419
-56.74969   2.11112
-56.75668   2.11834
-56.76304   2.12527
-56.76889   2.13364
-56.77531   2.14086
-56.78086   2.14859
-56.78613   2.15667
-56.79169   2.16498
-56.79725   2.17363
-56.80275   2.18137
-56.81083   2.19277
-56.81220   2.19970
-56.81335   2.20554
-56.81220   2.21196
-56.81083   2.21889
-56.80945   2.22525
-56.80751   2.23224
-56.80498   2.23803
-56.80390   2.24445
-56.80693   2.25081
-56.81277   2.25499
-56.81942   2.25808
-56.82693   2.26141
-56.83334   2.26668
-56.83999   2.27275
-56.84778   2.27779
-56.85414   2.28278
-56.86113   2.28696
-56.86806   2.28862
-56.87391   2.29137
-56.87889   2.29750
-56.87889   2.30386
-56.87775   2.30971
-56.87609   2.31612
-56.87391   2.32334
-56.87248   2.32970
-56.87110   2.33612
-56.87082   2.34248
-56.87168   2.34833
-56.87586   2.35474
-56.88359   2.36139
-56.89030   2.36500
-56.89723   2.36781
-56.90416   2.37084
-56.91081   2.37583
-56.91722   2.37915
-56.92387   2.38557
-56.92834   2.39193
-56.92915   2.39720
-56.92502   2.40362
-56.92387   2.40975
-56.92554   2.41611
-56.92141   2.42138
-56.91780   2.42808
-56.92278   2.43444
-56.92971   2.43891
-56.93636   2.44418
-56.94169   2.45083
-56.94530   2.45747
-56.94444   2.46303
-56.94335   2.46945
-56.94335   2.47581
-56.94530   2.48280
-56.95109   2.48807
-56.95693   2.49168
-56.96387   2.49638
-56.97000   2.49999
-56.97584   2.50360
-56.98168   2.50640
-56.98500   2.51225
-56.98500   2.51918
-56.98415   2.52554
-56.98277   2.53138
-56.98363   2.53780
-56.98581   2.54388
-56.99085   2.55029
-56.99887   2.55585
-57.00500   2.56169
-57.01136   2.56805
-57.01778   2.57304
-57.02362   2.57888
-57.02781   2.58668
-57.03084   2.59303
-57.03331   2.59945
-57.03331   2.60581
-57.03027   2.61223
-57.02557   2.61859
-57.02305   2.62472
-57.02529   2.63137
-57.03113   2.63555
-57.03886   2.63417
-57.04499   2.63389
-57.05084   2.63389
-57.05720   2.63750
-57.06167   2.64472
-57.06138   2.65113
-57.06081   2.65778
-57.05943   2.66443
-57.06081   2.67113
-57.06305   2.67749
-57.06614   2.68391
-57.06946   2.68998
-57.07582   2.69749
-57.08167   2.70442
-57.08751   2.70998
-57.09335   2.71582
-57.09502   2.72333
-57.09415   2.72917
-57.09335   2.73553
-57.09502   2.74195
-57.09863   2.74917
-57.10556   2.75472
-57.11198   2.75696
-57.11942   2.75776
-57.12527   2.75919
-57.13111   2.76527
-57.13363   2.77168
-57.13197   2.77804
-57.13002   2.78526
-57.12750   2.79168
-57.13363   2.79666
-57.14085   2.79609
-57.14721   2.79443
-57.15414   2.79529
-57.16137   2.79666
-57.16835   2.79861
-57.17001   2.80446
-57.17363   2.81082
-57.18084   2.81305
-57.18778   2.81276
-57.19442   2.81443
-57.20193   2.82084
-57.20445   2.82720
-57.20193   2.83305
-57.19970   2.83946
-57.19970   2.84640
-57.20084   2.85276
-57.20336   2.85975
-57.20697   2.86611
-57.21167   2.87252
-57.21390   2.87888
-57.21109   2.88530
-57.20473   2.89029
-57.19832   2.89418
-57.19139   2.89808
-57.18446   2.90111
-57.17999   2.90805
-57.17918   2.91389
-57.18612   2.92501
-57.19276   2.92581
-57.19970   2.92386
-57.20502   2.92168
-57.21167   2.92804
-57.21167   2.93389
-57.20972   2.94002
-57.21029   2.94638
-57.21253   2.95280
-57.21556   2.96001
-57.21556   2.96637
-57.21528   2.97193
-57.21471   2.97915
-57.21556   2.98608
-57.21276   2.99250
-57.20668   2.99972
-57.20445   3.00556
-57.20502   3.01250
-57.20806   3.01834
-57.21029   3.02470
-57.21058   3.03530
-57.21390   3.04447
-57.21666   3.05220
-57.21860   3.05805
-57.22084   3.06446
-57.22668   3.07082
-57.23304   3.07558
-57.23946   3.07999
-57.24582   3.08446
-57.25166   3.09053
-57.25470   3.09638
-57.25527   3.10331
-57.25304   3.10973
-57.24862   3.11609
-57.24444   3.12193
-57.24221   3.12972
-57.24169   3.13752
-57.24862   3.13666
-57.25527   3.13471
-57.26221   3.13247
-57.26914   3.13247
-57.27584   3.13247
-57.28249   3.13752
-57.28558   3.14336
-57.28415   3.14915
-57.27945   3.15665
-57.27945   3.16307
-57.28334   3.16863
-57.28942   3.17390
-57.29057   3.18141
-57.28942   3.18862
-57.28891   3.19665
-57.28776   3.20415
-57.28610   3.21086
-57.28415   3.21916
-57.28334   3.22558
-57.28278   3.23223
-57.28334   3.24002
-57.28529   3.24638
-57.28833   3.25280
-57.29303   3.26391
-57.29303   3.27056
-57.29057   3.27669
-57.28776   3.28333
-57.28696   3.29027
-57.28833   3.29720
-57.28891   3.30362
-57.28558   3.30998
-57.28197   3.31639
-57.28140   3.32390
-57.28363   3.33026
-57.28942   3.33777
-57.29332   3.34447
-57.29612   3.35140
-57.29750   3.35776
-57.29887   3.36418
-57.29945   3.37083
-57.30140   3.37747
-57.30695   3.38280
-57.31388   3.37919
-57.31944   3.37220
-57.32609   3.36555
-57.33193   3.36137
-57.33807   3.35862
-57.34391   3.35581
-57.35027   3.35501
-57.35720   3.35501
-57.36362   3.35696
-57.37141   3.35919
-57.37914   3.36194
-57.38499   3.36555
-57.39192   3.37083
-57.39806   3.37558
-57.40390   3.37862
-57.41054   3.38251
-57.41668   3.37862
-57.41943   3.37220
-57.42166   3.36641
-57.42361   3.35919
-57.42527   3.35278
-57.42945   3.34722
-57.43581   3.34275
-57.44251   3.34000
-57.44859   3.33777
-57.45529   3.33444
-57.46360   3.33026
-57.46916   3.32751
-57.47500   3.32499
-57.48084   3.32390
-57.48778   3.32808
-57.49139   3.33444
-57.49305   3.34086
-57.49665   3.34779
-57.50336   3.35140
-57.51030   3.35140
-57.51723   3.34917
-57.52445   3.34722
-57.53081   3.34584
-57.53751   3.34584
-57.54445   3.34693
-57.55138   3.34584
-57.55860   3.34418
-57.56415   3.34418
-57.57108   3.34722
-57.57779   3.35083
-57.58472   3.35473
-57.59056   3.35696
-57.59945   3.35919
-57.60609   3.36057
-57.61193   3.36057
-57.61807   3.35942
-57.62500   3.35776
-57.63085   3.35696
-57.63692   3.35581
-57.64225   3.35581
       NA        NA
-57.64225   3.35581
-57.65388   3.36722
-57.66029   3.37501
-57.66196   3.37971
-57.66442   3.38475
-57.66614   3.38916
-57.66694   3.39558
-57.66557   3.40113
-57.66029   3.40916
-57.65777   3.41391
-57.65331   3.42308
-57.65084   3.42749
-57.64918   3.43248
-57.64695   3.43723
-57.64139   3.44525
-57.63973   3.45029
-57.63721   3.45499
-57.63692   3.46112
-57.63807   3.46668
-57.64001   3.47138
-57.64225   3.47636
-57.64414   3.48083
-57.64637   3.48582
-57.64803   3.49057
-57.65026   3.49556
-57.65193   3.50083
-57.65222   3.50696
-57.65331   3.51332
-57.65445   3.51859
-57.65640   3.52335
-57.66196   3.53137
-57.66861   3.53836
-57.67387   3.54054
-57.67834   3.54248
-57.68333   3.54472
-57.68808   3.54667
-57.69307   3.54890
-57.69748   3.55056
-57.70252   3.55308
-57.70997   3.55887
-57.71473   3.56804
-57.71639   3.57331
-57.71776   3.57944
-57.71891   3.58471
-57.72086   3.58998
-57.72303   3.59445
-57.72887   3.60247
-57.73472   3.61026
-57.74252   3.61502
-57.74693   3.61720
-57.75501   3.62276
-57.76056   3.62419
-57.76973   3.62860
-57.77443   3.63083
-57.77919   3.63278
-57.78389   3.63502
-57.78915   3.63696
-57.79334   3.63914
-57.80279   3.64361
-57.80721   3.64584
-57.81224   3.64779
-57.82113   3.65278
-57.82863   3.65862
-57.83585   3.66498
-57.84112   3.67363
-57.84278   3.67890
-57.84415   3.68418
-57.84554   3.68973
-57.84639   3.69558
-57.84639   3.70251
-57.84696   3.70887
-57.84696   3.71586
-57.84696   3.72251
-57.84777   3.72835
-57.84834   3.73471
-57.84914   3.74084
-57.85057   3.74611
-57.85252   3.75110
-57.85389   3.75666
-57.85614   3.76141
-57.85780   3.76640
-57.85946   3.77167
-57.86169   3.77636
-57.86610   3.78553
-57.86748   3.79086
-57.87000   3.79556
-57.87418   3.80444
-57.87665   3.80920
-57.88191   3.81722
-57.88776   3.82558
-57.89360   3.83332
-57.90002   3.84054
-57.90609   3.84833
-57.91222   3.85555
-57.91779   3.86391
-57.91973   3.86890
-57.92196   3.87331
-57.92752   3.88167
-57.92918   3.88666
-57.93474   3.89474
-57.94110   3.90224
-57.94695   3.90975
-57.95388   3.91668
-57.96167   3.92253
-57.96889   3.92917
-57.97697   3.93502
-57.98499   3.94029
-57.99221   3.94665
-58.00057   3.95221
-58.00888   3.95776
-58.01639   3.96361
-58.02252   3.97140
-58.02779   3.97942
-58.03415   3.98693
-58.04028   3.99472
-58.04526   4.00331
-58.04722   4.00836
-58.04778   4.01414
-58.04836   4.02056
-58.04945   4.02669
-58.04974   4.03276
-58.04974   4.03970
-58.04974   4.04669
-58.04974   4.05333
-58.04945   4.05946
-58.04836   4.06582
-58.04836   4.07253
-58.04945   4.07860
-58.05082   4.08387
-58.05197   4.08943
-58.05334   4.09499
-58.05529   4.09997
-58.05667   4.10530
-58.05890   4.11000
-58.06085   4.11498
-58.06308   4.11945
-58.06498   4.12444
-58.06612   4.12999
-58.06749   4.13555
-58.06916   4.14082
-58.06973   4.14695
-58.07140   4.15223
-58.07140   4.15916
-58.06973   4.16443
-58.06749   4.16970
-58.06555   4.17417
-58.06028   4.18110
-58.05804   4.18609
-58.05197   4.19331
-58.04722   4.20247
-58.04108   4.20975
-58.03415   4.21668
-58.02527   4.22167
-58.01696   4.22694
-58.00946   4.23307
-58.00275   4.23972
-57.99719   4.24808
-57.99083   4.25582
-57.98419   4.26252
-57.97697   4.26831
-57.97164   4.27140
-57.96694   4.27363
-57.95915   4.27942
-57.95388   4.28779
-57.95250   4.29306
-57.95193   4.29942
-57.95113   4.30526
-57.95055   4.31168
-57.94918   4.31724
-57.94918   4.32279
-57.94918   4.32944
-57.94861   4.33557
-57.94861   4.34222
-57.94861   4.34915
-57.94970   4.35471
-57.95193   4.35975
-57.95388   4.36416
-57.95612   4.36915
-57.95749   4.37470
-57.95915   4.37917
-57.96030   4.38553
-57.96058   4.39138
-57.96030   4.39779
-57.95886   4.40335
-57.95336   4.41137
-57.94695   4.41888
-57.94139   4.42696
-57.93474   4.43389
-57.92775   4.44054
-57.92249   4.44890
-57.92053   4.45389
-57.91836   4.45836
-57.91692   4.46334
-57.91555   4.46890
-57.91417   4.47446
-57.91222   4.47887
-57.91085   4.48443
-57.90862   4.48947
-57.90667   4.49388
-57.90443   4.49886
-57.90277   4.50362
-57.89779   4.51279
-57.89584   4.51720
-57.89447   4.52276
-57.89223   4.52780
-57.89085   4.53307
-57.88942   4.53863
-57.88776   4.54304
-57.88610   4.54860
-57.88415   4.55364
-57.88248   4.55914
-57.88083   4.56361
-57.87831   4.56859
-57.87722   4.57415
-57.87527   4.57862
-57.87303   4.58361
-57.86833   4.59220
-57.86473   4.59862
-57.85946   4.60692
-57.85389   4.61500
-57.85195   4.61970
-57.84696   4.62887
-57.84530   4.63334
-57.84387   4.63890
-57.84170   4.64388
-57.83997   4.64915
-57.83860   4.65471
-57.83831   4.66055
-57.83860   4.66697
-57.83997   4.67253
-57.84221   4.67694
-57.84415   4.68192
-57.85057   4.68943
-57.85636   4.69694
-57.86192   4.70530
-57.86748   4.71332
-57.87000   4.71808
-57.87389   4.72747
-57.87527   4.73303
-57.87584   4.73945
-57.87722   4.74501
-57.87831   4.75028
-57.88083   4.75498
-57.88248   4.76002
-57.88473   4.76443
-57.89085   4.77222
-57.89584   4.77388
-57.90025   4.77612
-57.90609   4.77749
-57.91222   4.77807
-57.91779   4.77944
-57.92334   4.78775
-57.92443   4.79308
-57.92609   4.79864
-57.92638   4.80500
-57.92609   4.81084
-57.92443   4.81640
-57.92334   4.82196
-57.92053   4.82665
-57.91836   4.83141
-57.91280   4.83943
-57.90724   4.84780
-57.90140   4.85553
-57.89498   4.86275
-57.88805   4.86945
-57.88191   4.87725
-57.87527   4.88418
-57.86891   4.89140
-57.86415   4.89638
-57.85888   4.90475
-57.85333   4.91277
-57.84696   4.91999
-57.84112   4.92778
-57.83195   4.93110
-57.82640   4.93110
-57.82113   4.92973
-57.81556   4.92835
-57.81081   4.92641
-57.80582   4.92417
-57.80027   4.92280
-57.79500   4.92136
-57.78915   4.92113
-57.78193   4.92113
-57.77666   4.92113
-57.77139   4.92280
-57.76720   4.92526
-57.75890   4.93053
-57.75334   4.93890
-57.75363   4.94474
-57.75609   4.94973
-57.75501   4.95557
-57.74973   4.96388
-57.74280   4.96915
-57.73472   4.97471
-57.72721   4.98112
-57.71942   4.98697
-57.71220   4.99333
-57.70419   4.99888
-57.69639   5.00473
-57.68808   5.01029
-57.68253   5.01166
-57.67640   5.01252
-57.67027   5.01166
-57.66557   5.00971
-57.66029   5.00834
-57.65503   5.00610
-57.64969   5.00473
-57.64414   5.00335
-57.63973   5.00169
-57.63417   5.00026
-57.62918   4.99808
-57.62443   4.99613
-57.61389   4.99253
-57.60804   4.99195
-57.60168   4.99253
-57.59584   4.99333
-57.59028   4.99470
-57.58530   4.99665
-57.58054   4.99888
-57.57527   5.00026
-57.56582   5.00473
-57.56054   5.00610
-57.55499   5.00748
-57.54943   5.00891
-57.54387   5.01029
-57.53860   5.01166
-57.53275   5.01252
-57.52639   5.01166
-57.52164   5.00971
-57.51334   5.00444
-57.50554   4.99808
-57.49694   4.99333
-57.49139   4.99195
-57.48669   4.98972
-57.48056   4.98914
-57.47363   4.98914
-57.46887   4.99109
-57.46309   4.99253
-57.45861   4.99470
-57.45306   4.99613
-57.44664   4.99665
-57.44223   4.99470
-57.43667   4.99333
-57.43169   4.99109
-57.42641   4.98972
-57.42028   4.98914
-57.41387   4.98972
-57.40945   4.99195
-57.40166   4.99808
-57.39336   5.00335
-57.38803   5.00473
-57.38224   5.00610
-57.37553   5.00610
-57.36998   5.00748
-57.36442   5.00891
-57.35915   5.01029
-57.35359   5.01166
-57.34889   5.01390
-57.34196   5.02083
-57.33308   5.02530
-57.32723   5.02610
-57.32082   5.02530
-57.31612   5.02335
-57.30695   5.01831
-57.30140   5.01693
-57.29555   5.01665
-57.28891   5.01665
-57.28472   5.02610
-57.28529   5.03194
-57.29137   5.03974
-57.29887   5.04581
-57.30363   5.04804
-57.30833   5.04971
-57.31360   5.05194
-57.32082   5.05807
-57.32197   5.06363
-57.32305   5.06970
-57.32197   5.07583
-57.32082   5.08225
-57.31944   5.08752
-57.31749   5.09222
-57.31194   5.10030
-57.30667   5.10861
-57.30140   5.11777
-57.29945   5.12224
-57.29836   5.12780
-57.29750   5.13387
-57.29693   5.14000
-57.29693   5.14665
-57.29693   5.15358
-57.29693   5.16029
-57.29475   5.16527
-57.28776   5.17220
-57.28334   5.17415
-57.27831   5.17639
-57.27223   5.17667
-57.26582   5.17776
-57.26003   5.17667
-57.25470   5.17530
-57.24639   5.17003
-57.24083   5.16166
-57.23860   5.15725
-57.23694   5.15169
-57.23585   5.14636
-57.22892   5.14081
-57.22279   5.14138
-57.21471   5.14665
-57.20806   5.15358
-57.20279   5.15582
-57.19832   5.15777
-57.19053   5.16418
-57.18864   5.16859
-57.18778   5.17501
-57.18864   5.18086
-57.19030   5.18641
-57.19196   5.19140
-57.19419   5.19581
-57.19609   5.20085
-57.19832   5.20555
-57.20027   5.21054
-57.20250   5.21500
-57.20806   5.22331
-57.21253   5.23225
-57.21889   5.23947
-57.22473   5.24720
-57.22863   5.25196
-57.23442   5.25947
-57.24221   5.26554
-57.24696   5.26777
-57.25224   5.26915
-57.25859   5.26972
-57.26306   5.26777
-57.26942   5.25998
-57.26942   5.25442
-57.26805   5.24915
-57.26169   5.24193
-57.25642   5.23363
-57.25499   5.22807
-57.25642   5.22280
-57.26112   5.22056
-57.26805   5.22056
-57.27361   5.22165
-57.27916   5.22331
-57.28638   5.22944
-57.29057   5.23918
-57.29137   5.24503
-57.29137   5.25053
-57.29137   5.25723
-57.29137   5.26416
-57.29057   5.27058
-57.28999   5.27637
-57.28942   5.28279
-57.28776   5.28834
-57.28638   5.29361
-57.28610   5.29974
-57.28529   5.30611
-57.28724   5.31057
-57.29194   5.31275
-57.29836   5.31195
-57.30363   5.31057
-57.30941   5.30914
-57.31388   5.30725
-57.31887   5.30502
-57.32442   5.30358
-57.33027   5.30473
-57.33554   5.31332
-57.33388   5.31860
-57.33165   5.32364
-57.32970   5.32834
-57.32442   5.33641
-57.31778   5.34415
-57.31194   5.35137
-57.30415   5.35779
-57.29945   5.35973
-57.29137   5.36500
-57.28638   5.36753
-57.27831   5.37280
-57.27223   5.38030
-57.27000   5.38500
-57.26862   5.39056
-57.26725   5.39612
-57.26582   5.40139
-57.26530   5.40752
-57.26415   5.41279
-57.26306   5.41915
-57.26169   5.42471
-57.26112   5.43055
-57.26054   5.43697
-57.25917   5.44253
-57.26003   5.44831
-57.26003   5.45530
-57.25917   5.46138
-57.25751   5.46693
-57.25304   5.47553
-57.25029   5.48332
-57.24891   5.48613
       NA        NA
-57.24891   5.48613
-57.24914   5.48888
-57.24725   5.49220
-57.24387   5.49558
-57.24169   5.50057
-57.23975   5.50526
-57.23694   5.50945
-57.23499   5.51277
-57.23275   5.51753
-57.23029   5.52165
-57.22697   5.52497
-57.22387   5.52916
-57.22055   5.53248
-57.21780   5.53666
-57.21499   5.54056
-57.21167   5.54417
-57.20886   5.54835
-57.20611   5.55225
-57.20336   5.55637
-57.20055   5.56056
-57.19803   5.56445
-57.19586   5.56944
-57.19305   5.57333
-57.19110   5.57832
-57.18887   5.58307
-57.18692   5.58777
-57.18474   5.59253
-57.18359   5.59803
-57.18222   5.60336
-57.18084   5.60891
-57.18027   5.61499
-57.17861   5.62054
-57.17723   5.62610
-57.17609   5.63137
-57.17529   5.63750
-57.17443   5.64363
-57.17443   5.65057
-57.17414   5.65664
-57.17414   5.66334
-57.17334   5.66970
-57.17334   5.67641
-57.17334   5.68334
-57.17248   5.68947
-57.17248   5.69612
-57.17334   5.70248
-57.17443   5.70781
-57.17666   5.71250
-57.17723   5.71863
-57.17947   5.72333
-57.18084   5.72889
-57.18222   5.73445
-57.18359   5.73972
-57.18446   5.74585
-57.18474   5.75221
-57.18474   5.75891
-57.18446   5.76499
-57.18279   5.77054
-57.18142   5.77582
-57.18027   5.78137
-57.17861   5.78693
-57.17666   5.79169
-57.17443   5.79638
-57.17248   5.80108
-57.17001   5.80527
-57.16778   5.81002
-57.16497   5.81415
-57.16222   5.81833
-57.16027   5.82303
-57.15753   5.82721
-57.15557   5.83197
-57.15334   5.83666
-57.15219   5.84222
-57.15054   5.84749
-57.14916   5.85305
-57.14859   5.85918
-57.14807   5.86525
-57.14641   5.87081
-57.14584   5.87694
-57.14526   5.88307
-57.14526   5.88972
-57.14446   5.89585
-57.14446   5.90278
-57.14446   5.90943
-57.14303   5.91499
-57.14194   5.92054
-57.14028   5.92582
-57.13833   5.93086
-57.13696   5.93613
-57.13558   5.94169
-57.13501   5.94776
-57.13501   5.95475
-57.13558   5.96082
-57.13696   5.96609
-57.13971   5.97028
-57.14303   5.97360
-57.14584   5.97778
-57.14916   5.98111
-57.15219   5.98529
-57.15472   5.98947
-57.15753   5.99331
-57.15970   5.99835
-57.15833   5.99864
       NA        NA
-59.99028   8.53529
-59.98891   8.53444
-59.98530   8.53220
-59.98083   8.52974
-59.97665   8.52693
-59.97276   8.52389
-59.96777   8.52166
-59.96387   8.51891
-59.96055   8.51530
-59.95665   8.51220
-59.95253   8.50917
-59.94914   8.50556
-59.94582   8.50195
-59.94250   8.49834
-59.93918   8.49473
-59.93608   8.49141
-59.93247   8.48780
-59.92944   8.48419
-59.92611   8.48058
-59.92359   8.47611
-59.92027   8.47250
-59.91781   8.46832
-59.91442   8.46471
-59.91196   8.46058
-59.90836   8.45697
-59.90612   8.45250
-59.90331   8.44832
-59.90165   8.44334
-59.89890   8.43915
-59.89695   8.43445
-59.89443   8.42999
-59.89197   8.42586
-59.88945   8.42168
-59.88663   8.41721
-59.88360   8.41360
-59.88085   8.40947
-59.87833   8.40529
-59.87501   8.40168
-59.87248   8.39721
-59.86916   8.39360
-59.86584   8.39028
-59.86252   8.38667
-59.85942   8.38306
-59.85581   8.37945
-59.85192   8.37641
-59.84779   8.37332
-59.84390   8.37057
-59.83971   8.36748
-59.83582   8.36473
-59.83169   8.36169
-59.82722   8.35945
-59.82167   8.35779
-59.81610   8.35613
-59.81141   8.35390
-59.80665   8.35138
-59.80167   8.34914
-59.79778   8.34639
-59.79308   8.34387
-59.78917   8.34112
-59.78333   8.34083
-59.77915   8.34335
-59.77502   8.34582
-59.76889   8.34473
-59.76391   8.34249
-59.75973   8.33974
-59.75583   8.33665
-59.75194   8.33361
-59.74775   8.33081
-59.74391   8.32777
-59.73836   8.32611
-59.73280   8.32445
-59.72667   8.32359
-59.72197   8.32112
-59.71778   8.31832
-59.71475   8.31471
-59.71114   8.31110
-59.70805   8.30749
-59.70473   8.30388
-59.70140   8.30027
-59.69808   8.29609
-59.69470   8.29248
-59.69086   8.28944
-59.68530   8.28778
-59.67888   8.28806
-59.67223   8.28778
-59.66639   8.28612
-59.66249   8.28331
-59.65860   8.28027
-59.65442   8.27724
-59.65058   8.27443
-59.64640   8.27139
-59.64193   8.26916
-59.63780   8.26612
-59.63167   8.26526
-59.62445   8.26497
-59.62056   8.26194
-59.61804   8.25775
-59.61557   8.25334
-59.61276   8.24916
-59.61110   8.24417
-59.60835   8.23999
-59.60446   8.23696
-59.59970   8.23472
-59.59362   8.23363
-59.58721   8.23415
-59.58113   8.23444
-59.57391   8.23415
-59.56779   8.23335
-59.56223   8.23168
-59.55610   8.23054
-59.55140   8.22836
-59.54584   8.22664
-59.54109   8.22418
-59.53639   8.22194
-59.53249   8.21919
-59.52917   8.21553
-59.52528   8.21249
-59.52109   8.20888
-59.51725   8.20584
-59.51307   8.20304
-59.50974   8.19943
-59.50557   8.19639
-59.50304   8.19221
-59.49972   8.18860
-59.49669   8.18499
-59.49250   8.18195
-59.48918   8.17834
-59.48499   8.17554
-59.48110   8.17250
-59.47640   8.17026
-59.47307   8.16665
-59.46889   8.16362
-59.46586   8.16001
-59.46167   8.15697
-59.45864   8.15359
-59.45445   8.15055
-59.45193   8.14637
-59.44862   8.14276
-59.44609   8.13835
-59.44248   8.13474
-59.43944   8.13113
-59.43526   8.12832
-59.43193   8.13027
-59.43360   8.13503
-59.43641   8.13944
-59.43973   8.14305
-59.44219   8.14723
-59.44529   8.15084
-59.44862   8.15445
-59.45113   8.15863
-59.45474   8.16224
-59.45778   8.16585
-59.46110   8.16946
-59.46500   8.17250
-59.46918   8.17531
-59.47307   8.17834
-59.47720   8.18109
-59.48110   8.18419
-59.48470   8.18780
-59.48861   8.19083
-59.49192   8.19444
-59.49502   8.19805
-59.49915   8.20086
-59.50253   8.20447
-59.50585   8.20808
-59.50917   8.21169
-59.51250   8.21530
-59.51553   8.21891
-59.51914   8.22252
-59.52224   8.22613
-59.52613   8.22916
-59.53025   8.23197
-59.53444   8.23501
-59.53971   8.23667
-59.54527   8.23833
-59.55140   8.23919
-59.55833   8.23971
-59.56556   8.23999
-59.57168   8.24085
-59.57775   8.24194
-59.58331   8.24360
-59.58858   8.24526
-59.59362   8.24750
-59.59804   8.24973
-59.60222   8.25277
-59.60555   8.25638
-59.60973   8.25942
-59.61276   8.26308
-59.61557   8.26721
-59.61861   8.27082
-59.62359   8.27305
-59.62886   8.27471
-59.63442   8.27637
-59.63918   8.27861
-59.64416   8.28084
-59.64806   8.28388
-59.65195   8.28692
-59.65527   8.29053
-59.65860   8.29419
-59.66192   8.29780
-59.66611   8.30055
-59.67000   8.30359
-59.67470   8.30583
-59.67945   8.30806
-59.68415   8.31058
-59.68971   8.31224
-59.69447   8.31442
-59.69859   8.31723
-59.70306   8.31975
-59.70724   8.32250
-59.71194   8.32502
-59.71613   8.32777
-59.72002   8.33081
-59.72472   8.33304
-59.72890   8.33613
-59.73446   8.33780
-59.73887   8.33997
-59.74362   8.34221
-59.74775   8.34530
-59.75251   8.34748
-59.75669   8.35057
-59.76053   8.35332
-59.76391   8.35693
-59.76723   8.36054
-59.77055   8.36415
-59.77388   8.36776
-59.77640   8.37194
-59.77915   8.37641
-59.78082   8.38111
-59.78196   8.38667
-59.78224   8.39303
-59.78082   8.39836
-59.77749   8.40220
-59.77388   8.40558
-59.76970   8.40833
-59.76472   8.40999
-59.75858   8.41028
-59.75360   8.40804
-59.74970   8.40529
-59.74558   8.40220
-59.74168   8.39916
-59.73750   8.39641
-59.73280   8.39389
-59.72890   8.39114
-59.72414   8.38890
-59.71917   8.38638
-59.71475   8.38415
-59.70971   8.38197
-59.70501   8.37945
-59.70082   8.37664
-59.69641   8.37447
-59.69166   8.37194
-59.68748   8.36919
-59.68250   8.36667
-59.67808   8.36444
-59.67333   8.36220
-59.66834   8.36003
-59.66444   8.35693
-59.65975   8.35470
-59.65585   8.35166
-59.65081   8.34943
-59.64697   8.34639
-59.64279   8.34358
-59.63889   8.34055
-59.63471   8.33751
-59.63081   8.33470
-59.62668   8.33167
-59.62279   8.32892
-59.61861   8.32582
-59.61471   8.32279
-59.61053   8.31998
-59.60669   8.31694
-59.60279   8.31390
-59.59861   8.31110
-59.59443   8.30806
-59.59053   8.30525
-59.58554   8.30279
-59.58113   8.30055
-59.57724   8.29752
-59.57306   8.29471
-59.56836   8.29248
-59.56417   8.28944
-59.56028   8.28640
-59.55558   8.28417
-59.55083   8.28193
-59.54584   8.27970
-59.54137   8.27724
-59.53582   8.27500
-59.53112   8.27277
-59.52636   8.27030
-59.52080   8.26858
-59.51610   8.26641
-59.51055   8.26474
-59.50585   8.26251
-59.50110   8.26028
-59.49640   8.25775
-59.49141   8.25558
-59.48695   8.25334
-59.48225   8.25082
-59.47720   8.24859
-59.47279   8.24641
-59.46781   8.24417
-59.46305   8.24165
-59.45835   8.23942
-59.45445   8.23638
-59.44947   8.23415
-59.44558   8.23140
-59.44139   8.22836
-59.43750   8.22527
-59.43332   8.22252
-59.42941   8.21942
-59.42558   8.21639
-59.42139   8.21364
-59.41750   8.21054
-59.41331   8.20779
-59.40942   8.20470
-59.40444   8.20252
-59.40054   8.19943
-59.39584   8.19725
-59.39194   8.19416
-59.38776   8.19141
-59.38387   8.18831
-59.37974   8.18528
-59.37498   8.18304
-59.37086   8.18029
-59.36610   8.17777
-59.36083   8.17611
-59.35585   8.17387
-59.35138   8.17164
-59.34639   8.16918
-59.34164   8.16694
-59.33694   8.16471
-59.33224   8.16253
-59.32749   8.16001
-59.32279   8.15777
-59.31861   8.15474
-59.31391   8.15250
-59.30973   8.14946
-59.30583   8.14666
-59.30194   8.14362
-59.29775   8.14053
-59.29391   8.13778
-59.28973   8.13474
-59.28526   8.13165
-59.28114   8.12890
-59.27724   8.12586
-59.27306   8.12305
-59.26916   8.12002
-59.26498   8.11692
-59.26166   8.11331
-59.25696   8.11113
-59.25306   8.10804
-59.24831   8.10581
-59.24418   8.10306
-59.23943   8.10053
-59.23473   8.09836
-59.23003   8.09612
-59.22499   8.09360
-59.22109   8.09085
-59.21725   8.08776
-59.21307   8.08472
-59.20918   8.08197
-59.20499   8.07888
-59.20110   8.07613
-59.19640   8.07361
-59.19668   8.07223
-59.19445   8.07223
-59.19084   8.07000
-59.18694   8.06696
-59.18138   8.06530
-59.17669   8.06306
-59.17141   8.06140
-59.16586   8.05974
-59.16030   8.05808
-59.15474   8.05642
-59.15084   8.05361
-59.14609   8.05109
-59.14225   8.04834
-59.13721   8.04582
-59.13331   8.04307
-59.12919   8.03997
-59.12529   8.03694
-59.12140   8.03419
-59.11807   8.03058
-59.11555   8.02639
-59.11194   8.02278
-59.10971   8.01832
-59.10695   8.01419
-59.10529   8.00915
-59.10335   8.00445
-59.10083   7.99998
-59.09887   7.99528
-59.09642   7.99081
-59.09389   7.98669
-59.09057   7.98308
-59.08639   7.97947
-59.08335   7.97586
-59.07917   7.97277
-59.07584   7.96916
-59.07195   7.96640
-59.06776   7.96331
-59.06387   7.96027
-59.05975   7.95752
-59.05585   7.95443
-59.05109   7.95220
-59.04720   7.94916
-59.04336   7.94641
-59.03918   7.94332
-59.03528   7.94028
-59.03167   7.93667
-59.02777   7.93386
-59.02445   7.93025
-59.02055   7.92722
-59.01723   7.92360
-59.01305   7.92057
-59.00973   7.91696
-59.00583   7.91415
-59.00251   7.91054
-58.99999   7.90613
-58.99695   7.90252
-58.99414   7.89834
-58.99082   7.89473
-58.98692   7.89169
-58.98360   7.88808
-58.97890   7.88585
-58.97414   7.88361
-58.97002   7.88058
-58.96612   7.87777
-58.96194   7.87473
-58.95862   7.87112
-58.95610   7.86694
-58.95363   7.86253
-58.95025   7.85886
-58.94693   7.85474
-58.94389   7.85113
-58.93971   7.84803
-58.93638   7.84442
-58.93249   7.84167
-58.92916   7.83806
-58.92447   7.83554
-58.92109   7.83193
-58.91719   7.82918
-58.91307   7.82609
-58.90917   7.82334
-58.90499   7.82030
-58.90195   7.81669
-58.89777   7.81360
-58.89445   7.80999
-58.89027   7.80724
-58.88637   7.80414
-58.88247   7.80111
-58.87915   7.79750
-58.87526   7.79475
-58.87113   7.79165
-58.86723   7.78862
-58.86333   7.78501
-58.86001   7.78140
-58.85669   7.77779
-58.85331   7.77418
-58.84998   7.77057
-58.84752   7.76639
-58.84414   7.76278
-58.84168   7.75859
-58.83835   7.75498
-58.83498   7.75137
-58.83251   7.74696
-58.82861   7.74415
-58.82529   7.74054
-58.82196   7.73694
-58.81778   7.73390
-58.81251   7.73224
-58.80696   7.73058
-58.80220   7.72834
-58.79750   7.72611
-58.79418   7.72250
-58.79108   7.71889
-58.78833   7.71442
-58.78581   7.71029
-58.78335   7.70611
-58.78083   7.70164
-58.77808   7.69752
-58.77556   7.69333
-58.77361   7.68835
-58.77109   7.68417
-58.76891   7.67970
-58.76610   7.67557
-58.76358   7.67139
-58.76170   7.66640
-58.75998   7.66136
-58.75808   7.65666
-58.75694   7.65111
-58.75499   7.64612
-58.75333   7.64114
-58.75138   7.63610
-58.74748   7.63335
-58.74416   7.62974
-58.74026   7.62664
-58.73694   7.62303
-58.73362   7.61942
-58.73109   7.61530
-58.72863   7.61111
-58.72611   7.60665
-58.72330   7.60252
-58.72164   7.59748
-58.71832   7.59387
-58.71471   7.59307
-58.71471   7.60000
-58.71557   7.60556
-58.71752   7.61054
-58.71861   7.61581
-58.72056   7.62085
-58.72141   7.62641
-58.72193   7.63277
-58.72084   7.63890
-58.71586   7.64056
-58.71110   7.63833
-58.70692   7.63529
-58.70388   7.63168
-58.70056   7.62807
-58.69500   7.62641
-58.68835   7.62613
-58.68251   7.62446
-58.67724   7.62280
-58.67334   7.61971
-58.66916   7.61696
-58.66527   7.61386
-58.66194   7.61025
-58.65862   7.60665
-58.65609   7.60252
-58.65363   7.59834
-58.65168   7.59335
-58.65054   7.58779
-58.64887   7.58275
-58.64613   7.57863
-58.64418   7.57359
-58.64194   7.56946
-58.63942   7.56528
-58.63668   7.56081
-58.63415   7.55668
-58.63169   7.55250
-58.62831   7.54889
-58.62390   7.54362
-58.62109   7.53944
-58.61805   7.53583
-58.61553   7.53164
-58.61278   7.52723
-58.61026   7.52305
-58.60780   7.51887
-58.60585   7.51388
-58.60390   7.50890
-58.60167   7.50472
-58.59892   7.50053
-58.59639   7.49612
-58.59387   7.49194
-58.59055   7.48833
-58.58803   7.48415
-58.58556   7.47973
-58.58305   7.47555
-58.57972   7.47194
-58.57640   7.46747
-58.57336   7.46386
-58.57055   7.45974
-58.56752   7.45613
-58.56391   7.45252
-58.56081   7.44891
-58.55749   7.44530
-58.55503   7.44112
-58.55136   7.43751
-58.54832   7.43304
-58.54586   7.42891
-58.54248   7.42530
-58.53944   7.42169
-58.53584   7.41803
-58.53279   7.41442
-58.52919   7.41081
-58.52529   7.40777
-58.52219   7.40416
-58.51807   7.40141
-58.51418   7.39832
-58.51085   7.39471
-58.50696   7.39167
-58.50363   7.38806
-58.49945   7.38525
-58.49641   7.38164
-58.49303   7.37804
-58.48971   7.37443
-58.48696   7.37001
-58.48386   7.36640
-58.48083   7.36279
-58.47808   7.35861
-58.47556   7.35443
-58.47281   7.35002
-58.47057   7.34583
-58.46862   7.34085
-58.46748   7.33529
-58.46639   7.32973
-58.46668   7.32303
-58.46639   7.31667
-58.46668   7.30974
-58.46639   7.30361
-58.46668   7.29667
-58.46777   7.29054
-58.46943   7.28527
-58.47057   7.28057
-58.46748   7.28166
-58.46777   7.27473
-58.46891   7.26860
-58.47086   7.26333
-58.47166   7.25720
-58.47281   7.25112
-58.47361   7.24471
-58.47419   7.23806
-58.47498   7.23193
-58.47470   7.22557
-58.47498   7.21887
-58.47527   7.21193
-58.47585   7.20500
-58.47613   7.19807
-58.47664   7.19137
-58.47613   7.18501
-58.47498   7.17973
-58.47390   7.17389
-58.47223   7.16919
-58.47086   7.16363
-58.47000   7.15808
-58.46891   7.15252
-58.46696   7.14748
-58.46582   7.14192
-58.46553   7.13585
-58.46582   7.12891
-58.46639   7.12192
-58.46668   7.11499
-58.46777   7.10892
-58.46914   7.10359
-58.47086   7.09803
-58.47195   7.09196
-58.47361   7.08669
-58.47470   7.08056
-58.47556   7.07442
-58.47722   7.06887
-58.47859   7.06279
-58.47888   7.05586
-58.47916   7.04916
-58.47888   7.04280
-58.47779   7.03724
-58.47722   7.03111
-58.47693   7.02475
-58.47808   7.01862
-58.47888   7.01249
-58.48140   7.00808
-58.48364   7.00332
-58.48667   6.99920
-58.49028   6.99581
-58.49389   6.99278
-58.49751   6.98945
-58.50168   6.98693
-58.50530   6.98361
-58.50970   6.98109
-58.51332   6.97805
-58.51749   6.97530
-58.52197   6.97278
-58.52557   6.96975
-58.52970   6.96722
-58.53331   6.96390
-58.53721   6.96058
-58.54081   6.95720
-58.54443   6.95416
-58.54752   6.94998
-58.55027   6.94614
-58.55331   6.94224
-58.55554   6.93749
-58.55806   6.93279
-58.55973   6.92723
-58.56139   6.92196
-58.56305   6.91640
-58.56391   6.91027
-58.56443   6.90363
-58.56609   6.89807
-58.56723   6.89194
-58.56889   6.88667
-58.57055   6.88111
-58.57193   6.87555
-58.57359   6.87028
-58.57474   6.86415
-58.57640   6.85859
-58.57806   6.85332
-58.57914   6.84725
-58.58001   6.84112
-58.58167   6.83556
-58.58362   6.83029
-58.58585   6.82553
-58.58751   6.81997
-58.58974   6.81528
-58.59221   6.81058
-58.59336   6.80445
-58.59502   6.79918
-58.59583   6.79305
-58.59777   6.78749
-58.59777   6.78084
-58.59892   6.77471
-58.59943   6.76778
-58.59892   6.76136
-58.59943   6.75471
-58.59892   6.74835
-58.59777   6.74280
-58.59748   6.73667
-58.59720   6.73054
-58.59668   6.72418
-58.59720   6.71747
-58.59806   6.71140
-58.59972   6.70584
-58.60361   6.70252
-58.60780   6.70000
-58.61054   6.69610
-58.61278   6.69278
-58.61192   6.68722
-58.61083   6.68166
-58.60975   6.67610
-58.60917   6.66974
-58.60888   6.66361
-58.60917   6.65668
-58.60975   6.64998
-58.61054   6.64390
-58.61169   6.63777
-58.61335   6.63222
-58.61502   6.62666
-58.61581   6.62053
-58.61696   6.61445
-58.61748   6.60775
-58.61610   6.60225
-58.61530   6.59669
-58.61335   6.59165
-58.61306   6.58558
-58.61250   6.57916
-58.61358   6.57303
-58.61530   6.56776
-58.61610   6.56168
-58.61748   6.55527
-58.61834   6.54919
-58.61725   6.54364
-58.61553   6.53888
-58.61278   6.53447
-58.61112   6.52971
-58.60917   6.52473
-58.60809   6.51917
-58.60831   6.51224
-58.60888   6.50553
-58.61192   6.50141
-58.61473   6.49751
-58.61805   6.49362
-58.61943   6.48806
-58.61834   6.48250
-58.62000   6.47723
-58.62390   6.47391
-58.62665   6.47001
-58.62974   6.46583
-58.63192   6.46113
-58.63364   6.45586
-58.63472   6.44973
-58.63696   6.44497
-58.63942   6.44027
-58.64165   6.43558
-58.64418   6.43082
-58.64613   6.42612
-58.64916   6.42223
-58.65277   6.41890
-58.65581   6.41501
-58.65862   6.41111
-58.66223   6.40779
-58.66612   6.40446
-58.66887   6.40057
-58.67248   6.39725
-58.67695   6.39472
-58.68056   6.39140
-58.68222   6.38613
-58.68331   6.38000
-58.67999   6.37639
-58.67586   6.37610
-58.67220   6.37943
-58.66859   6.38275
-58.66498   6.38584
-58.66194   6.39003
-58.65833   6.39306
-58.65472   6.39639
-58.65025   6.39891
-58.64664   6.40223
-58.64304   6.40527
-58.63891   6.40807
-58.63530   6.41111
-58.63111   6.41363
-58.62807   6.41776
-58.62304   6.41942
-58.61834   6.41724
-58.61358   6.41501
-58.60809   6.41335
-58.60195   6.41220
-58.59639   6.41335
-58.59278   6.41667
-58.59336   6.41862
-58.59336   6.41999
-58.59221   6.42475
-58.58998   6.42945
-58.58889   6.43558
-58.58780   6.44165
-58.58614   6.44721
-58.58471   6.45248
-58.58224   6.45723
-58.58139   6.46331
-58.58110   6.47030
-58.58058   6.47723
-58.57972   6.48336
-58.57863   6.48943
-58.57697   6.49471
-58.57525   6.50026
-58.57417   6.50639
-58.57359   6.51333
-58.57278   6.51946
-58.57250   6.52610
-58.57278   6.53252
-58.57336   6.53859
-58.57417   6.54415
-58.57474   6.55057
-58.57502   6.55664
-58.57611   6.56220
-58.57554   6.56919
-58.57554   6.57584
-58.57502   6.58277
-58.57474   6.58970
-58.57417   6.59641
-58.57336   6.60248
-58.57221   6.60890
-58.57055   6.61417
-58.56918   6.61973
-58.56752   6.62500
-58.56557   6.63055
-58.56391   6.63583
-58.56225   6.64138
-58.56052   6.64665
-58.55886   6.65221
-58.55749   6.65748
-58.55554   6.66304
-58.55388   6.66831
-58.55136   6.67307
-58.54999   6.67863
-58.54752   6.68304
-58.54471   6.68722
-58.54168   6.69112
-58.53864   6.69501
-58.53555   6.69919
-58.53193   6.70223
-58.52919   6.70641
-58.52695   6.71025
-58.52529   6.71444
-58.52219   6.71833
-58.51859   6.72165
-58.51498   6.72475
-58.51085   6.72721
-58.50696   6.73054
-58.50334   6.73392
-58.50054   6.73775
-58.49751   6.74194
-58.49498   6.74641
-58.49332   6.75196
-58.49166   6.75724
-58.49000   6.76279
-58.48890   6.76887
-58.48805   6.77500
-58.48639   6.78055
-58.48415   6.78525
-58.48169   6.78972
-58.47945   6.79442
-58.47636   6.79860
-58.47332   6.80250
-58.47057   6.80640
-58.46748   6.81029
-58.46473   6.81442
-58.46141   6.81831
-58.45997   6.82387
-58.45665   6.82777
-58.45390   6.83166
-58.45029   6.83499
-58.44668   6.83831
-58.44279   6.84140
-58.43917   6.84473
-58.43333   6.85418
-58.43110   6.85750
-58.42806   6.86140
-58.42583   6.86610
-58.42221   6.86919
-58.41780   6.87165
-58.41362   6.87446
-58.40835   6.87612
-58.40359   6.87779
-58.39804   6.87887
-58.39305   6.88082
-58.38750   6.88197
-58.38194   6.88306
-58.37609   6.88415
-58.37054   6.88529
-58.36446   6.88558
-58.35804   6.88581
-58.35249   6.88695
-58.34692   6.88804
-58.34056   6.88833
-58.33639   6.89085
-58.33192   6.89360
-58.32722   6.89526
-58.32086   6.89555
-58.31473   6.89475
-58.31003   6.89222
-58.30362   6.89136
-58.29834   6.88970
-58.29307   6.88804
-58.28803   6.88558
-58.28333   6.88334
-58.27886   6.88111
-58.27388   6.87859
-58.26860   6.87693
-58.26304   6.87664
-58.25806   6.87721
-58.25330   6.87498
-58.25027   6.87137
-58.24609   6.86833
-58.24305   6.86472
-58.23944   6.86111
-58.23555   6.85808
-58.23251   6.85447
-58.22832   6.85166
-58.22443   6.84862
-58.21807   6.84748
-58.21280   6.84581
-58.20861   6.84306
-58.20472   6.84003
-58.20139   6.83636
-58.19750   6.83332
-58.19418   6.82971
-58.19086   6.82610
-58.18747   6.82249
-58.18364   6.81975
-58.17974   6.81665
-58.17556   6.81361
-58.17086   6.81138
-58.16725   6.81470
-58.16473   6.81946
-58.16249   6.82387
-58.15888   6.82725
-58.15418   6.82914
-58.14914   6.83086
-58.14278   6.82971
-58.13751   6.82834
-58.13276   6.82582
-58.12806   6.82358
-58.12336   6.82141
-58.11832   6.81889
-58.11225   6.81808
-58.10698   6.81636
-58.10055   6.81528
-58.09391   6.81499
-58.08778   6.81528
-58.08136   6.81556
-58.07500   6.81585
-58.06887   6.81636
-58.06251   6.81665
-58.05696   6.81780
-58.05054   6.81808
-58.04446   6.81722
-58.03919   6.81528
-58.03335   6.81390
-58.02888   6.81138
-58.02498   6.80834
-58.02000   6.80611
-58.01530   6.80387
-58.01083   6.80164
-58.00584   6.79918
-58.00109   6.79694
-57.99582   6.79528
-57.99083   6.79276
-57.98637   6.79058
-57.98224   6.78777
-57.97834   6.78474
-57.97445   6.78164
-57.97027   6.77861
-57.96694   6.77528
-57.96305   6.77225
-57.95972   6.76864
-57.95669   6.76503
-57.95308   6.76136
-57.94998   6.75775
-57.94666   6.75414
-57.94334   6.75053
-57.94081   6.74612
-57.93777   6.74251
-57.93446   6.73890
-57.93113   6.73529
-57.92775   6.73168
-57.92529   6.72750
-57.92249   6.72332
-57.91945   6.71971
-57.91692   6.71529
-57.91446   6.71111
-57.91114   6.70750
-57.90862   6.70332
-57.90529   6.69942
-57.90277   6.69530
-57.89944   6.69169
-57.89613   6.68808
-57.89303   6.68447
-57.88890   6.68166
-57.88581   6.67805
-57.88248   6.67416
-57.87831   6.67141
-57.87447   6.66831
-57.86971   6.66613
-57.86581   6.66304
-57.86111   6.66081
-57.85693   6.65777
-57.85304   6.65473
-57.84834   6.65250
-57.84415   6.64946
-57.84026   6.64665
-57.83637   6.64362
-57.83224   6.64058
-57.82748   6.63835
-57.82416   6.63474
-57.82113   6.63113
-57.81780   6.62752
-57.81442   6.62391
-57.81059   6.62081
-57.80749   6.61720
-57.80388   6.61359
-57.79998   6.61084
-57.79666   6.60723
-57.79334   6.60362
-57.78944   6.60053
-57.78612   6.59692
-57.78222   6.59388
-57.77919   6.59028
-57.77500   6.58724
-57.77168   6.58363
-57.76835   6.58002
-57.76497   6.57641
-57.76194   6.57280
-57.75775   6.56999
-57.75472   6.56638
-57.75529   6.56501
-57.75334   6.56140
-57.74945   6.55859
-57.74556   6.55555
-57.74223   6.55194
-57.73833   6.54891
-57.73501   6.54530
-57.73169   6.54169
-57.72860   6.53808
-57.72498   6.53447
-57.72109   6.53138
-57.71667   6.52914
-57.71191   6.52696
-57.70779   6.52387
-57.70304   6.52169
-57.69891   6.51860
-57.69444   6.51556
-57.69055   6.51275
-57.68585   6.51029
-57.68166   6.50720
-57.67696   6.50502
-57.67164   6.50336
-57.66665   6.50112
-57.66225   6.49860
-57.65749   6.49637
-57.65331   6.49333
-57.64861   6.49110
-57.64471   6.48806
-57.64053   6.48525
-57.63669   6.48222
-57.63279   6.47918
-57.62947   6.47500
-57.62609   6.47139
-57.62277   6.46778
-57.61973   6.46417
-57.61641   6.46056
-57.61308   6.45695
-57.60999   6.45334
-57.60667   6.44973
-57.60334   6.44612
-57.60003   6.44251
-57.59693   6.43890
-57.59418   6.43443
-57.59166   6.43031
-57.58971   6.42526
-57.58804   6.42028
-57.58638   6.41558
-57.58530   6.41002
-57.58363   6.40498
-57.58168   6.40000
-57.58054   6.39444
-57.57888   6.38974
-57.57693   6.38470
-57.57527   6.37971
-57.57332   6.37502
-57.57223   6.36946
-57.57057   6.36447
-57.56776   6.36029
-57.56472   6.35668
-57.56278   6.35164
-57.56026   6.34723
-57.55722   6.34390
-57.55447   6.33943
-57.55138   6.33582
-57.54805   6.33221
-57.54473   6.32861
-57.54141   6.32500
-57.53751   6.32001
-57.53442   6.31640
-57.53109   6.31279
-57.52863   6.30861
-57.52611   6.30414
-57.52416   6.29944
-57.52250   6.29446
-57.52055   6.28947
-57.51946   6.28391
-57.51917   6.27778
-57.51946   6.27085
-57.51608   6.26999
-57.51305   6.27389
-57.50886   6.27641
-57.50502   6.27973
-57.50336   6.28500
-57.50307   6.29194
-57.50416   6.29749
-57.50473   6.30362
-57.50554   6.30947
-57.50583   6.31554
-57.50640   6.32167
-57.50525   6.32780
-57.50359   6.33336
-57.50113   6.33806
-57.49752   6.34110
-57.49225   6.34224
-57.48583   6.34276
-57.47947   6.34304
-57.47334   6.34196
-57.46807   6.34029
-57.46309   6.33806
-57.45919   6.33502
-57.45472   6.33279
-57.45054   6.32969
-57.44664   6.32666
-57.44251   6.32362
-57.43776   6.32139
-57.43306   6.31915
-57.42779   6.31749
-57.42252   6.31583
-57.41747   6.31359
-57.41278   6.31113
-57.40888   6.30804
-57.40470   6.30529
-57.40086   6.30225
-57.39696   6.29916
-57.39221   6.29692
-57.38614   6.29583
-57.38000   6.29497
-57.37416   6.29331
-57.36889   6.29165
-57.36362   6.28999
-57.35886   6.28752
-57.35474   6.28443
-57.34998   6.28220
-57.34586   6.27916
-57.34138   6.27692
-57.33669   6.27475
-57.33279   6.27165
-57.32947   6.26804
-57.32557   6.26501
-57.32225   6.26140
-57.31807   6.25859
-57.31497   6.25498
-57.31085   6.25194
-57.30695   6.24891
-57.30305   6.24581
-57.29945   6.24220
-57.29555   6.23945
-57.29165   6.23642
-57.28862   6.23275
-57.28444   6.22971
-57.28054   6.22696
-57.27721   6.22335
-57.27303   6.22026
-57.26914   6.21722
-57.26530   6.21419
-57.26112   6.21138
-57.25808   6.20777
-57.25418   6.20416
-57.25109   6.20055
-57.24748   6.19694
-57.24444   6.19333
-57.24083   6.18972
-57.23779   6.18611
-57.23470   6.18221
-57.23109   6.17861
-57.22720   6.17585
-57.22416   6.17225
-57.22026   6.16915
-57.21666   6.16554
-57.21362   6.16193
-57.20972   6.15832
-57.20640   6.15471
-57.20307   6.15110
-57.19970   6.14749
-57.19723   6.14308
-57.19471   6.13890
-57.19225   6.13472
-57.18887   6.13111
-57.18640   6.12670
-57.18446   6.12194
-57.18222   6.11753
-57.18056   6.11277
-57.17775   6.10836
-57.17609   6.10332
-57.17471   6.09776
-57.17391   6.09220
-57.17363   6.08613
-57.17248   6.08057
-57.17053   6.07553
-57.16835   6.07140
-57.16640   6.06636
-57.16389   6.06224
-57.16251   6.05668
-57.16085   6.05169
-57.16056   6.04556
-57.16027   6.03915
-57.15999   6.03307
-57.16027   6.02608
-57.15999   6.02001
-57.16085   6.01388
-57.16222   6.00781
-57.16027   6.00276
-57.15833   5.99864
       NA        NA
-59.94445   8.21026
-59.94084   8.21003
-59.93443   8.21054
-59.92886   8.21169
-59.92222   8.21111
-59.91637   8.21249
-59.91053   8.21335
-59.90497   8.21444
-59.90027   8.21639
-59.89443   8.21747
-59.88887   8.21862
-59.88417   8.22028
-59.87919   8.22223
-59.87197   8.22194
-59.86721   8.22361
-59.86166   8.22469
-59.85472   8.22447
-59.84830   8.22498
-59.84332   8.22664
-59.83776   8.22779
-59.83192   8.22888
-59.82860   8.23220
-59.82556   8.23610
-59.82390   8.24165
-59.82304   8.24778
-59.82138   8.25306
-59.81943   8.25861
-59.81582   8.26194
-59.81221   8.26497
-59.80860   8.26835
-59.80442   8.27082
-59.80138   8.27500
-59.80253   8.28056
-59.80361   8.28612
-59.80471   8.29167
-59.80751   8.29586
-59.80917   8.30084
-59.81170   8.30502
-59.81416   8.30915
-59.81502   8.31138
-59.82860   8.32915
-59.84304   8.34696
-59.85748   8.36501
-59.87197   8.38277
-59.88612   8.40082
-59.90056   8.41858
-59.91500   8.43669
-59.92944   8.45445
-59.94388   8.47250
-59.95832   8.49026
-59.97276   8.50808
-59.98112   8.51834
-59.99028   8.53529
       NA        NA
-60.33945   7.84528
-60.34053   7.85084
-60.34082   7.85697
-60.33778   7.86110
-60.33418   7.86419
-60.33056   7.86751
-60.32696   7.87084
-60.32363   7.87416
-60.31974   7.87748
-60.31556   7.88000
-60.31166   7.88304
-60.30805   7.88636
-60.30444   7.88974
-60.30112   7.89307
-60.29750   7.89639
-60.29304   7.89891
-60.28891   7.90137
-60.28445   7.90390
-60.27997   7.90642
-60.27584   7.90888
-60.27224   7.91220
-60.26777   7.91472
-60.26416   7.91805
-60.26083   7.92137
-60.25637   7.92389
-60.25276   7.92722
-60.24886   7.93054
-60.24611   7.93443
-60.24308   7.93833
-60.24027   7.94251
-60.23723   7.94641
-60.23557   7.95168
-60.23391   7.95724
-60.23276   7.96331
-60.23225   7.96669
-60.23001   7.96612
-60.22640   7.96916
-60.22142   7.97110
-60.21471   7.97082
-60.20835   7.97110
-60.20388   7.97362
-60.19970   7.97609
-60.19414   7.97723
-60.18692   7.97695
-60.18136   7.97804
-60.17776   7.98142
-60.17363   7.98388
-60.16859   7.98583
-60.16360   7.98749
-60.15862   7.98944
-60.15501   7.99276
-60.15221   7.99666
-60.14830   7.99998
-60.14556   8.00388
-60.14332   8.00863
-60.14086   8.01333
-60.13805   8.01723
-60.13416   8.02055
-60.13141   8.02445
-60.12693   8.02720
-60.12275   8.02972
-60.11834   8.03224
-60.11359   8.03390
-60.10918   8.03665
-60.10419   8.03831
-60.09972   8.04083
-60.09388   8.04141
-60.08752   8.04169
-60.08138   8.04083
-60.07502   8.03974
-60.06947   8.03808
-60.06334   8.03722
-60.05721   8.03613
-60.05113   8.03499
-60.04391   8.03470
-60.03835   8.03585
-60.03280   8.03694
-60.02776   8.03888
-60.02335   8.04141
-60.02054   8.04530
-60.01693   8.04862
-60.01389   8.05332
-60.01137   8.05808
-60.00919   8.06278
-60.00696   8.06747
-60.00581   8.07361
-60.00415   8.07888
-60.00306   8.08501
-60.00306   8.09194
-60.00198   8.09807
-60.00026   8.10363
-59.99722   8.10752
-59.99447   8.11165
-59.99137   8.11555
-59.98833   8.11944
-59.98530   8.12362
-59.98306   8.12804
-59.98221   8.13445
-59.98306   8.14001
-59.98582   8.14419
-59.98891   8.14780
-59.99028   8.15336
-59.98914   8.15943
-59.98696   8.16419
-59.98473   8.16889
-59.98140   8.17278
-59.97860   8.17668
-59.97470   8.18081
-59.97080   8.18333
-59.96639   8.18585
-59.96141   8.18780
-59.95694   8.19026
-59.95276   8.19278
-59.94914   8.19610
-59.94611   8.20000
-59.94445   8.20556
-59.94445   8.21026
       NA        NA
-60.36804   6.93027
-60.36666   6.93308
-60.36500   6.93835
-60.36391   6.94442
-60.36391   6.95141
-60.36334   6.95834
-60.36305   6.96528
-60.36277   6.97192
-60.36111   6.97748
-60.35944   6.98275
-60.35778   6.98831
-60.35669   6.99444
-60.35526   7.00000
-60.35222   7.00389
-60.34861   7.00722
-60.34415   7.00974
-60.34002   7.01220
-60.33641   7.01558
-60.33360   7.01942
-60.33113   7.02418
-60.32804   7.02807
-60.32444   7.03140
-60.32082   7.03472
-60.31664   7.03724
-60.31166   7.03919
-60.30667   7.04085
-60.30249   7.04360
-60.30003   7.04807
-60.29779   7.05277
-60.29332   7.05557
-60.28862   7.05724
-60.28696   7.06279
-60.28582   7.06887
-60.28501   7.07500
-60.28611   7.08056
-60.28364   7.08525
-60.28141   7.09001
-60.28054   7.09614
-60.28307   7.10027
-60.28416   7.10445
-60.28141   7.10863
-60.27831   7.11253
-60.27694   7.11665
-60.27917   7.12083
-60.28335   7.12358
-60.28805   7.12611
-60.29194   7.12891
-60.29613   7.13195
-60.30003   7.13470
-60.30335   7.13831
-60.30667   7.14192
-60.31137   7.14501
-60.31750   7.14610
-60.32444   7.14639
-60.32942   7.14862
-60.33332   7.15166
-60.33664   7.15527
-60.33974   7.15888
-60.34306   7.16220
-60.34638   7.16581
-60.34970   7.16942
-60.35389   7.17251
-60.35778   7.17555
-60.36248   7.17779
-60.36723   7.18002
-60.37359   7.18082
-60.37915   7.18002
-60.38333   7.17721
-60.38781   7.17475
-60.39336   7.17360
-60.40029   7.17389
-60.40694   7.17418
-60.41250   7.17584
-60.41720   7.17836
-60.42138   7.18111
-60.42447   7.18472
-60.42831   7.18776
-60.43336   7.18999
-60.43862   7.19165
-60.44584   7.19194
-60.45111   7.19360
-60.45610   7.19583
-60.45942   7.19251
-60.46304   7.18942
-60.46887   7.18833
-60.47306   7.18581
-60.47805   7.18392
-60.48280   7.18197
-60.48916   7.18168
-60.49529   7.18111
-60.50113   7.18025
-60.50475   7.17693
-60.50692   7.17223
-60.50858   7.16667
-60.51030   7.16140
-60.51110   7.15527
-60.51225   7.14891
-60.51391   7.14364
-60.51695   7.13974
-60.52113   7.13693
-60.52474   7.13390
-60.52835   7.13057
-60.53196   7.12719
-60.53557   7.12387
-60.54056   7.12502
-60.54359   7.12863
-60.54697   7.13275
-60.55030   7.13636
-60.55362   7.14003
-60.55694   7.14364
-60.55997   7.14725
-60.56359   7.15086
-60.56697   7.15447
-60.57000   7.15779
-60.57419   7.16083
-60.57808   7.16386
-60.58192   7.16667
-60.58553   7.17028
-60.58943   7.17389
-60.59195   7.17836
-60.59447   7.18248
-60.59722   7.18667
-60.60335   7.18776
-60.60805   7.18999
-60.61361   7.19165
-60.61750   7.19446
-60.62003   7.19887
-60.62197   7.20363
-60.62386   7.20861
-60.62581   7.21331
-60.62804   7.21778
-60.63085   7.22196
-60.63194   7.22752
-60.63303   7.23308
-60.63361   7.23944
-60.63446   7.24471
-60.63498   7.25112
-60.63446   7.25806
-60.63303   7.26333
-60.62999   7.26722
-60.62725   7.27141
-60.62473   7.27611
-60.62197   7.28000
-60.61807   7.28390
-60.61526   7.28808
-60.61166   7.29112
-60.60776   7.29444
-60.60387   7.29696
-60.59945   7.29971
-60.59585   7.30281
-60.59275   7.30693
-60.58971   7.31083
-60.58805   7.31638
-60.59000   7.32108
-60.59029   7.32750
-60.59086   7.33363
-60.59195   7.33919
-60.59447   7.34331
-60.59859   7.34641
-60.60335   7.34859
-60.60581   7.35305
-60.60833   7.35724
-60.60971   7.36279
-60.61000   7.36887
-60.60971   7.37586
-60.61000   7.38193
-60.61332   7.38554
-60.61807   7.38777
-60.62277   7.39001
-60.62833   7.39167
-60.63223   7.39471
-60.63692   7.39694
-60.64030   7.40055
-60.64363   7.40416
-60.64609   7.40834
-60.64666   7.41470
-60.64500   7.41998
-60.64414   7.42611
-60.64306   7.43252
-60.64558   7.43665
-60.64970   7.43946
-60.65280   7.44307
-60.65692   7.44610
-60.66082   7.44914
-60.66586   7.45137
-60.67113   7.45166
-60.67669   7.45057
-60.68305   7.45000
-60.68780   7.45223
-60.69113   7.45584
-60.69307   7.46083
-60.69554   7.46501
-60.69835   7.46919
-60.70001   7.47418
-60.70247   7.47859
-60.70499   7.48277
-60.70694   7.48753
-60.70946   7.49194
-60.71221   7.49612
-60.71387   7.50111
-60.71582   7.50586
-60.71696   7.51136
-60.71806   7.51692
-60.71863   7.52334
-60.71972   7.52889
-60.71915   7.53554
-60.71749   7.54110
-60.71531   7.54585
-60.71250   7.54975
-60.70803   7.55250
-60.70304   7.55416
-60.69835   7.55611
-60.69502   7.56058
-60.69359   7.56614
-60.68861   7.56803
-60.68248   7.56831
-60.67525   7.56803
-60.66999   7.56637
-60.66443   7.56470
-60.65836   7.56390
-60.65417   7.56637
-60.65028   7.56946
-60.64804   7.57444
-60.64638   7.57972
-60.64558   7.58585
-60.64392   7.59140
-60.64220   7.59668
-60.63836   7.60000
-60.63280   7.60109
-60.62999   7.60498
-60.62776   7.60974
-60.62725   7.61667
-60.62610   7.62280
-60.62529   7.62888
-60.62220   7.63306
-60.61665   7.63415
-60.61195   7.63168
-60.60776   7.62888
-60.60192   7.62779
-60.59693   7.62974
-60.59333   7.63306
-60.59029   7.63695
-60.58725   7.64165
-60.58611   7.64778
-60.58667   7.65391
-60.58863   7.65890
-60.58891   7.66497
-60.58725   7.67053
-60.58307   7.67305
-60.58055   7.67781
-60.57831   7.68250
-60.57613   7.68720
-60.57362   7.69196
-60.57196   7.69723
-60.57058   7.70279
-60.57000   7.70972
-60.57275   7.71390
-60.57585   7.71751
-60.57860   7.72169
-60.57917   7.72668
-60.57613   7.73058
-60.57304   7.73447
-60.56892   7.73694
-60.56582   7.74112
-60.56359   7.74582
-60.56193   7.75109
-60.55946   7.75584
-60.55666   7.76003
-60.55224   7.76306
-60.54863   7.76639
-60.54502   7.76971
-60.54141   7.77303
-60.53970   7.77836
-60.53804   7.78386
-60.53723   7.78999
-60.53608   7.79612
-60.53528   7.80220
-60.53138   7.80558
-60.52720   7.80804
-60.52360   7.81136
-60.51999   7.81474
-60.51557   7.81721
-60.51082   7.81887
-60.50640   7.82168
-60.50113   7.82248
-60.49529   7.82391
-60.48944   7.82471
-60.48417   7.82586
-60.47776   7.82637
-60.47083   7.82609
-60.46389   7.82557
-60.45696   7.82529
-60.45054   7.82443
-60.44447   7.82334
-60.43862   7.82248
-60.43140   7.82225
-60.42447   7.82168
-60.41777   7.82139
-60.41055   7.82110
-60.40499   7.82225
-60.39863   7.82248
-60.39445   7.82529
-60.38998   7.82775
-60.38609   7.83027
-60.38081   7.83222
-60.37388   7.83165
-60.36723   7.83142
-60.36002   7.83113
-60.35389   7.83142
-60.34890   7.83331
-60.34472   7.83583
-60.34030   7.83835
-60.33749   7.84247
-60.33945   7.84528
       NA        NA
-61.13803   6.70194
-61.13638   6.70750
-61.13362   6.71140
-61.12915   6.71415
-61.12417   6.71581
-61.11861   6.71696
-61.11248   6.71747
-61.10692   6.71862
-61.10056   6.71890
-61.09443   6.71804
-61.08973   6.71558
-61.08555   6.71277
-61.08028   6.71111
-61.07386   6.71002
-61.07169   6.71472
-61.06945   6.71942
-61.06722   6.72418
-61.06418   6.72836
-61.05971   6.73082
-61.05444   6.72916
-61.04974   6.72693
-61.04556   6.72389
-61.04109   6.72165
-61.03611   6.71942
-61.03083   6.71776
-61.02441   6.71804
-61.02029   6.72085
-61.01582   6.72332
-61.01164   6.72584
-61.00723   6.72836
-61.00304   6.73082
-60.99944   6.73414
-60.99388   6.73529
-60.98861   6.73363
-60.98362   6.73139
-60.97972   6.72836
-60.97641   6.72498
-60.97165   6.72251
-60.96557   6.72165
-60.95916   6.72057
-60.95251   6.72028
-60.94667   6.72137
-60.94110   6.72251
-60.93693   6.72526
-60.93251   6.72779
-60.92971   6.73168
-60.92753   6.73638
-60.92501   6.74114
-60.92220   6.74497
-60.91836   6.74835
-60.91469   6.75168
-60.91057   6.75414
-60.90582   6.75609
-60.90054   6.75775
-60.89584   6.75970
-60.89223   6.76308
-60.89332   6.76864
-60.89613   6.77276
-60.89831   6.77694
-60.90192   6.78055
-60.90416   6.78502
-60.90776   6.78835
-60.91028   6.79276
-60.91224   6.79751
-60.91109   6.80359
-60.90943   6.80914
-60.90582   6.81253
-60.90083   6.81419
-60.89418   6.81390
-60.88834   6.81224
-60.88387   6.81000
-60.87997   6.80720
-60.87585   6.80416
-60.87195   6.80141
-60.86834   6.79780
-60.86444   6.79471
-60.86113   6.79110
-60.85637   6.78886
-60.85167   6.78668
-60.84611   6.78502
-60.83947   6.78474
-60.83305   6.78502
-60.82807   6.78697
-60.82251   6.78806
-60.81609   6.78835
-60.80944   6.78806
-60.80308   6.78835
-60.79609   6.78806
-60.78945   6.78777
-60.78223   6.78749
-60.77695   6.78583
-60.77140   6.78416
-60.76584   6.78250
-60.76108   6.78027
-60.75696   6.77752
-60.75249   6.77500
-60.74831   6.77225
-60.74447   6.76915
-60.73971   6.76692
-60.73502   6.76474
-60.73026   6.76222
-60.72528   6.75998
-60.71915   6.75918
-60.71307   6.75804
-60.70831   6.75998
-60.70391   6.76251
-60.69972   6.76503
-60.69611   6.76835
-60.69164   6.77081
-60.68861   6.77500
-60.68586   6.77889
-60.68276   6.78279
-60.68002   6.78697
-60.67640   6.79001
-60.67388   6.79471
-60.67084   6.79889
-60.66803   6.80279
-60.66500   6.80748
-60.66225   6.81138
-60.65916   6.81528
-60.65640   6.81946
-60.65308   6.82335
-60.64970   6.82748
-60.64609   6.83057
-60.64169   6.83390
-60.63721   6.83636
-60.63223   6.83831
-60.62747   6.84003
-60.62249   6.84192
-60.61693   6.84306
-60.61195   6.84501
-60.60638   6.84581
-60.60169   6.84776
-60.59585   6.84891
-60.59086   6.85086
-60.58553   6.85194
-60.57974   6.85303
-60.57362   6.85332
-60.56720   6.85389
-60.56112   6.85418
-60.55390   6.85389
-60.54778   6.85418
-60.54308   6.85613
-60.53780   6.85808
-60.53362   6.86054
-60.53138   6.86529
-60.52915   6.86971
-60.52692   6.87475
-60.52308   6.87779
-60.51890   6.88025
-60.51391   6.88220
-60.50916   6.88415
-60.50417   6.88581
-60.49890   6.88775
-60.49501   6.89028
-60.49053   6.89280
-60.48555   6.89475
-60.48108   6.89721
-60.47696   6.89973
-60.47220   6.90168
-60.46779   6.90414
-60.46361   6.90666
-60.46000   6.90999
-60.45639   6.91331
-60.45249   6.91640
-60.44888   6.91973
-60.44556   6.92305
-60.44195   6.92637
-60.43834   6.92947
-60.43387   6.93193
-60.42974   6.93474
-60.42528   6.93720
-60.42029   6.93886
-60.41611   6.94167
-60.41250   6.94471
-60.40832   6.94751
-60.40333   6.94918
-60.39806   6.94694
-60.39222   6.94528
-60.38781   6.94305
-60.38305   6.94081
-60.37807   6.93835
-60.37416   6.93554
-60.36804   6.93027
       NA        NA
-61.27915   6.06779
-61.27778   6.07307
-61.27526   6.07776
-61.27251   6.08166
-61.27028   6.08642
-61.26666   6.08974
-61.26443   6.09444
-61.26471   6.10057
-61.26443   6.10613
-61.26111   6.10945
-61.25669   6.11197
-61.25251   6.11443
-61.24804   6.11724
-61.24248   6.11804
-61.23693   6.11942
-61.23000   6.11890
-61.22581   6.12165
-61.22277   6.12555
-61.21916   6.12887
-61.21446   6.13053
-61.20805   6.12973
-61.20335   6.12750
-61.19860   6.12498
-61.19447   6.12641
-61.19138   6.13030
-61.18863   6.13443
-61.18359   6.13609
-61.18055   6.14027
-61.17780   6.14417
-61.17557   6.14887
-61.17390   6.15414
-61.17224   6.15970
-61.17109   6.16583
-61.16943   6.17110
-61.16720   6.17585
-61.16445   6.17998
-61.15998   6.18250
-61.15585   6.18502
-61.15030   6.18611
-61.14445   6.18720
-61.13780   6.18697
-61.13168   6.18611
-61.12445   6.18582
-61.11775   6.18525
-61.11277   6.18720
-61.11002   6.19110
-61.10807   6.19665
-61.10721   6.20278
-61.10778   6.20891
-61.10887   6.21447
-61.11002   6.21997
-61.11110   6.22553
-61.11139   6.23195
-61.11110   6.23859
-61.11002   6.24472
-61.10778   6.24971
-61.10498   6.25360
-61.10194   6.25750
-61.09970   6.26220
-61.09666   6.26638
-61.09638   6.27165
-61.10194   6.27331
-61.10887   6.27360
-61.11277   6.27664
-61.11391   6.28220
-61.11861   6.28443
-61.12194   6.28804
-61.12669   6.29027
-61.13139   6.29251
-61.13557   6.29555
-61.13861   6.29916
-61.14056   6.30391
-61.14165   6.30947
-61.14417   6.31388
-61.14749   6.31749
-61.15030   6.32167
-61.15362   6.32528
-61.15665   6.32889
-61.15803   6.33445
-61.15694   6.34058
-61.15528   6.34585
-61.15305   6.35055
-61.15058   6.35531
-61.14886   6.36081
-61.14806   6.36694
-61.14640   6.37249
-61.14611   6.37914
-61.14525   6.38527
-61.14417   6.39140
-61.14331   6.39747
-61.14165   6.40303
-61.13998   6.40859
-61.13695   6.41249
-61.13414   6.41638
-61.13030   6.41971
-61.12806   6.42446
-61.12721   6.43053
-61.12669   6.43752
-61.12944   6.44165
-61.13110   6.44669
-61.13168   6.45277
-61.13362   6.45775
-61.13666   6.46142
-61.14084   6.46417
-61.14474   6.46720
-61.14806   6.47081
-61.15139   6.47442
-61.15247   6.47998
-61.15362   6.48554
-61.15334   6.49224
-61.15391   6.49860
-61.15471   6.50416
-61.15751   6.50834
-61.15998   6.51252
-61.16336   6.51613
-61.16582   6.52026
-61.17001   6.52335
-61.17447   6.52553
-61.18026   6.52725
-61.18553   6.52891
-61.19167   6.52971
-61.19665   6.53223
-61.19888   6.53642
-61.19665   6.54112
-61.19304   6.54444
-61.19028   6.54833
-61.19275   6.55252
-61.19527   6.55664
-61.19808   6.56111
-61.20112   6.56472
-61.20387   6.56890
-61.20472   6.57446
-61.20472   6.58139
-61.20249   6.58581
-61.19860   6.58919
-61.19585   6.59331
-61.19275   6.59721
-61.19001   6.60139
-61.18639   6.60443
-61.18335   6.60861
-61.18083   6.61331
-61.17946   6.61864
-61.17694   6.62333
-61.17419   6.62723
-61.17253   6.63279
-61.17276   6.63886
-61.17471   6.64390
-61.17585   6.64946
-61.17557   6.65639
-61.17332   6.66109
-61.17029   6.66499
-61.16668   6.66888
-61.16307   6.67221
-61.15946   6.67553
-61.15723   6.68029
-61.15419   6.68418
-61.15058   6.68751
-61.14698   6.69083
-61.14331   6.69415
-61.14027   6.69805
-61.13803   6.70194
       NA        NA
-60.73249   5.20332
-60.74888   5.22251
-60.76447   5.24056
-60.78114   5.25832
-60.79667   5.27637
-60.81248   5.29419
-60.82887   5.31224
-60.84445   5.33000
-60.86026   5.34805
-60.87665   5.36581
-60.89223   5.38391
-60.90862   5.40196
-60.92443   5.41972
-60.94025   5.43748
-60.95669   5.45553
-60.97250   5.47335
-60.98832   5.49140
-61.00471   5.50945
-61.02029   5.52721
-61.03611   5.54503
-61.05249   5.56308
-61.06808   5.58084
-61.08469   5.59889
-61.10028   5.61665
-61.11609   5.63470
-61.13247   5.65251
-61.14835   5.67056
-61.16416   5.68832
-61.18055   5.70637
-61.19637   5.72419
-61.21223   5.74224
-61.22861   5.76000
-61.24443   5.77805
-61.26082   5.79581
-61.27669   5.81392
-61.29222   5.83168
-61.30861   5.84973
-61.32442   5.86749
-61.34029   5.88554
-61.35667   5.90336
-61.37249   5.92140
-61.38973   5.94003
-61.39220   5.94415
-61.39197   5.95108
-61.38973   5.95584
-61.38664   5.95973
-61.38303   5.96306
-61.37862   5.96558
-61.37387   5.96753
-61.36808   5.96919
-61.36332   5.97114
-61.35914   5.97360
-61.35473   5.97612
-61.35054   5.97859
-61.34613   5.98111
-61.34195   5.98391
-61.33834   5.98724
-61.33473   5.99027
-61.33250   5.99497
-61.32998   5.99973
-61.32860   6.00529
-61.32693   6.01056
-61.32528   6.01611
-61.32304   6.02081
-61.32000   6.02471
-61.31720   6.02889
-61.31359   6.03193
-61.30975   6.03611
-61.30608   6.03915
-61.30196   6.04195
-61.29915   6.04585
-61.29668   6.05055
-61.29388   6.05444
-61.29141   6.05914
-61.28775   6.06252
-61.28305   6.06447
-61.27915   6.06779
       NA        NA
-60.11221   5.23168
-60.11192   5.23832
-60.11307   5.24388
-60.11611   5.24749
-60.12304   5.24778
-60.12860   5.24692
-60.13307   5.24417
-60.13639   5.24085
-60.14000   5.23775
-60.14447   5.23529
-60.14945   5.23334
-60.15501   5.23225
-60.16028   5.23110
-60.16750   5.23139
-60.17220   5.23391
-60.17610   5.23666
-60.17942   5.24027
-60.18056   5.24583
-60.18085   5.25196
-60.18136   5.25832
-60.18251   5.26388
-60.18498   5.26806
-60.18887   5.27110
-60.19443   5.27247
-60.20056   5.27362
-60.20750   5.27390
-60.21247   5.27224
-60.21666   5.26972
-60.22027   5.26640
-60.22474   5.26388
-60.22944   5.26193
-60.23499   5.26084
-60.24113   5.25970
-60.24749   5.25947
-60.25247   5.25752
-60.25528   5.25362
-60.25917   5.25030
-60.26192   5.24640
-60.26416   5.24165
-60.26668   5.23695
-60.26943   5.23305
-60.27253   5.22887
-60.27665   5.22641
-60.28141   5.22446
-60.28777   5.22417
-60.29332   5.22308
-60.29722   5.21970
-60.30003   5.21581
-60.30220   5.21111
-60.30444   5.20641
-60.30748   5.20251
-60.31108   5.19919
-60.31584   5.19747
-60.32220   5.19696
-60.32833   5.19805
-60.33360   5.19971
-60.33945   5.20114
-60.34557   5.20223
-60.35027   5.20028
-60.35526   5.19862
-60.36219   5.19890
-60.36781   5.20057
-60.37222   5.20280
-60.37640   5.20584
-60.38030   5.20859
-60.38500   5.21082
-60.38918   5.21392
-60.39611   5.21415
-60.40139   5.21306
-60.40637   5.21140
-60.41141   5.20945
-60.41502   5.20612
-60.41640   5.20085
-60.41834   5.19529
-60.42029   5.19054
-60.42418   5.18750
-60.42780   5.18418
-60.43140   5.18086
-60.43553   5.17834
-60.44057   5.17639
-60.44613   5.17530
-60.45026   5.17834
-60.45111   5.18389
-60.45249   5.18945
-60.45415   5.19415
-60.46057   5.19529
-60.46664   5.19501
-60.47277   5.19444
-60.47891   5.19558
-60.48498   5.19638
-60.49053   5.19805
-60.49695   5.19919
-60.50222   5.20085
-60.50916   5.20114
-60.51471   5.19999
-60.51890   5.19747
-60.52360   5.19558
-60.52886   5.19363
-60.53420   5.19249
-60.53970   5.19140
-60.54611   5.19111
-60.55304   5.19140
-60.55918   5.19249
-60.56525   5.19335
-60.57086   5.19501
-60.57556   5.19724
-60.57946   5.20028
-60.58358   5.20303
-60.58748   5.20612
-60.59086   5.20973
-60.59556   5.21197
-60.60169   5.21306
-60.60862   5.21334
-60.61470   5.21277
-60.62169   5.21334
-60.62833   5.21363
-60.63555   5.21392
-60.64169   5.21472
-60.64775   5.21443
-60.65446   5.21472
-60.66167   5.21500
-60.66695   5.21667
-60.67388   5.21695
-60.68058   5.21753
-60.68695   5.21695
-60.69250   5.21581
-60.69835   5.21472
-60.70304   5.21277
-60.70803   5.21111
-60.71358   5.21002
-60.71863   5.20807
-60.72419   5.20693
-60.72889   5.20526
-60.73249   5.20332
       NA        NA
-60.11221   5.23168
-60.10752   5.22858
-60.10419   5.22497
-60.10110   5.22136
-60.09834   5.21724
-60.09749   5.21168
-60.09611   5.20612
-60.09502   5.20057
-60.09250   5.19638
-60.08998   5.19197
-60.08803   5.18722
-60.08637   5.18223
-60.08442   5.17725
-60.08196   5.17306
-60.08167   5.16693
-60.08030   5.16138
-60.07720   5.15777
-60.07331   5.15473
-60.06833   5.15249
-60.06305   5.15083
-60.05973   5.14722
-60.05640   5.14361
-60.05389   5.13943
-60.05194   5.13445
-60.04890   5.13084
-60.04472   5.12803
-60.04002   5.12585
-60.03527   5.12333
-60.03057   5.12110
-60.02667   5.11835
-60.02277   5.11525
-60.01779   5.11308
-60.01389   5.10998
-60.00919   5.10780
-60.00443   5.10557
-59.99974   5.10305
-59.99447   5.10167
-59.98891   5.10001
-59.98335   5.09835
-59.97888   5.09583
-59.97470   5.09308
-59.97224   5.08861
-59.97058   5.08391
-59.97001   5.07778
-59.97029   5.07085
-59.97001   5.06472
-59.96943   5.05836
-59.97001   5.05165
-59.97137   5.04610
-59.97304   5.04083
-59.97528   5.03613
-59.97694   5.03057
-59.97998   5.02667
-59.98306   5.02249
-59.98530   5.01808
-59.98696   5.01252
-59.98805   5.00639
-59.98833   4.99946
-59.98862   4.99275
-59.98833   4.98639
-59.98862   4.97975
-59.98891   4.97276
-59.98862   4.96668
-59.98891   4.95969
-59.98914   4.95276
-59.99086   4.94749
-59.99252   4.94193
-59.99498   4.93723
-59.99694   4.93248
-59.99888   4.92721
-60.00111   4.92251
-60.00277   4.91724
-60.00443   4.91168
-60.00529   4.90555
-60.00553   4.89862
-60.00610   4.89197
-60.00501   4.88641
-60.00364   4.88086
-60.00335   4.87444
-60.00306   4.86831
-60.00277   4.86223
-60.00306   4.85530
-60.00387   4.84917
-60.00501   4.84304
-60.00581   4.83697
-60.00747   4.83141
-60.00971   4.82665
-60.01223   4.82196
-60.01446   4.81749
-60.01664   4.81279
-60.01836   4.80723
-60.02083   4.80247
-60.02306   4.79778
-60.02472   4.79251
-60.02501   4.78695
-60.02364   4.78139
-60.02197   4.77641
-60.02083   4.77113
-60.01916   4.76609
-60.01779   4.76053
-60.01836   4.75360
-60.01916   4.74753
-60.02025   4.74140
-60.02054   4.73446
-60.02277   4.72971
-60.02581   4.72581
-60.02695   4.71974
-60.02638   4.71361
-60.02581   4.70725
-60.02919   4.70335
-60.03136   4.69860
-60.03417   4.69470
-60.03641   4.69000
-60.03945   4.68611
-60.04248   4.68192
-60.04667   4.67946
-60.05113   4.67694
-60.05583   4.67528
-60.06001   4.67253
-60.06305   4.66863
-60.06586   4.66474
-60.06833   4.65998
-60.06970   4.65442
-60.07027   4.64778
-60.06970   4.64142
-60.07027   4.63471
-60.07056   4.62778
-60.07084   4.62085
-60.07331   4.61609
-60.07612   4.61220
-60.07915   4.60836
-60.08276   4.60498
-60.08614   4.60165
-60.08969   4.59862
-60.09554   4.59753
-60.10167   4.59833
-60.10614   4.60056
-60.11112   4.60303
-60.11720   4.60251
-60.12275   4.60137
-60.12390   4.59667
-60.12252   4.59111
-60.12556   4.58721
-60.12917   4.58389
-60.13416   4.58223
-60.13834   4.57942
-60.14389   4.57833
-60.14808   4.57581
-60.15221   4.57335
-60.15054   4.56831
-60.14945   4.56304
-60.14830   4.55725
-60.14641   4.55249
-60.14613   4.54636
-60.14722   4.54029
-60.14808   4.53387
-60.14974   4.52860
-60.14945   4.52253
-60.14751   4.51749
-60.14275   4.51525
-60.13805   4.51307
-60.13335   4.51055
-60.12808   4.50889
-60.12195   4.50803
-60.11639   4.50637
-60.11026   4.50528
-60.10333   4.50500
-60.09863   4.50419
-60.09388   4.50608
-60.09279   4.51221
-60.09307   4.51835
-60.09279   4.52390
-60.08969   4.52780
-60.08694   4.53170
-60.08276   4.53141
-60.08030   4.52723
-60.07474   4.52556
-60.06861   4.52470
-60.06391   4.52253
-60.06082   4.51886
-60.06030   4.51250
-60.06139   4.50637
-60.06225   4.50030
-60.06030   4.49554
-60.05497   4.49388
-60.04890   4.49417
-60.04197   4.49388
-60.03555   4.49417
-60.02999   4.49525
-60.02530   4.49720
-60.02025   4.49886
-60.01613   4.50139
-60.00971   4.50196
-60.00306   4.50167
-59.99750   4.50001
-59.99361   4.49692
-59.98891   4.49474
-59.98415   4.49251
-59.97808   4.49142
-59.97252   4.49251
-59.96806   4.49503
-59.96777   4.50196
-59.96473   4.50586
-59.96112   4.50918
-59.95442   4.50889
-59.94835   4.50918
-59.94141   4.50889
-59.93499   4.50780
-59.92973   4.50637
-59.92503   4.50391
-59.92165   4.50030
-59.91918   4.49611
-59.91666   4.49193
-59.91248   4.48889
-59.90641   4.48804
-59.90474   4.48305
-59.90359   4.47749
-59.90113   4.47331
-59.89610   4.47497
-59.89248   4.47835
-59.88887   4.48168
-59.88612   4.48557
-59.88166   4.48804
-59.87667   4.48998
-59.87197   4.49165
-59.86641   4.49027
-59.86194   4.48775
-59.85776   4.48500
-59.85724   4.48139
-59.86000   4.47749
-59.86252   4.47280
-59.86057   4.46775
-59.85667   4.46500
-59.84974   4.46443
-59.84390   4.46363
-59.83668   4.46334
-59.83054   4.46220
-59.82584   4.46002
-59.82057   4.45836
-59.81553   4.45612
-59.81112   4.45498
-59.80803   4.45916
-59.80556   4.46391
-59.80276   4.46775
-59.79863   4.46890
-59.79611   4.46472
-59.79336   4.46053
-59.79113   4.45612
-59.78751   4.45251
-59.78362   4.44970
-59.77915   4.44753
-59.77446   4.44501
-59.76947   4.44277
-59.76557   4.44002
-59.76247   4.43641
-59.75835   4.43332
-59.75446   4.43028
-59.74970   4.42805
-59.74414   4.42639
-59.73887   4.42472
-59.73417   4.42249
-59.72942   4.42025
-59.72695   4.41859
-59.72197   4.41642
-59.71721   4.41418
-59.71613   4.40862
-59.71447   4.40364
-59.71194   4.39946
-59.70776   4.39665
-59.70306   4.39419
-59.69859   4.39195
-59.69447   4.38891
-59.68748   4.38863
-59.68140   4.38914
-59.67585   4.38891
-59.67333   4.38444
-59.67275   4.37831
-59.67527   4.37362
-59.67636   4.36749
-59.67585   4.36141
-59.67556   4.35499
-59.67636   4.34886
-59.68026   4.34583
-59.68444   4.34308
-59.68725   4.33918
-59.68891   4.33391
-59.69109   4.32915
-59.69613   4.32721
-59.69974   4.32417
-59.70335   4.32085
-59.70696   4.31752
-59.71057   4.31414
-59.71280   4.30944
-59.71664   4.30641
-59.72002   4.30303
-59.72363   4.29970
-59.72804   4.29724
-59.73085   4.29334
-59.72752   4.28973
-59.72501   4.28555
-59.72083   4.28252
-59.71778   4.27891
-59.71475   4.27530
-59.71332   4.26974
-59.71360   4.26447
-59.71664   4.26028
-59.71888   4.25553
-59.72111   4.25083
-59.72414   4.24694
-59.72695   4.24304
-59.73085   4.23972
-59.73251   4.23444
-59.73280   4.22751
-59.73165   4.22195
-59.73056   4.21640
-59.72942   4.21084
-59.72752   4.20585
-59.72581   4.20110
-59.72386   4.19611
-59.72220   4.19142
-59.71945   4.18695
-59.71692   4.18276
-59.71475   4.17864
-59.71194   4.17417
-59.70862   4.17085
-59.70530   4.16724
-59.70054   4.16472
-59.69664   4.16197
-59.69252   4.15887
-59.68862   4.15583
-59.68335   4.15446
-59.67636   4.15389
-59.66972   4.15360
-59.66278   4.15331
-59.65637   4.15360
-59.64972   4.15331
-59.64502   4.15114
-59.64026   4.14890
-59.63557   4.14638
-59.63304   4.14220
-59.63196   4.13664
-59.63081   4.13108
-59.63304   4.12638
-59.63557   4.12169
-59.63780   4.11693
-59.63998   4.11223
-59.64222   4.10776
-59.64416   4.10221
-59.64553   4.09693
-59.64834   4.09275
-59.65081   4.08834
-59.65224   4.08278
-59.65138   4.07723
-59.64748   4.07442
-59.64250   4.07195
-59.63723   4.07029
-59.63333   4.06748
-59.62864   4.06525
-59.62526   4.06164
-59.62279   4.05723
-59.61970   4.05362
-59.61557   4.05081
-59.61224   4.04720
-59.61248   4.04027
-59.61414   4.03500
-59.61248   4.03001
-59.60778   4.02778
-59.60165   4.02669
-59.59970   4.02193
-59.59861   4.01638
-59.59609   4.01197
-59.59082   4.01030
-59.58583   4.00807
-59.58417   4.00331
-59.58165   3.99890
-59.58137   3.99415
-59.58417   3.99025
-59.58554   3.98475
-59.58389   3.98137
-59.58612   3.97667
-59.58360   3.97220
-59.58028   3.96859
-59.57638   3.96584
-59.57025   3.96613
-59.56527   3.96808
-59.55971   3.96917
-59.55501   3.97083
-59.54860   3.97140
-59.54251   3.97025
-59.54000   3.96613
-59.53667   3.96252
-59.53192   3.96000
-59.52584   3.95914
-59.52109   3.95696
-59.51862   3.95249
-59.51748   3.94693
-59.51639   3.94166
-59.51696   3.93473
-59.51972   3.93083
-59.52470   3.92889
-59.53083   3.92860
-59.53639   3.92889
-59.53862   3.92419
-59.54224   3.92081
-59.54584   3.91748
-59.55002   3.91502
-59.55444   3.91250
-59.55776   3.90918
-59.56086   3.90528
-59.56446   3.90196
-59.56859   3.89944
-59.57363   3.89777
-59.57919   3.89669
-59.58360   3.89416
-59.58309   3.88918
-59.58331   3.88248
-59.58497   3.87692
-59.58669   3.87165
-59.58887   3.86695
-59.59139   3.86219
-59.59168   3.85526
-59.59168   3.84861
-59.58945   3.84415
-59.58554   3.84140
-59.58194   3.83779
-59.58113   3.83223
-59.57919   3.82724
-59.57890   3.82111
-59.57919   3.81418
-59.58194   3.81028
-59.58554   3.80696
-59.58945   3.80387
-59.59168   3.79917
-59.59334   3.79361
-59.59609   3.78971
-59.60193   3.78863
-59.60720   3.79029
-59.61139   3.78777
-59.61500   3.78444
-59.62113   3.78553
-59.62640   3.78719
-59.63196   3.78610
-59.63637   3.78335
-59.64055   3.78083
-59.64474   3.77831
-59.64834   3.77528
-59.65276   3.77253
-59.65694   3.77000
-59.66192   3.76834
-59.66553   3.76502
-59.66834   3.76112
-59.67057   3.75637
-59.67252   3.75081
-59.67109   3.74525
-59.66943   3.74055
-59.66914   3.73419
-59.66943   3.72749
-59.66834   3.72193
-59.66639   3.71695
-59.66553   3.71139
-59.66582   3.70475
-59.66805   3.69999
-59.67166   3.69667
-59.67527   3.69334
-59.67945   3.69082
-59.68307   3.68779
-59.68805   3.68584
-59.69223   3.68332
-59.69584   3.67999
-59.70054   3.67833
-59.70558   3.67638
-59.70999   3.67386
-59.71332   3.67054
-59.71584   3.66584
-59.71750   3.66057
-59.71973   3.65581
-59.72277   3.65192
-59.72695   3.64945
-59.73165   3.64751
-59.73807   3.64722
-59.74362   3.64613
-59.74861   3.64418
-59.75194   3.64086
-59.75446   3.63639
-59.75721   3.63221
-59.76030   3.62831
-59.76443   3.62585
-59.76998   3.62470
-59.77502   3.62276
-59.78058   3.62167
-59.78608   3.62058
-59.79221   3.62029
-59.79863   3.62000
-59.80390   3.61892
-59.80946   3.61777
-59.81445   3.61582
-59.82001   3.61473
-59.82499   3.61307
-59.82975   3.61112
-59.83387   3.60860
-59.83834   3.60614
-59.84252   3.60362
-59.84613   3.60029
-59.84916   3.59640
-59.85083   3.59084
-59.85192   3.58471
-59.85335   3.57944
-59.85501   3.57388
-59.85667   3.56861
-59.85833   3.56391
       NA        NA
-59.85833   3.56391
-59.85638   3.56110
-59.85443   3.55612
-59.85192   3.55194
-59.84859   3.54833
-59.84613   3.54415
-59.84446   3.53916
-59.84252   3.53418
-59.84000   3.52999
-59.83582   3.52724
-59.83192   3.52415
-59.82975   3.52002
-59.82694   3.51584
-59.82447   3.51137
-59.82138   3.50776
-59.81776   3.50415
-59.81473   3.50003
-59.81192   3.49584
-59.81026   3.49086
-59.81055   3.48387
-59.81359   3.47997
-59.81719   3.47694
-59.82195   3.47499
-59.82361   3.47224
-59.82109   3.46806
-59.81972   3.46250
-59.82224   3.45780
-59.82447   3.45304
-59.82613   3.44777
-59.82831   3.44308
-59.83083   3.43832
-59.83307   3.43362
-59.83364   3.42692
-59.82860   3.42445
-59.82447   3.42720
-59.82167   3.43110
-59.81776   3.43442
-59.81306   3.43471
-59.81192   3.42915
-59.81359   3.42388
-59.81582   3.41918
-59.81805   3.41443
-59.81972   3.40916
-59.82086   3.40308
-59.82029   3.39667
-59.81943   3.39111
-59.81748   3.38641
-59.81553   3.38137
-59.81387   3.37667
-59.81192   3.37168
-59.81026   3.36664
-59.80975   3.36194
-59.81192   3.35725
-59.81502   3.35335
-59.81972   3.35140
-59.82665   3.35169
-59.83220   3.35192
-59.83387   3.34665
-59.83278   3.34109
-59.82975   3.33748
-59.82917   3.33278
-59.83141   3.32808
-59.83416   3.32419
-59.83725   3.32000
-59.84000   3.31611
-59.84332   3.31221
-59.84664   3.30889
-59.84974   3.30499
-59.85278   3.30081
-59.85610   3.29777
-59.85833   3.29307
-59.85942   3.28694
-59.86108   3.28139
-59.86555   3.27887
-59.86974   3.27640
-59.87197   3.27165
-59.87305   3.26557
-59.87530   3.26082
-59.87804   3.25692
-59.88028   3.25222
-59.87999   3.24609
-59.87804   3.24111
-59.87638   3.23641
-59.87609   3.22999
-59.87890   3.22610
-59.88332   3.22363
-59.88663   3.22025
-59.89111   3.21779
-59.89443   3.21447
-59.89890   3.21194
-59.90251   3.20862
-59.90474   3.20415
-59.90641   3.19859
-59.90749   3.19252
-59.90641   3.18696
-59.90526   3.18141
-59.90331   3.17665
-59.89948   3.17361
-59.89558   3.17081
-59.89219   3.16720
-59.89219   3.16164
-59.89529   3.15780
-59.90085   3.15665
-59.90641   3.15557
-59.91053   3.15304
-59.91081   3.14886
-59.90778   3.14525
-59.90417   3.14164
-59.90194   3.13752
-59.90027   3.13247
-59.90113   3.12640
-59.90417   3.12251
-59.90836   3.11998
-59.91305   3.11804
-59.91752   3.11557
-59.92165   3.11305
-59.92583   3.11053
-59.92863   3.10641
-59.93247   3.10331
-59.93443   3.09861
-59.93752   3.09472
-59.93998   3.09002
-59.94221   3.08526
-59.94445   3.08056
-59.94748   3.07667
-59.94972   3.07197
-59.95139   3.06641
-59.95276   3.06108
-59.95110   3.05610
-59.95139   3.04945
-59.95304   3.04390
-59.95614   3.04000
-59.95832   3.03530
-59.96055   3.03055
-59.96278   3.02585
-59.96307   3.02058
-59.96055   3.01611
-59.95723   3.01250
-59.95470   3.00832
-59.95390   3.00276
-59.95333   2.99668
-59.95362   2.98969
-59.95528   2.98442
-59.95751   2.97972
-59.95860   2.97359
-59.95889   2.96666
-59.95780   2.96139
-59.95751   2.95497
-59.95974   2.95027
-59.96141   2.94500
-59.96278   2.93945
-59.96582   2.93555
-59.96892   2.93165
-59.97109   2.92695
-59.97332   2.92220
-59.97499   2.91693
-59.97694   2.91137
-59.97780   2.90530
-59.97888   2.89917
-59.97888   2.89252
-59.97998   2.88610
-59.98083   2.87997
-59.98140   2.87333
-59.98169   2.86639
-59.98278   2.86026
-59.98221   2.85419
-59.98278   2.84720
-59.98221   2.84113
-59.98192   2.83500
-59.98502   2.83110
-59.98696   2.82640
-59.99000   2.82250
-59.98833   2.81752
-59.98639   2.81248
-59.98473   2.80778
-59.98335   2.80222
-59.98306   2.79609
-59.98335   2.78916
-59.98363   2.78223
-59.98415   2.77558
-59.98363   2.76916
-59.98415   2.76252
-59.98363   2.75639
-59.98249   2.75083
-59.98278   2.74389
-59.98387   2.73776
-59.98415   2.73083
-59.98502   2.72470
-59.98610   2.71863
-59.98696   2.71250
-59.98805   2.70637
-59.98891   2.70029
-59.98943   2.69359
-59.98891   2.68723
-59.98725   2.68247
-59.98610   2.67835
-59.98278   2.67474
-59.97888   2.67164
-59.97556   2.66804
-59.97304   2.66391
-59.97058   2.65973
-59.96892   2.65474
-59.96668   2.64999
-59.96582   2.64443
-59.96531   2.63836
-59.96502   2.63194
-59.96531   2.62667
-59.96055   2.62415
-59.95665   2.62082
-59.95419   2.61641
-59.95362   2.61028
-59.95528   2.60472
-59.95751   2.60025
-59.95998   2.59556
-59.95665   2.59195
-59.95195   2.58971
-59.94669   2.58805
-59.94193   2.58582
-59.93803   2.58278
-59.93391   2.57997
-59.93001   2.57694
-59.92749   2.57275
-59.92554   2.56777
-59.92611   2.56112
-59.92749   2.55556
-59.92834   2.54943
-59.92886   2.54250
-59.92692   2.53780
-59.92388   2.53419
-59.91999   2.53138
-59.91723   2.52692
-59.91637   2.52142
-59.91586   2.51528
-59.91471   2.50973
-59.91362   2.50417
-59.91196   2.49947
-59.90915   2.49500
-59.90669   2.49082
-59.90417   2.48669
-59.90388   2.48056
-59.90331   2.47415
-59.90308   2.46807
-59.89999   2.46446
-59.89581   2.46166
-59.89334   2.45724
-59.89219   2.45169
-59.89248   2.44498
-59.89277   2.43805
-59.89391   2.43192
-59.89414   2.42527
-59.89168   2.42109
-59.89001   2.41611
-59.88859   2.41055
-59.88916   2.40362
-59.89219   2.39972
-59.89500   2.39582
-59.89804   2.39112
-59.90085   2.38723
-59.90251   2.38167
-59.90056   2.37697
-59.89752   2.37331
-59.89500   2.36918
-59.89391   2.36362
-59.89140   2.35944
-59.88721   2.35640
-59.88194   2.35474
-59.87696   2.35669
-59.87220   2.35554
-59.86888   2.35193
-59.86641   2.34775
-59.86332   2.34414
-59.85833   2.34196
-59.85386   2.33973
-59.85140   2.33555
-59.84974   2.33056
-59.84470   2.32833
-59.83942   2.32804
-59.83335   2.32833
-59.82917   2.32558
-59.82584   2.32197
-59.82275   2.31836
-59.81891   2.31527
-59.81553   2.31166
-59.81221   2.30833
-59.80889   2.30472
-59.80419   2.30220
-59.79943   2.30002
-59.79554   2.29722
-59.79027   2.29556
-59.78419   2.29447
-59.77806   2.29361
-59.77113   2.29303
-59.76443   2.29281
-59.75835   2.29195
-59.75222   2.29086
-59.74529   2.29057
-59.74002   2.28891
-59.73446   2.28725
-59.73194   2.28307
-59.73028   2.27808
-59.73114   2.27195
-59.73222   2.26582
-59.73251   2.26055
-59.73056   2.25556
-59.72890   2.25081
-59.72695   2.24582
-59.72667   2.23975
-59.72752   2.23362
-59.72919   2.22806
-59.73085   2.22279
-59.73165   2.21666
-59.73280   2.21053
-59.73388   2.20446
-59.73526   2.19890
-59.73641   2.19277
-59.73721   2.18669
-59.73887   2.18137
-59.73858   2.17529
-59.73750   2.16973
-59.73641   2.16418
-59.73475   2.15919
-59.73332   2.15363
-59.73165   2.14888
-59.72999   2.14389
-59.72804   2.13920
-59.72695   2.13364
-59.72581   2.12808
-59.72472   2.12252
-59.72443   2.11639
-59.72529   2.11026
-59.72776   2.10556
-59.73114   2.10224
-59.73417   2.09834
-59.73692   2.09445
-59.73887   2.08889
-59.74082   2.08442
-59.74196   2.07835
-59.74362   2.07279
-59.74306   2.06666
-59.74220   2.06110
-59.74054   2.05612
-59.73858   2.05136
-59.73613   2.04724
-59.73280   2.04363
-59.72942   2.04002
-59.72638   2.03641
-59.72581   2.03028
-59.72695   2.02415
-59.72970   2.02002
-59.73137   2.01475
-59.73251   2.00862
-59.73280   2.00530
-59.73303   2.00581
-59.73446   1.99974
-59.73388   1.99361
-59.73280   1.98805
-59.73165   1.98249
-59.73085   1.97693
-59.73085   1.97029
-59.73280   1.96473
-59.73555   1.96083
-59.73779   1.95614
-59.74002   1.95138
-59.74306   1.94748
-59.74666   1.94416
-59.74890   1.93975
-59.75056   1.93419
-59.75222   1.92886
-59.75360   1.92330
-59.75526   1.91803
-59.75640   1.91196
-59.75611   1.90583
-59.75417   1.90084
-59.74947   1.89861
-59.74638   1.89500
-59.74724   1.88887
-59.74890   1.88360
-59.74999   1.87753
-59.75136   1.87197
-59.75194   1.86526
-59.74918   1.86085
-59.74609   1.85747
-59.74139   1.85501
-59.73613   1.85335
-59.72999   1.85249
-59.72443   1.85363
-59.71945   1.85529
-59.71475   1.85724
-59.71085   1.86057
-59.70747   1.86360
-59.70197   1.86332
-59.69722   1.86114
-59.69195   1.85942
-59.68725   1.85724
-59.68192   1.85558
-59.67722   1.85335
-59.67166   1.85169
-59.66777   1.84888
-59.66221   1.84722
-59.65694   1.84555
-59.65081   1.84447
-59.64553   1.84418
-59.64055   1.84613
-59.63499   1.84722
-59.63110   1.84641
       NA        NA
-59.00027   1.33138
-59.01052   1.33167
-59.02193   1.33224
-59.02887   1.33253
-59.03556   1.33276
-59.04250   1.33333
-59.04892   1.33276
-59.05499   1.33253
-59.06112   1.33224
-59.06776   1.33253
-59.07470   1.33276
-59.08083   1.33390
-59.08610   1.33556
-59.09085   1.33780
-59.09555   1.33998
-59.10002   1.34250
-59.10472   1.34473
-59.10999   1.34639
-59.11498   1.34863
-59.12025   1.35029
-59.12580   1.35195
-59.13113   1.35361
-59.13721   1.35447
-59.14334   1.35556
-59.15027   1.35585
-59.15692   1.35613
-59.16225   1.35780
-59.16694   1.35997
-59.17164   1.36249
-59.17640   1.36473
-59.18030   1.36748
-59.18471   1.37000
-59.19026   1.37166
-59.19582   1.37304
-59.20110   1.37470
-59.20722   1.37584
-59.21307   1.37665
-59.22000   1.37722
-59.22636   1.37808
-59.23249   1.37917
-59.23696   1.38140
-59.24166   1.38364
-59.24555   1.38667
-59.24888   1.39028
-59.25277   1.39303
-59.25610   1.39664
-59.25862   1.40082
-59.26166   1.40443
-59.26498   1.40804
-59.26836   1.41165
-59.27140   1.41526
-59.27386   1.41945
-59.27666   1.42363
-59.27833   1.42861
-59.27947   1.43417
-59.28056   1.43973
-59.28114   1.44586
-59.28136   1.45193
-59.28251   1.45749
-59.28331   1.46305
-59.28807   1.46528
-59.29414   1.46637
-59.30027   1.46723
-59.30554   1.46889
-59.30973   1.47193
-59.31225   1.47611
-59.31334   1.48167
-59.31362   1.48780
-59.31471   1.49336
-59.31586   1.49891
-59.31695   1.50447
-59.31804   1.50997
-59.31918   1.51530
-59.32084   1.52029
-59.32417   1.52390
-59.32749   1.52751
-59.33276   1.52917
-59.33694   1.52665
-59.34141   1.52418
-59.34553   1.52166
-59.34972   1.51891
-59.35332   1.51582
-59.35860   1.51610
-59.36359   1.51834
-59.36668   1.52195
-59.36914   1.52613
-59.37109   1.53112
-59.37275   1.53581
-59.37527   1.54000
-59.37860   1.54361
-59.38026   1.54859
-59.38364   1.55220
-59.38805   1.55443
-59.39389   1.55610
-59.39974   1.55724
-59.40581   1.55804
-59.41057   1.56028
-59.41446   1.56332
-59.41693   1.56750
-59.41945   1.57168
-59.42220   1.57581
-59.42392   1.58085
-59.42638   1.58497
-59.42833   1.59002
-59.42999   1.59471
-59.43193   1.59970
-59.43446   1.60388
-59.43612   1.60887
-59.43807   1.61362
-59.44111   1.61723
-59.44500   1.62027
-59.44999   1.62250
-59.45474   1.62474
-59.45864   1.62777
-59.46305   1.63001
-59.46695   1.63304
-59.47084   1.63585
-59.47503   1.63889
-59.47835   1.64250
-59.48081   1.64668
-59.48333   1.65081
-59.48666   1.65447
-59.48889   1.65860
-59.49221   1.66221
-59.49502   1.66639
-59.49720   1.67086
-59.49915   1.67556
-59.50166   1.67974
-59.50419   1.68387
-59.50751   1.68748
-59.50998   1.69194
-59.51250   1.69613
-59.51502   1.70025
-59.51696   1.70529
-59.51914   1.70942
-59.52275   1.71303
-59.52665   1.71664
-59.53140   1.71887
-59.53582   1.72111
-59.54057   1.72334
-59.54527   1.72581
-59.55083   1.72724
-59.55558   1.72970
-59.56086   1.73136
-59.56613   1.73308
-59.57306   1.73331
-59.57919   1.73280
-59.58331   1.73028
-59.58778   1.72775
-59.59111   1.72443
-59.59472   1.72139
-59.59890   1.71887
-59.60583   1.71916
-59.61196   1.72002
-59.61723   1.72168
-59.62251   1.72334
-59.62806   1.72500
-59.63362   1.72667
-59.63803   1.72890
-59.64279   1.73113
-59.64611   1.73474
-59.64915   1.73835
-59.65333   1.74139
-59.65637   1.74500
-59.65975   1.74861
-59.66307   1.75193
-59.66639   1.75554
-59.66943   1.75915
-59.67275   1.76276
-59.67527   1.76694
-59.67780   1.77141
-59.67447   1.77445
-59.67057   1.77777
-59.66639   1.78029
-59.66221   1.78276
-59.65860   1.78614
-59.65556   1.78998
-59.65419   1.79531
-59.65361   1.80224
-59.65138   1.80556
-59.64834   1.81026
-59.64611   1.81473
-59.64336   1.81891
-59.64083   1.82332
-59.63752   1.82665
-59.63442   1.83054
-59.63167   1.83473
-59.63001   1.84137
-59.63110   1.84641
