-73.29528  18.93247
-73.29419  18.93500
-73.29167  18.93832
-73.28944  18.94307
-73.28526  18.94611
-73.27998  18.94777
-73.27557  18.95029
-73.27168  18.95333
-73.26720  18.95585
-73.26250  18.95831
-73.25667  18.95918
-73.25111  18.96084
-73.24526  18.96192
-73.23942  18.96278
-73.23363  18.96358
-73.22887  18.96611
-73.22446  18.96863
-73.21862  18.96943
-73.21191  18.96972
-73.20527  18.97000
-73.19891  18.96891
-73.19416  18.96639
-73.18889  18.96387
-73.18470  18.96084
-73.18080  18.95780
-73.17611  18.95528
-73.17193  18.95167
-73.16694  18.94915
-73.16224  18.94697
-73.15720  18.94445
-73.15221  18.94193
-73.14722  18.93946
-73.14168  18.93780
-73.13669  18.93528
-73.13113  18.93333
-73.12443  18.93225
-73.11887  18.93058
-73.11222  18.92944
-73.10587  18.92806
-73.09944  18.92697
-73.09303  18.92583
-73.08667  18.92474
-73.07945  18.92417
-73.07280  18.92308
-73.06638  18.92164
-73.06054  18.91998
-73.05499  18.91803
-73.04942  18.91637
-73.04444  18.91391
-73.03945  18.91139
-73.03470  18.90915
-73.02972  18.90669
-73.02387  18.90474
-73.01832  18.90308
-73.01333  18.90056
-73.00863  18.89804
-73.00307  18.89638
-72.99803  18.89391
-72.99390  18.89082
-72.98972  18.88778
-72.98554  18.88475
-72.98141  18.88165
-72.97723  18.87862
-72.97305  18.87558
-72.96835  18.87306
-72.96279  18.87140
-72.95638  18.87025
-72.94973  18.86888
-72.94418  18.86721
-72.93919  18.86469
-72.93501  18.86166
-72.93168  18.85805
-72.92750  18.85501
-72.92108  18.85363
-72.91444  18.85249
-72.90831  18.85140
-72.90252  18.84945
-72.89668  18.84779
-72.88974  18.84722
-72.88390  18.84527
-72.87806  18.84361
-72.87336  18.84109
-72.86832  18.83862
-72.86275  18.83696
-72.85720  18.83501
-72.85307  18.83192
-72.84889  18.82888
-72.84557  18.82527
-72.84196  18.82166
-72.83806  18.81834
-72.83388  18.81530
-72.82970  18.81221
-72.82637  18.80860
-72.82391  18.80442
-72.82139  18.80000
-72.81886  18.79554
-72.81640  18.79141
-72.81445  18.78637
-72.81280  18.78138
-72.81113  18.77640
-72.80999  18.77084
-72.80919  18.76528
-72.80804  18.75973
-72.80609  18.75474
-72.80443  18.74970
-72.80334  18.74414
-72.80111  18.73973
-72.79944  18.73475
-72.80168  18.73165
-72.80752  18.73056
-72.81222  18.72833
-72.81388  18.72277
-72.81388  18.71664
-72.81308  18.71108
-72.81359  18.70415
-72.81554  18.69888
-72.82053  18.69722
-72.82586  18.69556
-72.83222  18.69664
-72.83640  18.69974
-72.84052  18.70277
-72.84305  18.70724
-72.84470  18.71194
-72.84666  18.71693
-72.84780  18.72248
-72.84998  18.72695
-72.85748  18.72753
-72.86391  18.72862
-72.87112  18.72919
-72.87834  18.72970
-72.88470  18.72942
-72.89054  18.72999
-72.89610  18.73165
-72.90280  18.73303
-72.90779  18.73526
-72.91415  18.73669
-72.91999  18.73836
-72.92641  18.73944
-72.93197  18.74139
-72.93861  18.74248
-72.94475  18.74363
-72.95226  18.74414
-72.95941  18.74471
-72.96669  18.74529
-72.97305  18.74529
-72.98056  18.74557
-72.98697  18.74557
-72.99413  18.74609
-73.00141  18.74666
-73.00806  18.74775
-73.01362  18.74947
-73.01917  18.75136
-73.02554  18.75251
-73.03138  18.75417
-73.03722  18.75612
-73.04278  18.75806
-73.04696  18.76081
-73.05109  18.76414
-73.05527  18.76723
-73.05830  18.77084
-73.06111  18.77526
-73.06416  18.77886
-73.06833  18.78196
-73.07252  18.78499
-73.07750  18.78751
-73.08169  18.79055
-73.08639  18.79279
-73.09056  18.79611
-73.09555  18.79834
-73.10030  18.80081
-73.10529  18.80333
-73.10999  18.80585
-73.11497  18.80808
-73.12002  18.81055
-73.12500  18.81307
-73.12998  18.81530
-73.13554  18.81720
-73.14110  18.81891
-73.14832  18.81943
-73.15416  18.82138
-73.16058  18.82252
-73.16637  18.82447
-73.17193  18.82613
-73.17834  18.82722
-73.18419  18.82974
-73.19054  18.83083
-73.19776  18.83140
-73.20499  18.83192
-73.21140  18.83307
-73.21805  18.83415
-73.22108  18.83805
-73.22475  18.84166
-73.22807  18.84527
-73.23277  18.84779
-73.23775  18.85025
-73.24280  18.85335
-73.24692  18.85638
-73.25002  18.85999
-73.25197  18.86498
-73.25363  18.87002
-73.25529  18.87501
-73.25804  18.87942
-73.26193  18.88251
-73.26720  18.88475
-73.27030  18.88858
-73.27443  18.89168
-73.27918  18.89391
-73.28330  18.89695
-73.28749  18.89999
-73.29110  18.90388
-73.29443  18.90749
-73.29608  18.91248
-73.29861  18.91666
-73.29947  18.92222
-73.29998  18.92720
-73.29528  18.93247
       NA        NA
-71.75414  19.70585
-71.75139  19.70276
-71.74806  19.69915
-71.74554  19.69474
-71.74223  19.69113
-71.73804  19.68803
-71.73500  19.68419
-71.73306  19.67915
-71.73220  19.67360
-71.73277  19.66695
-71.73415  19.66082
-71.73529  19.65474
-71.73609  19.64775
-71.73666  19.64082
-71.73724  19.63417
-71.73775  19.62724
-71.73695  19.62168
-71.73609  19.61584
-71.73500  19.61028
-71.73335  19.60530
-71.73139  19.60026
-71.72973  19.59527
-71.72807  19.59057
-71.72641  19.58553
-71.72388  19.58112
-71.72222  19.57614
-71.71942  19.57166
-71.71776  19.56668
-71.71529  19.56250
-71.71277  19.55803
-71.71030  19.55362
-71.70779  19.54943
-71.70612  19.54445
-71.70447  19.53946
-71.70332  19.53391
-71.70252  19.52835
-71.70057  19.52331
-71.69862  19.51832
-71.69804  19.51276
-71.69530  19.50835
-71.69363  19.50331
-71.69197  19.49833
-71.69169  19.49220
-71.69169  19.48584
-71.69221  19.47890
-71.69363  19.47306
-71.69473  19.46693
-71.69559  19.46000
-71.69667  19.45387
-71.69804  19.44779
-71.69942  19.44166
-71.69999  19.43473
-71.70057  19.42808
-71.69971  19.42224
-71.69862  19.41668
-71.69776  19.41112
-71.69667  19.40557
-71.69862  19.40029
-71.70274  19.39697
-71.70808  19.39525
-71.71054  19.39084
-71.71198  19.38471
-71.71392  19.37915
-71.71667  19.37474
-71.71919  19.36998
-71.72165  19.36557
-71.72360  19.36001
-71.72641  19.35555
-71.72973  19.35165
-71.73363  19.34833
-71.73833  19.34609
-71.74309  19.34363
-71.73970  19.34558
-71.74360  19.34363
-71.74887  19.34220
-71.75333  19.33973
-71.75803  19.33721
-71.76389  19.33641
-71.76669  19.33194
-71.76417  19.32753
-71.76250  19.32248
-71.75919  19.31888
-71.75609  19.31498
-71.75305  19.31057
-71.75139  19.30581
-71.74973  19.30083
-71.74887  19.29527
-71.74693  19.29029
-71.74474  19.28582
-71.73942  19.28335
-71.73472  19.28083
-71.73083  19.27780
-71.72670  19.27470
-71.72388  19.27029
-71.72086  19.26668
-71.71833  19.26221
-71.71558  19.25780
-71.71140  19.25471
-71.70664  19.25224
-71.70252  19.24915
-71.69920  19.24554
-71.69610  19.24164
-71.69197  19.23861
-71.68780  19.23557
-71.68275  19.23305
-71.67725  19.23110
-71.67221  19.22886
-71.66585  19.22749
-71.66029  19.22583
-71.65279  19.22503
-71.64613  19.22525
-71.63886  19.22474
-71.63251  19.22331
-71.62918  19.21970
-71.62918  19.21334
-71.62889  19.20721
-71.62975  19.20028
-71.63165  19.19500
-71.63359  19.18973
-71.63474  19.18360
-71.63445  19.17724
-71.63445  19.17111
-71.63416  19.16475
-71.63503  19.15805
-71.63611  19.15197
-71.63748  19.14584
-71.63886  19.13971
-71.64081  19.13416
-71.64419  19.13026
-71.64751  19.12665
-71.65141  19.12333
-71.65444  19.11943
-71.65863  19.11582
-71.66252  19.11278
-71.66636  19.10946
-71.66974  19.10556
-71.67307  19.09972
-71.67834  19.09886
       NA        NA
-71.98917  19.71806
-71.98470  19.72058
-71.98086  19.72361
-71.97530  19.72528
-71.97026  19.72694
-71.96471  19.72860
-71.95885  19.72946
-71.95221  19.72946
-71.94470  19.72889
-71.93777  19.72831
-71.93055  19.72780
-71.92390  19.72665
-71.91669  19.72614
-71.91027  19.72470
-71.90414  19.72304
-71.89944  19.72058
-71.89388  19.71863
-71.88804  19.71668
-71.88334  19.71445
-71.87664  19.71307
-71.87085  19.71387
-71.86391  19.71416
-71.86002  19.71112
-71.85830  19.70614
-71.85888  19.70058
-71.86140  19.69583
-71.86334  19.69055
-71.86724  19.68752
-71.87194  19.68500
-71.87807  19.68419
-71.88443  19.68419
-71.89027  19.68442
-71.89612  19.68637
-71.90334  19.68694
-71.90861  19.68528
-71.90832  19.67915
-71.90500  19.67526
-71.90110  19.67222
-71.89692  19.66918
-71.89194  19.66666
-71.88609  19.66471
-71.87974  19.66362
-71.87389  19.66443
-71.86861  19.66609
-71.86391  19.66861
-71.86002  19.67165
-71.85470  19.67331
-71.85028  19.67165
-71.84559  19.66918
-71.84055  19.66666
-71.83750  19.66277
-71.83333  19.65973
-71.82834  19.65721
-71.82359  19.65497
-71.81750  19.65583
-71.81275  19.65807
-71.80891  19.66139
-71.80553  19.66529
-71.80553  19.67136
-71.80972  19.67445
-71.81556  19.67640
-71.82026  19.67887
-71.82553  19.68139
-71.83109  19.68305
-71.83665  19.68500
-71.84249  19.68694
-71.84501  19.69113
-71.84581  19.69668
-71.84530  19.70362
-71.84192  19.70751
-71.83808  19.71055
-71.83281  19.71221
-71.82553  19.71164
-71.81889  19.71193
-71.81138  19.71112
-71.80416  19.71055
-71.79723  19.70998
-71.78972  19.70946
-71.78250  19.70889
-71.77586  19.70780
-71.76864  19.70694
-71.76141  19.70637
-71.75414  19.70585
       NA        NA
-71.77917  18.04221
-71.78502  18.04416
-71.79058  18.04582
-71.79614  18.04777
-71.80112  18.05029
-71.80524  18.05333
-71.80834  18.05694
-71.81138  18.06083
-71.81499  18.06444
-71.81750  18.06891
-71.81831  18.07447
-71.81946  18.08003
-71.82026  18.08553
-71.82278  18.09000
-71.82530  18.09418
-71.82863  18.09808
-71.83109  18.10220
-71.83361  18.10667
-71.83527  18.11165
-71.83945  18.11475
-71.84364  18.11778
-71.84748  18.12082
-71.85165  18.12391
-71.85583  18.12724
-71.86053  18.12970
-71.86443  18.13280
-71.86861  18.13583
-71.87280  18.13887
-71.87612  18.14248
-71.88001  18.14557
-71.88414  18.14890
-71.88752  18.15251
-71.89056  18.15612
-71.89417  18.16001
-71.89749  18.16362
-71.90054  18.16723
-71.90391  18.17113
-71.90804  18.17416
-71.91280  18.17669
-71.91698  18.17972
-71.92196  18.18224
-71.92666  18.18471
-71.93250  18.18637
-71.93806  18.18832
-71.94442  18.18946
-71.95055  18.19084
-71.95720  18.19193
-71.96447  18.19250
-71.97083  18.19250
-71.97748  18.19221
-71.98303  18.19416
-71.98808  18.19668
-71.99364  18.19834
-71.99920  18.20029
-72.00584  18.20138
-72.01140  18.20333
-72.01638  18.20585
-72.02114  18.20831
-72.02583  18.21055
-72.03002  18.21358
-72.03334  18.21748
-72.03724  18.22057
-72.04137  18.22361
-72.04641  18.22613
-72.05196  18.22808
-72.05752  18.22974
-72.06165  18.23278
-72.06583  18.23610
-72.06915  18.23971
-72.07557  18.24028
-72.08164  18.23862
-72.08669  18.23748
-72.09196  18.23610
-72.09780  18.23501
-72.10387  18.23415
-72.10972  18.23335
-72.11556  18.23249
-72.12054  18.23083
-72.12668  18.22974
-72.13252  18.22888
-72.13831  18.22808
-72.14501  18.22779
-72.15166  18.22779
-72.15807  18.22750
-72.16443  18.22722
-72.17028  18.22636
-72.17583  18.22470
-72.18082  18.22304
-72.18638  18.22138
-72.19222  18.22057
-72.19807  18.21971
-72.20391  18.21891
-72.21056  18.21863
-72.21640  18.21777
-72.22225  18.21668
-72.22803  18.21582
-72.23525  18.21639
-72.24167  18.21748
-72.24723  18.21943
-72.25307  18.22138
-72.25943  18.22252
-72.26665  18.22304
-72.27306  18.22275
-72.27971  18.22275
-72.28642  18.22252
-72.29278  18.22252
-72.30000  18.22304
-72.30641  18.22418
-72.31363  18.22470
-72.32000  18.22584
-72.32750  18.22636
-72.33363  18.22779
-72.34113  18.22831
-72.34807  18.22888
-72.35558  18.22945
-72.36136  18.22860
-72.36806  18.22831
-72.37500  18.22888
-72.38222  18.22945
-72.38748  18.22779
-72.39276  18.22613
-72.39803  18.22447
-72.40250  18.22195
-72.40777  18.22029
-72.41224  18.21805
-72.41751  18.21639
-72.42416  18.21610
-72.42891  18.21863
-72.43527  18.21971
-72.44198  18.21971
-72.44725  18.21805
-72.45251  18.21639
-72.45750  18.21473
-72.46335  18.21358
-72.46942  18.21278
-72.47584  18.21387
-72.48220  18.21530
-72.48890  18.21639
-72.49474  18.21553
-72.49973  18.21387
-72.50443  18.21141
-72.50948  18.20975
-72.51526  18.20889
-72.52277  18.20946
-72.52752  18.21192
-72.53165  18.21502
-72.53640  18.21725
-72.54138  18.21971
-72.54723  18.22166
-72.55278  18.22223
-72.55553  18.21748
-72.55748  18.21221
-72.55777  18.20527
-72.55748  18.19914
-72.55582  18.19416
-72.55502  18.18832
-72.54997  18.18614
-72.54585  18.18304
-72.54781  18.17749
-72.55112  18.17359
-72.55445  18.16969
-72.56029  18.16889
-72.56751  18.16947
-72.57387  18.17055
-72.57892  18.17308
-72.58276  18.17611
-72.58779  18.17863
-72.59502  18.17915
-72.60000  18.17749
-72.60664  18.17720
-72.61220  18.17915
-72.61804  18.18081
-72.62195  18.18390
-72.62692  18.18637
-72.63363  18.18751
-72.63862  18.18614
-72.64388  18.18419
-72.64915  18.18276
-72.65414  18.18081
-72.65947  18.17943
-72.66611  18.17915
-72.67248  18.17886
-72.67918  18.17886
-72.68554  18.18001
-72.69276  18.18058
-72.69998  18.18110
-72.70582  18.18001
-72.71167  18.17915
-72.71694  18.17749
-72.72164  18.17502
-72.72697  18.17336
-72.73332  18.17336
-72.73888  18.17359
-72.74473  18.17554
-72.75108  18.17525
-72.75584  18.17308
-72.75636  18.16752
-72.75304  18.16362
-72.75057  18.15944
-72.74943  18.15388
-72.75281  18.14998
-72.75859  18.15027
-72.76278  18.15331
-72.76833  18.15526
-72.77470  18.15640
-72.77974  18.15474
-72.78363  18.15165
-72.78753  18.14832
-72.79222  18.14609
-72.79692  18.14363
-72.80139  18.14110
-72.80724  18.14030
-72.81251  18.13858
-72.81915  18.13836
-72.82471  18.13887
-72.83112  18.14002
-72.83582  18.14248
-72.84167  18.14414
-72.84889  18.14471
-72.85554  18.14471
-72.86138  18.14363
-72.86809  18.14363
-72.87444  18.14334
-72.88029  18.14248
-72.88613  18.14139
-72.89249  18.14248
-72.89805  18.14443
-72.90224  18.14752
-72.90721  18.14998
-72.91220  18.15251
-72.91776  18.15417
-72.92252  18.15669
-72.92836  18.15835
-72.93392  18.16030
-72.94057  18.16139
-72.94664  18.16248
-72.95305  18.16362
-72.95970  18.16500
-72.96612  18.16608
-72.97334  18.16666
-72.97890  18.16832
-72.98526  18.16969
-72.99081  18.17141
-72.99694  18.17336
-73.00250  18.17502
-73.00720  18.17749
-73.01362  18.17863
-73.01997  18.17972
-73.02668  18.18081
-73.03362  18.18138
-73.04026  18.18138
-73.04696  18.18110
-73.05389  18.18167
-73.06140  18.18224
-73.06776  18.18196
-73.07498  18.18253
-73.08220  18.18304
-73.08862  18.18419
-73.09584  18.18471
-73.10306  18.18528
-73.11028  18.18585
-73.11669  18.18694
-73.12225  18.18889
-73.12804  18.19055
-73.13388  18.19250
-73.13863  18.19473
-73.14420  18.19668
-73.14998  18.19834
-73.15473  18.20081
-73.15835  18.20447
-73.16224  18.20751
-73.16694  18.20997
-73.17221  18.21249
-73.17834  18.21358
-73.18470  18.21473
-73.19054  18.21639
-73.19776  18.21696
-73.20499  18.21748
-73.21220  18.21805
-73.21890  18.21777
-73.22527  18.21777
-73.23168  18.21805
-73.23833  18.21805
-73.24555  18.21863
-73.25220  18.21834
-73.25919  18.21891
-73.26669  18.21943
-73.27225  18.22109
-73.27557  18.22470
-73.27608  18.22750
-73.28165  18.22808
-73.28721  18.22974
-73.29253  18.22945
-73.29781  18.22779
-73.30359  18.22693
-73.31001  18.22665
-73.31751  18.22722
-73.32387  18.22693
-73.32914  18.22527
-73.33442  18.22361
-73.33974  18.22195
-73.34553  18.22086
-73.35137  18.22000
-73.35722  18.21914
-73.36140  18.22223
-73.36306  18.22693
-73.36140  18.23249
-73.35946  18.23776
-73.35613  18.24028
-73.35195  18.24280
-73.34582  18.24252
-73.34026  18.24057
-73.33442  18.23891
-73.32892  18.23833
-73.32307  18.23942
-73.31557  18.23891
-73.31058  18.24057
-73.30892  18.24303
-73.31139  18.24750
-73.31779  18.24859
-73.32416  18.24974
-73.33080  18.25083
-73.33723  18.25054
-73.34444  18.25111
-73.35195  18.25168
-73.35888  18.25220
-73.36530  18.25335
-73.37109  18.25529
-73.37664  18.25696
-73.38168  18.25942
-73.38638  18.26194
-73.39085  18.26085
-73.39474  18.25747
-73.40054  18.25667
-73.40804  18.25724
-73.41165  18.25386
-73.41640  18.25168
-73.42225  18.25002
-73.42947  18.25054
-73.43445  18.25277
-73.43915  18.25529
-73.44471  18.25724
-73.45141  18.25696
-73.45668  18.25529
-73.46110  18.25277
-73.46665  18.25111
-73.47221  18.25002
-73.47943  18.25054
-73.48528  18.24974
-73.48997  18.24722
-73.49387  18.24418
-73.49638  18.23942
-73.50029  18.23639
-73.50499  18.23387
-73.51003  18.23220
-73.51501  18.23054
-73.52166  18.23026
-73.52836  18.23003
-73.53249  18.23306
-73.53500  18.23748
-73.53581  18.24303
-73.53776  18.24808
-73.54114  18.25168
-73.54446  18.25529
-73.55111  18.25638
-73.55609  18.25472
-73.56136  18.25306
-73.56583  18.25054
-73.57030  18.24808
-73.56944  18.24389
-73.56669  18.23971
-73.56503  18.23473
-73.56474  18.22860
-73.56669  18.22304
-73.56915  18.21834
-73.57220  18.21444
-73.57695  18.21221
-73.58279  18.21249
-73.58691  18.21553
-73.59081  18.21863
-73.59362  18.22275
-73.59637  18.22166
-73.59832  18.21639
-73.60279  18.21387
-73.60944  18.21502
-73.61419  18.21748
-73.62084  18.21725
-73.62502  18.22029
-73.62611  18.22584
-73.62473  18.23054
-73.62164  18.23473
-73.61832  18.23862
-73.61585  18.24303
-73.61614  18.24808
-73.62027  18.25111
-73.62611  18.25002
-73.63195  18.24916
-73.63448  18.24447
-73.63585  18.23833
-73.63694  18.23220
-73.63889  18.22693
-73.64055  18.22138
-73.64416  18.21748
-73.64725  18.21358
-73.65166  18.21112
-73.65636  18.20889
-73.65808  18.21358
-73.65750  18.22057
-73.65556  18.22613
-73.65390  18.23140
-73.65109  18.23610
-73.64942  18.24137
-73.64805  18.24750
-73.64697  18.25363
-73.65109  18.25529
-73.65498  18.25220
-73.65750  18.24750
-73.66026  18.24280
-73.66249  18.23805
-73.66582  18.23415
-73.66971  18.23112
-73.67556  18.23003
-73.68053  18.23249
-73.68443  18.23553
-73.68971  18.23667
-73.69223  18.23192
-73.69418  18.22665
-73.69612  18.22109
-73.69778  18.21582
-73.69974  18.21055
-73.70277  18.20665
-73.70747  18.20419
-73.71114  18.20081
-73.71670  18.19914
-73.72054  18.19611
-73.72472  18.19359
-73.73027  18.19193
-73.73611  18.19084
-73.74110  18.18918
-73.74585  18.18694
-73.75027  18.18442
-73.75525  18.18276
-73.76000  18.18030
-73.76470  18.17777
-73.76975  18.17611
-73.77502  18.17445
-73.78029  18.17279
-73.78614  18.17164
-73.79055  18.16947
-73.79530  18.16694
-73.79971  18.16442
-73.80332  18.16110
-73.80665  18.15720
-73.81054  18.15417
-73.81445  18.15113
-73.81920  18.14861
-73.82304  18.14529
-73.82693  18.14219
-73.83002  18.13836
-73.83335  18.13446
-73.83558  18.12970
-73.83833  18.12501
-73.84000  18.11973
-73.84137  18.11360
-73.83971  18.10862
-73.83695  18.10443
-73.83443  18.10002
-73.83025  18.09693
-73.82613  18.09389
-73.82280  18.09028
-73.81942  18.08667
-73.81696  18.08220
-73.81445  18.07808
-73.81112  18.07418
-73.80751  18.07057
-73.80447  18.06696
-73.80167  18.06249
-73.79834  18.05889
-73.79668  18.05390
-73.79336  18.05029
-73.79084  18.04611
-73.78888  18.04112
-73.78780  18.03556
-73.78974  18.03138
-73.79336  18.02835
-73.79805  18.02583
-73.80332  18.02416
-73.80917  18.02308
-73.81553  18.02308
-73.82304  18.02330
-73.82944  18.02445
-73.83638  18.02502
-73.84389  18.02554
-73.84973  18.02445
-73.85609  18.02445
-73.86194  18.02330
-73.86864  18.02308
-73.87500  18.02308
-73.88165  18.02279
-73.88583  18.02445
-73.89082  18.02668
-73.89586  18.02915
-73.89889  18.03276
-73.90221  18.03666
-73.90416  18.04141
-73.90526  18.04697
-73.90697  18.05195
-73.90807  18.05751
-73.90972  18.06249
-73.91167  18.06748
-73.91471  18.07109
-73.91752  18.07556
-73.91998  18.07974
-73.92250  18.08415
-73.92503  18.08834
-73.92776  18.09280
-73.93109  18.09641
-73.93527  18.09945
-73.93860  18.10306
-73.94250  18.10610
-73.94444  18.11114
-73.94640  18.11612
-73.94720  18.12168
-73.95000  18.12580
-73.95304  18.12970
-73.95665  18.13331
-73.96055  18.13641
-73.96552  18.13858
-73.97108  18.14053
-73.97613  18.14277
-73.98083  18.14529
-73.98444  18.14890
-73.98610  18.15388
-73.98804  18.15886
-73.99223  18.16196
-73.99693  18.16419
-74.00111  18.16723
-74.00443  18.17113
-74.00776  18.17474
-74.01028  18.17886
-74.01303  18.18333
-74.01527  18.18751
-74.01692  18.18832
-74.01916  18.18780
-74.02306  18.19084
-74.02666  18.19445
-74.03136  18.19697
-74.03640  18.19943
-74.04058  18.20253
-74.04471  18.20556
-74.04861  18.20860
-74.05279  18.21169
-74.05778  18.21387
-74.06167  18.21696
-74.06586  18.22000
-74.06998  18.22304
-74.07502  18.22556
-74.08058  18.22722
-74.08390  18.23083
-74.08751  18.23444
-74.09084  18.23833
-74.09502  18.24137
-74.09805  18.24498
-74.10303  18.24722
-74.10860  18.24916
-74.11530  18.25025
-74.12252  18.25083
-74.12807  18.25249
-74.13444  18.25363
-74.14000  18.25529
-74.14664  18.25638
-74.15305  18.25747
-74.15804  18.25999
-74.16280  18.26251
-74.16778  18.26475
-74.17110  18.26859
-74.17442  18.27220
-74.17695  18.27724
-74.17890  18.28222
-74.18136  18.28641
-74.18417  18.29082
-74.18835  18.29362
-74.19391  18.29557
-74.20055  18.29529
-74.20748  18.29586
-74.21247  18.29804
-74.21723  18.30056
-74.22250  18.30308
-74.22806  18.30474
-74.23362  18.30640
-74.24084  18.30692
-74.24725  18.30669
-74.25470  18.30721
-74.26192  18.30778
-74.26833  18.30749
-74.27498  18.30721
-74.28025  18.30554
-74.28472  18.30222
-74.28862  18.29918
-74.29251  18.29586
-74.29642  18.29277
-74.30083  18.29030
-74.30472  18.28692
-74.30971  18.28526
-74.31446  18.28280
-74.32024  18.28194
-74.32609  18.28222
-74.33165  18.28417
-74.33749  18.28583
-74.34334  18.28749
-74.34969  18.28944
-74.35583  18.29053
-74.36195  18.28944
-74.36781  18.29139
-74.37251  18.29362
-74.37669  18.29666
-74.37915  18.30113
-74.38253  18.30474
-74.38614  18.30835
-74.39083  18.31082
-74.39639  18.31248
-74.40224  18.31419
-74.40636  18.31723
-74.40831  18.32222
-74.41055  18.32640
-74.41553  18.32886
-74.42029  18.33138
-74.42556  18.33362
-74.43054  18.33614
-74.43610  18.33780
-74.44085  18.34027
-74.44665  18.34193
-74.44917  18.34640
-74.44945  18.35253
-74.45111  18.35751
-74.45168  18.36358
-74.45111  18.36914
-74.44917  18.37447
-74.44888  18.38003
-74.45054  18.38501
-74.45335  18.38914
-74.45667  18.39281
-74.45999  18.39664
-74.46417  18.39945
-74.46750  18.40335
-74.47248  18.40558
-74.47666  18.40862
-74.47918  18.41303
-74.48165  18.41721
-74.48360  18.42220
-74.48640  18.42638
-74.48360  18.43114
-74.48113  18.43583
-74.47723  18.43887
-74.47472  18.44363
-74.47168  18.44752
-74.46778  18.45085
-74.46584  18.45612
-74.46332  18.46082
-74.46280  18.46637
-74.45970  18.47027
-74.45667  18.47416
-74.45862  18.47915
-74.45862  18.48528
-74.45472  18.48860
-74.45082  18.49164
-74.44778  18.49445
-74.44332  18.49668
-74.44280  18.50081
-74.44109  18.50636
-74.43725  18.50946
-74.43610  18.51553
-74.43559  18.52166
-74.43610  18.52808
-74.43415  18.53335
-74.43169  18.53805
-74.42974  18.54332
-74.42641  18.54722
-74.42332  18.55140
-74.41943  18.55444
-74.41553  18.55776
-74.41306  18.56223
-74.41192  18.56836
-74.41386  18.57334
-74.41639  18.57776
-74.41891  18.58194
-74.42137  18.58641
-74.42252  18.59196
-74.42361  18.59752
-74.42389  18.60222
-74.42361  18.60778
-74.42109  18.61248
-74.41639  18.61500
-74.41192  18.61752
-74.40751  18.61970
-74.40361  18.62308
-74.39806  18.62474
-74.39445  18.62806
-74.39192  18.63247
-74.38723  18.63585
-74.38196  18.63751
-74.37553  18.63780
-74.36970  18.63861
-74.36391  18.63975
-74.35835  18.64141
-74.35250  18.64250
-74.34666  18.64336
-74.34167  18.64525
-74.33640  18.64697
-74.33113  18.64863
-74.32667  18.65109
-74.32139  18.65276
-74.31612  18.65442
-74.31028  18.65556
-74.30609  18.65253
-74.30111  18.65001
-74.29475  18.64892
-74.28724  18.64834
-74.28306  18.65081
-74.27974  18.65470
-74.28025  18.65831
-74.27917  18.66307
-74.27390  18.66473
-74.26805  18.66582
-74.26306  18.66473
-74.25888  18.66169
-74.25224  18.66192
-74.24696  18.66358
-74.24250  18.66611
-74.23665  18.66725
-74.23000  18.66725
-74.22279  18.66697
-74.21557  18.66639
-74.20834  18.66582
-74.20164  18.66611
-74.19529  18.66502
-74.18944  18.66611
-74.18359  18.66697
-74.17775  18.66725
-74.17197  18.66553
-74.16778  18.66250
-74.16222  18.66084
-74.15581  18.65946
-74.14916  18.65831
-74.14360  18.65665
-74.13862  18.65442
-74.13277  18.65253
-74.12722  18.65081
-74.12304  18.64777
-74.11891  18.64474
-74.11386  18.64221
-74.11002  18.63918
-74.10499  18.63694
-74.10000  18.63442
-74.09531  18.63196
-74.09026  18.62972
-74.08556  18.62720
-74.08138  18.62416
-74.07720  18.62113
-74.07141  18.61947
-74.06557  18.61781
-74.06081  18.61528
-74.05669  18.61225
-74.05250  18.60915
-74.04832  18.60612
-74.04333  18.60360
-74.03864  18.60136
-74.03359  18.59890
-74.02804  18.59723
-74.02225  18.59529
-74.01555  18.59557
-74.01057  18.59723
-74.00587  18.59970
-74.00082  18.60136
-73.99555  18.60331
-73.98971  18.60417
-73.98306  18.60308
-73.97751  18.60136
-73.97332  18.59833
-73.96919  18.59529
-73.96581  18.59168
-73.96278  18.58778
-73.95998  18.58360
-73.95585  18.58056
-73.95058  18.57942
-73.94553  18.58113
-73.94250  18.58498
-73.93613  18.58389
-73.93081  18.58137
-73.92668  18.57862
-73.92359  18.57472
-73.92084  18.57197
-73.91752  18.56836
-73.91248  18.56584
-73.90526  18.56527
-73.89947  18.56641
-73.89362  18.56721
-73.88612  18.56664
-73.87998  18.56555
-73.87415  18.56389
-73.86835  18.56194
-73.86251  18.56303
-73.85804  18.56555
-73.85363  18.56807
-73.84779  18.56750
-73.84360  18.56446
-73.83862  18.56194
-73.83363  18.55971
-73.82888  18.55724
-73.82332  18.55558
-73.81920  18.55249
-73.81416  18.55002
-73.81083  18.54641
-73.80751  18.54280
-73.80418  18.53891
-73.80087  18.53530
-73.79668  18.53221
-73.79163  18.52974
-73.78722  18.53221
-73.78391  18.53610
-73.78081  18.54000
-73.77611  18.54252
-73.76946  18.54280
-73.76391  18.54109
-73.75835  18.53920
-73.75113  18.53862
-73.74442  18.53891
-73.73915  18.54057
-73.73417  18.54223
-73.72947  18.54470
-73.72637  18.54859
-73.72363  18.55335
-73.72196  18.55862
-73.71886  18.56252
-73.71474  18.56584
-73.70941  18.56750
-73.70444  18.56916
-73.69917  18.57082
-73.69303  18.57197
-73.68639  18.57220
-73.68025  18.57111
-73.67361  18.56973
-73.66724  18.56859
-73.66141  18.56973
-73.65636  18.57140
-73.65086  18.57306
-73.64639  18.57558
-73.64112  18.57724
-73.63613  18.57890
-73.63058  18.58056
-73.62553  18.58222
-73.61975  18.58331
-73.61362  18.58417
-73.60777  18.58526
-73.60113  18.58555
-73.59471  18.58555
-73.58749  18.58498
-73.58165  18.58331
-73.57752  18.58028
-73.57500  18.57581
-73.57558  18.57054
-73.57947  18.56721
-73.58331  18.56418
-73.58554  18.55942
-73.58835  18.55472
-73.59225  18.55169
-73.59608  18.54859
-73.60142  18.54664
-73.60669  18.54498
-73.61391  18.54556
-73.62112  18.54613
-73.62805  18.54664
-73.63470  18.54641
-73.64140  18.54750
-73.64805  18.54722
-73.65304  18.54556
-73.65808  18.54807
-73.66220  18.55111
-73.66695  18.55363
-73.67194  18.55581
-73.67751  18.55776
-73.68334  18.55667
-73.68861  18.55501
-73.69389  18.55335
-73.69859  18.55083
-73.70363  18.54917
-73.70747  18.54613
-73.71056  18.54223
-73.70833  18.53776
-73.70334  18.53530
-73.69749  18.53364
-73.69056  18.53306
-73.68559  18.53054
-73.67837  18.53026
-73.67303  18.53054
-73.67057  18.52613
-73.67303  18.52166
-73.67498  18.51611
-73.67303  18.51112
-73.67000  18.50751
-73.66638  18.50390
-73.66220  18.50081
-73.65831  18.49777
-73.65195  18.49668
-73.64530  18.49697
-73.63997  18.49863
-73.63419  18.49943
-73.62891  18.50109
-73.62307  18.50224
-73.61665  18.50109
-73.61082  18.49915
-73.60445  18.49806
-73.59861  18.49892
-73.59276  18.50000
-73.58887  18.50304
-73.58417  18.50556
-73.57919  18.50722
-73.57362  18.50889
-73.56778  18.50998
-73.56280  18.51169
-73.55666  18.51336
-73.55083  18.51416
-73.54555  18.51582
-73.53970  18.51696
-73.53444  18.51863
-73.52917  18.52029
-73.52390  18.52195
-73.51804  18.52304
-73.51221  18.52390
-73.50694  18.52556
-73.50057  18.52447
-73.49554  18.52195
-73.48997  18.52029
-73.48361  18.51914
-73.47697  18.51914
-73.47112  18.52029
-73.46391  18.51971
-73.45668  18.51914
-73.45027  18.51805
-73.44363  18.51834
-73.43720  18.51719
-73.42999  18.51668
-73.42334  18.51696
-73.41640  18.51639
-73.41027  18.51444
-73.40414  18.51336
-73.39779  18.51221
-73.39114  18.51112
-73.38472  18.50998
-73.37807  18.50860
-73.37194  18.50751
-73.36444  18.50694
-73.35888  18.50528
-73.35332  18.50361
-73.34776  18.50167
-73.34278  18.49915
-73.33780  18.49697
-73.33361  18.49387
-73.32892  18.49141
-73.32387  18.48889
-73.31803  18.48723
-73.31252  18.48528
-73.30525  18.48471
-73.29889  18.48362
-73.29253  18.48247
-73.28583  18.48138
-73.27889  18.48081
-73.27225  18.47972
-73.26498  18.47915
-73.25775  18.47863
-73.25363  18.47554
-73.24807  18.47388
-73.24085  18.47330
-73.23363  18.47279
-73.22750  18.47359
-73.22195  18.47474
-73.21725  18.47697
-73.21335  18.48030
-73.21026  18.48333
-73.20556  18.48637
-73.19891  18.48665
-73.19249  18.48557
-73.18527  18.48499
-73.17892  18.48391
-73.17169  18.48333
-73.16442  18.48276
-73.15806  18.48167
-73.15055  18.48110
-73.14420  18.48001
-73.13863  18.47806
-73.13308  18.47640
-73.12890  18.47330
-73.12804  18.46781
-73.12443  18.46391
-73.12030  18.46082
-73.11692  18.45720
-73.11302  18.45417
-73.10804  18.45165
-73.10334  18.44918
-73.09916  18.44609
-73.09361  18.44443
-73.08891  18.44695
-73.08306  18.44637
-73.07721  18.44752
-73.07332  18.45056
-73.06943  18.45359
-73.06416  18.45526
-73.05750  18.45554
-73.05109  18.45583
-73.04444  18.45583
-73.03780  18.45612
-73.03138  18.45640
-73.02530  18.45720
-73.02026  18.45915
-73.01441  18.46001
-73.00915  18.46167
-73.00388  18.46334
-72.99860  18.46500
-72.99276  18.46586
-72.98554  18.46528
-72.98279  18.46442
-72.98474  18.46666
-72.98056  18.46500
-72.97305  18.46442
-72.96669  18.46334
-72.96056  18.46225
-72.95472  18.46030
-72.94888  18.45864
-72.94251  18.45720
-72.93610  18.45612
-72.92973  18.45503
-72.92332  18.45388
-72.91833  18.45136
-72.91249  18.44947
-72.90642  18.44832
-72.90057  18.44666
-72.90224  18.44248
-72.90556  18.43858
-72.90389  18.43497
-72.89891  18.43194
-72.89473  18.42890
-72.88997  18.42776
-72.88447  18.42942
-72.88000  18.43194
-72.87611  18.43497
-72.87221  18.43835
-72.86832  18.44139
-72.86391  18.44391
-72.85863  18.44557
-72.85250  18.44637
-72.84608  18.44666
-72.84030  18.44471
-72.83474  18.44305
-72.82832  18.44197
-72.82167  18.44053
-72.81554  18.43944
-72.80804  18.43887
-72.80334  18.43641
-72.79944  18.43331
-72.79331  18.43165
-72.78696  18.43165
-72.78111  18.43280
-72.77526  18.43360
-72.76804  18.43308
-72.76221  18.43136
-72.75665  18.42942
-72.75108  18.42776
-72.74530  18.42581
-72.73975  18.42414
-72.73361  18.42500
-72.73000  18.42804
-72.72610  18.43136
-72.72221  18.43446
-72.71751  18.43692
-72.71224  18.43916
-72.70834  18.44248
-72.70387  18.44471
-72.69975  18.44775
-72.69528  18.45027
-72.69053  18.45279
-72.68669  18.45583
-72.68279  18.45915
-72.67976  18.46276
-72.67695  18.46752
-72.67442  18.47222
-72.67197  18.47669
-72.66944  18.48138
-72.66669  18.48608
-72.66446  18.49055
-72.66280  18.49668
-72.66165  18.50276
-72.66028  18.50889
-72.65919  18.51502
-72.65638  18.51971
-72.65472  18.52527
-72.65139  18.52888
-72.64750  18.53221
-72.64417  18.53610
-72.64194  18.54057
-72.63919  18.54527
-72.63610  18.54917
-72.63197  18.55220
-72.62749  18.55472
-72.62195  18.55639
-72.61610  18.55724
-72.61025  18.55833
-72.60447  18.55919
-72.59943  18.56085
-72.59473  18.56332
-72.58888  18.56418
-72.58166  18.56360
-72.57582  18.56194
-72.57026  18.55999
-72.56470  18.55833
-72.55943  18.55581
-72.55553  18.55277
-72.55141  18.54945
-72.54665  18.54722
-72.54001  18.54584
-72.53445  18.54556
-72.52860  18.54641
-72.52196  18.54664
-72.51612  18.54750
-72.50948  18.54779
-72.50305  18.54779
-72.49641  18.54807
-72.48890  18.54750
-72.48248  18.54779
-72.47669  18.54859
-72.47086  18.54945
-72.46472  18.55054
-72.45836  18.55054
-72.45332  18.54807
-72.44913  18.54498
-72.44363  18.54332
-72.43723  18.54223
-72.43058  18.54086
-72.42639  18.54332
-72.42221  18.54641
-72.41975  18.55111
-72.41637  18.55501
-72.41195  18.55724
-72.40639  18.55558
-72.40279  18.55169
-72.40027  18.54750
-72.39780  18.54304
-72.39528  18.53891
-72.39029  18.53639
-72.38474  18.53444
-72.38055  18.53140
-72.37585  18.52888
-72.37167  18.52584
-72.36583  18.52556
-72.36056  18.52722
-72.35558  18.52859
-72.35001  18.53026
-72.34692  18.53415
-72.34497  18.53971
-72.34389  18.54584
-72.34308  18.55249
-72.34332  18.55890
-72.34418  18.56446
-72.34526  18.57002
-72.34389  18.57609
-72.34280  18.58222
-72.34137  18.58835
-72.34222  18.59391
-72.34361  18.59947
-72.34497  18.60446
-72.34526  18.61082
-72.34555  18.61695
-72.34583  18.62308
-72.34497  18.63001
-72.34308  18.63528
-72.34137  18.64084
-72.33775  18.64474
-72.33472  18.64863
-72.33083  18.65167
-72.32693  18.65470
-72.32360  18.65860
-72.32114  18.66335
-72.32137  18.66943
-72.32309  18.67447
-72.32475  18.67946
-72.32807  18.68335
-72.33305  18.68553
-72.33999  18.68610
-72.34583  18.68530
-72.35334  18.68581
-72.35804  18.68834
-72.36222  18.69137
-72.36721  18.69390
-72.37138  18.69693
-72.37529  18.70003
-72.37861  18.70386
-72.38279  18.70696
-72.38915  18.70805
-72.39585  18.70919
-72.40279  18.70971
-72.41029  18.71028
-72.41665  18.71028
-72.42307  18.71137
-72.42972  18.71251
-72.43527  18.71446
-72.44025  18.71693
-72.44444  18.72002
-72.44833  18.72306
-72.45166  18.72667
-72.45498  18.73056
-72.45750  18.73475
-72.46002  18.73916
-72.46278  18.74334
-72.46610  18.74724
-72.46919  18.75085
-72.47331  18.75388
-72.47750  18.75692
-72.48168  18.76001
-72.48558  18.76305
-72.49056  18.76557
-72.49778  18.76609
-72.50443  18.76609
-72.51113  18.76586
-72.51669  18.76781
-72.52139  18.76998
-72.52723  18.77193
-72.53193  18.77445
-72.53692  18.77697
-72.54167  18.77915
-72.54694  18.78167
-72.55083  18.78471
-72.55502  18.78780
-72.55915  18.79084
-72.56138  18.79525
-72.56419  18.79972
-72.56528  18.80528
-72.56614  18.81083
-72.56779  18.81582
-72.57026  18.82000
-72.57307  18.82447
-72.57611  18.82808
-72.57971  18.83192
-72.58304  18.83553
-72.58614  18.83914
-72.58974  18.84361
-72.59278  18.84750
-72.59610  18.85111
-72.59972  18.85472
-72.60194  18.85919
-72.60526  18.86280
-72.60859  18.86664
-72.61140  18.87082
-72.61387  18.87529
-72.61725  18.87890
-72.62028  18.88251
-72.62447  18.88641
-72.62859  18.88944
-72.63277  18.89248
-72.63443  18.89752
-72.63776  18.90113
-72.64027  18.90555
-72.64417  18.90915
-72.64836  18.91248
-72.65248  18.91557
-72.65752  18.91780
-72.66165  18.92084
-72.66640  18.92331
-72.67053  18.92640
-72.67557  18.92886
-72.67976  18.93196
-72.68388  18.93500
-72.69029  18.93637
-72.69666  18.93752
-72.70250  18.93918
-72.70720  18.94164
-72.71138  18.94473
-72.71471  18.94863
-72.71803  18.95224
-72.72083  18.95665
-72.72307  18.96084
-72.72582  18.96530
-72.72891  18.96891
-72.73138  18.97332
-72.73499  18.97693
-72.73750  18.98141
-72.74140  18.98444
-72.74501  18.98805
-72.74834  18.99166
-72.75137  18.99556
-72.75498  18.99917
-72.75830  19.00278
-72.76249  19.00581
-72.76559  19.00971
-72.76971  19.01280
-72.77470  19.01526
-72.77888  19.01836
-72.78306  19.02140
-72.78724  19.02443
-72.79137  19.02753
-72.79612  19.02999
-72.80030  19.03303
-72.80529  19.03526
-72.80947  19.03836
-72.81359  19.04168
-72.81835  19.04391
-72.82001  19.04890
-72.82110  19.05446
-72.82139  19.06082
-72.82053  19.06752
-72.81944  19.07359
-72.81692  19.07835
-72.81359  19.08224
-72.81027  19.08608
-72.80557  19.08860
-72.80054  19.09027
-72.79475  19.09113
-72.78861  19.09221
-72.78277  19.09307
-72.77721  19.09473
-72.77137  19.09554
-72.76501  19.09582
-72.75859  19.09473
-72.75108  19.09416
-72.74387  19.09359
-72.73693  19.09307
-72.73029  19.09336
-72.72473  19.09473
-72.72083  19.09806
-72.71780  19.10195
-72.71448  19.10585
-72.71109  19.10975
-72.70914  19.11502
-72.70806  19.12109
-72.70886  19.12665
-72.71058  19.13169
-72.71419  19.13610
-72.71889  19.13862
-72.72387  19.14109
-72.72943  19.14281
-72.73447  19.14527
-72.74026  19.14693
-72.74582  19.14888
-72.75000  19.15197
-72.75418  19.15501
-72.75808  19.15805
-72.76140  19.16194
-72.76415  19.16613
-72.76667  19.17054
-72.76862  19.17558
-72.77108  19.17971
-72.77332  19.18417
-72.77612  19.18859
-72.77859  19.19277
-72.78197  19.19638
-72.78529  19.20028
-72.78861  19.20388
-72.79194  19.20749
-72.79527  19.21139
-72.79865  19.21500
-72.80139  19.21947
-72.80219  19.22503
-72.79887  19.22886
-72.79251  19.22915
-72.79057  19.23442
-72.79303  19.23889
-72.79194  19.24221
-72.78724  19.24445
-72.78363  19.24640
-72.78168  19.25167
-72.78053  19.25780
-72.77916  19.26387
-72.77721  19.26914
-72.77583  19.27556
-72.77470  19.28169
-72.77137  19.28553
-72.76501  19.28415
-72.75779  19.28364
-72.75195  19.28473
-72.74668  19.28639
-72.74192  19.28863
-72.73808  19.29195
-72.73418  19.29498
-72.73000  19.29332
-72.72473  19.29086
-72.71860  19.28971
-72.71390  19.29223
-72.71500  19.29642
-72.71665  19.30140
-72.71860  19.30610
-72.72192  19.31000
-72.72530  19.31360
-72.72777  19.31808
-72.72891  19.32363
-72.73361  19.32610
-72.74026  19.32724
-72.74610  19.32638
-72.75108  19.32472
-72.75808  19.32443
-72.76306  19.32695
-72.76610  19.33056
-72.77029  19.33360
-72.76971  19.34053
-72.77086  19.34609
-72.77166  19.35165
-72.77280  19.35721
-72.77303  19.36362
-72.77303  19.36970
-72.77166  19.37583
-72.76919  19.38058
-72.76472  19.38276
-72.75974  19.38058
-72.75555  19.37749
-72.75137  19.37445
-72.74668  19.37193
-72.74083  19.36998
-72.73499  19.36970
-72.73058  19.37193
-72.72582  19.37445
-72.72278  19.37835
-72.71997  19.38305
-72.71751  19.38752
-72.71751  19.39388
-72.72026  19.39835
-72.72278  19.40253
-72.72610  19.40614
-72.72943  19.40998
-72.73195  19.41416
-72.73275  19.42000
-72.73086  19.42528
-72.72582  19.42694
-72.71917  19.42585
-72.71448  19.42333
-72.71195  19.41891
-72.71081  19.41336
-72.70834  19.40889
-72.70336  19.40665
-72.69666  19.40665
-72.69139  19.40832
-72.68502  19.40723
-72.67832  19.40751
-72.67638  19.41278
-72.67918  19.41502
-72.68331  19.41805
-72.68748  19.42138
-72.69001  19.42556
-72.69081  19.43112
-72.69196  19.43668
-72.69276  19.44223
-72.69391  19.44808
-72.69666  19.45220
-72.70084  19.45249
-72.70554  19.45026
-72.71058  19.45140
-72.71528  19.45364
-72.72054  19.45610
-72.72335  19.45501
-72.72610  19.45026
-72.73000  19.44722
-72.73585  19.44642
-72.74249  19.44613
-72.74891  19.44584
-72.75555  19.44584
-72.76140  19.44470
-72.76638  19.44722
-72.77057  19.45026
-72.77499  19.45335
-72.77807  19.45724
-72.78139  19.46086
-72.78392  19.46498
-72.78580  19.46945
-72.78833  19.47386
-72.79114  19.47804
-72.79331  19.48251
-72.79527  19.48750
-72.79778  19.49168
-72.80030  19.49609
-72.80557  19.49861
-72.81027  19.50113
-72.81669  19.50222
-72.82248  19.50389
-72.82803  19.50583
-72.83308  19.50807
-72.83720  19.51139
-72.84196  19.51362
-72.84723  19.51609
-72.85192  19.51861
-72.85611  19.52164
-72.86029  19.52474
-72.86528  19.52720
-72.87083  19.52887
-72.87748  19.53030
-72.88303  19.53196
-72.88722  19.53500
-72.89221  19.53752
-72.89697  19.53998
-72.90224  19.54222
-72.90613  19.54554
-72.91083  19.54777
-72.91501  19.55081
-72.91920  19.55419
-72.92498  19.55637
-72.93054  19.55832
-72.93558  19.56084
-72.94057  19.56336
-72.94640  19.56502
-72.95197  19.56697
-72.95861  19.56805
-72.96417  19.56972
-72.96887  19.57224
-72.97392  19.57527
-72.97803  19.57831
-72.98084  19.58278
-72.98388  19.58725
-72.98669  19.59138
-72.98972  19.59527
-72.99248  19.59945
-72.99723  19.60192
-73.00474  19.60249
-73.00915  19.60003
-73.01441  19.59831
-73.02113  19.59808
-73.02748  19.59945
-73.03333  19.60111
-73.03831  19.60364
-73.04336  19.60610
-73.04805  19.60833
-73.05303  19.61086
-73.05779  19.61332
-73.06444  19.61447
-73.07114  19.61555
-73.07664  19.61750
-73.08220  19.61916
-73.08804  19.62111
-73.09389  19.62277
-73.09973  19.62472
-73.10529  19.62638
-73.11113  19.62696
-73.11692  19.62667
-73.12225  19.62501
-73.12609  19.62168
-73.12861  19.61721
-73.13250  19.61389
-73.13720  19.61166
-73.14442  19.61223
-73.15027  19.61389
-73.15416  19.61693
-73.15835  19.62002
-73.16442  19.62197
-73.16998  19.62363
-73.17720  19.62415
-73.18275  19.62581
-73.18860  19.62776
-73.19501  19.62890
-73.20086  19.63085
-73.20584  19.63303
-73.21002  19.63612
-73.21335  19.64002
-73.21748  19.64305
-73.22108  19.64111
-73.22389  19.63664
-73.22584  19.63114
-73.22836  19.62638
-73.23363  19.62472
-73.23942  19.62386
-73.24612  19.62363
-73.24835  19.62386
-73.24750  19.62444
-73.25197  19.62472
-73.25833  19.62581
-73.26498  19.62581
-73.27168  19.62558
-73.27889  19.62610
-73.28526  19.62581
-73.29276  19.62638
-73.29889  19.62529
-73.30553  19.62529
-73.31058  19.62363
-73.31665  19.62249
-73.32336  19.62220
-73.32972  19.62220
-73.33636  19.62197
-73.34278  19.62306
-73.35001  19.62363
-73.35693  19.62335
-73.36363  19.62306
-73.37057  19.62363
-73.37641  19.62415
-73.38220  19.62581
-73.38724  19.62833
-73.39280  19.62999
-73.39858  19.63194
-73.40501  19.63303
-73.41027  19.63555
-73.41446  19.63859
-73.41835  19.64168
-73.42305  19.64472
-73.42832  19.64724
-73.43164  19.65085
-73.43583  19.65388
-73.43887  19.65749
-73.44305  19.66053
-73.44723  19.66362
-73.45055  19.66752
-73.45416  19.67113
-73.45668  19.67526
-73.46001  19.67915
-73.46275  19.68333
-73.46528  19.68780
-73.46471  19.69330
-73.46419  19.70001
-73.46362  19.70694
-73.46253  19.71307
-73.46196  19.72001
-73.46362  19.72499
-73.46110  19.72946
-73.45915  19.73502
-73.45720  19.74029
-73.45525  19.74584
-73.45222  19.74974
-73.44889  19.75364
-73.44695  19.75891
-73.44247  19.76137
-73.44053  19.76664
-73.43864  19.77220
-73.43692  19.77472
-73.43359  19.77862
-73.42970  19.78194
-73.42638  19.78584
-73.42334  19.78973
-73.41721  19.79053
-73.41084  19.78945
-73.40414  19.78836
-73.39887  19.79002
-73.39446  19.79248
-73.38834  19.79334
-73.38335  19.79501
-73.37945  19.79833
-73.37664  19.80280
-73.37280  19.80612
-73.36891  19.80916
-73.36581  19.81305
-73.36387  19.81861
-73.36942  19.82027
-73.37556  19.81947
-73.37945  19.81609
-73.38443  19.81443
-73.39194  19.81500
-73.39916  19.81557
-73.40581  19.81666
-73.41222  19.81775
-73.41807  19.81970
-73.41417  19.82279
-73.41027  19.82612
-73.40752  19.83053
-73.40276  19.83305
-73.39612  19.83334
-73.38971  19.83362
-73.38220  19.83305
-73.37721  19.83334
-73.37138  19.83419
-73.36472  19.83442
-73.35779  19.83471
-73.35166  19.83362
-73.34502  19.83248
-73.33974  19.83419
-73.33442  19.83586
-73.32914  19.83752
-73.32445  19.83998
-73.32055  19.84308
-73.31585  19.84554
-73.31139  19.84777
-73.30611  19.84972
-73.30026  19.85058
-73.29419  19.85138
-73.28835  19.85253
-73.28359  19.85471
-73.27918  19.85723
-73.27391  19.85889
-73.26973  19.86221
-73.26583  19.86531
-73.26136  19.86777
-73.25610  19.86943
-73.25002  19.87029
-73.24612  19.87361
-73.24165  19.87613
-73.23695  19.87831
-73.23249  19.88083
-73.22779  19.88336
-73.22389  19.88639
-73.21999  19.88971
-73.21472  19.89137
-73.21002  19.89361
-73.20470  19.89527
-73.20029  19.89779
-73.19553  19.90026
-73.19083  19.90278
-73.18694  19.90582
-73.18304  19.90891
-73.18001  19.91303
-73.17639  19.91693
-73.17336  19.92054
-73.17027  19.92472
-73.16666  19.92862
-73.16361  19.93251
-73.16167  19.92942
-73.15835  19.92581
-73.15473  19.92220
-73.15055  19.91916
-73.14637  19.91613
-73.14001  19.91613
-73.13445  19.91779
-73.12861  19.91888
-73.12196  19.91916
-73.11554  19.91916
-73.11446  19.92054
-73.10999  19.92025
-73.10277  19.91974
-73.09779  19.91722
-73.09303  19.91470
-73.08752  19.91223
-73.08083  19.91109
-73.07361  19.91057
-73.06696  19.90942
-73.06054  19.90748
-73.05499  19.90582
-73.04971  19.90335
-73.04336  19.90220
-73.03945  19.90387
-73.03751  19.90942
-73.03362  19.91252
-73.02777  19.91332
-73.02192  19.91166
-73.01470  19.91109
-73.00887  19.91195
-73.00307  19.91303
-72.99694  19.91389
-72.99081  19.91498
-72.98502  19.91447
-72.98027  19.91195
-72.97500  19.90971
-72.97196  19.90582
-72.96864  19.90220
-72.96669  19.90610
-72.96417  19.91086
-72.96222  19.91613
-72.95667  19.91779
-72.95082  19.91888
-72.94555  19.92054
-72.94113  19.92306
-72.93501  19.92386
-72.92916  19.92472
-72.92389  19.92638
-72.91724  19.92667
-72.91002  19.92610
-72.90332  19.92501
-72.89697  19.92386
-72.89083  19.92472
-72.88584  19.92638
-72.87971  19.92724
-72.87387  19.92833
-72.86832  19.92999
-72.86333  19.93165
-72.85720  19.93251
-72.85056  19.93280
-72.84470  19.93360
-72.83944  19.93526
-72.83279  19.93555
-72.82752  19.93721
-72.82277  19.93973
-72.81750  19.94139
-72.81136  19.94220
-72.80500  19.94248
-72.79836  19.94277
-72.79166  19.94277
-72.78444  19.94220
-72.77888  19.94054
-72.77303  19.93859
-72.76804  19.93612
-72.76221  19.93446
-72.75665  19.93251
-72.75000  19.93137
-72.74364  19.93028
-72.73637  19.92971
-72.72972  19.92833
-72.72307  19.92724
-72.71665  19.92610
-72.71030  19.92501
-72.70525  19.92386
-72.70473  19.92249
-72.70307  19.92363
-72.69804  19.92249
-72.69139  19.92140
-72.68502  19.92025
-72.67918  19.91830
-72.67362  19.91664
-72.66864  19.91418
-72.66360  19.91166
-72.65947  19.90862
-72.65529  19.90553
-72.64973  19.90364
-72.64308  19.90249
-72.63747  19.90083
-72.63335  19.89779
-72.62916  19.89447
-72.62498  19.89137
-72.62085  19.88834
-72.61530  19.88668
-72.60945  19.88473
-72.60361  19.88582
-72.59805  19.88725
-72.59169  19.88748
-72.58498  19.88639
-72.57943  19.88444
-72.57530  19.88141
-72.57112  19.87831
-72.56751  19.87470
-72.56361  19.87167
-72.56029  19.86777
-72.55697  19.86416
-72.55336  19.86055
-72.55026  19.85666
-72.54694  19.85304
-72.54333  19.84943
-72.54001  19.84554
-72.53445  19.84388
-72.52780  19.84250
-72.52305  19.84027
-72.51972  19.83637
-72.51554  19.83334
-72.50919  19.83225
-72.50305  19.83030
-72.50053  19.82749
-72.49670  19.82417
-72.49309  19.82056
-72.48666  19.81947
-72.48002  19.81970
-72.47475  19.81861
-72.47251  19.82308
-72.47057  19.82864
-72.46553  19.82612
-72.46054  19.82360
-72.45664  19.82056
-72.45138  19.81804
-72.44582  19.81638
-72.44169  19.81305
-72.43527  19.81196
-72.42943  19.81030
-72.42387  19.80836
-72.41802  19.80641
-72.41167  19.80526
-72.40416  19.80474
-72.39890  19.80641
-72.39585  19.81030
-72.39110  19.81277
-72.38697  19.80973
-72.38416  19.80526
-72.38331  19.79970
-72.37998  19.79580
-72.37666  19.79220
-72.37248  19.78916
-72.36916  19.78555
-72.36497  19.78223
-72.36193  19.77862
-72.35781  19.77558
-72.35363  19.77249
-72.34858  19.77002
-72.34389  19.76750
-72.34164  19.76252
-72.33999  19.75747
-72.33833  19.75249
-72.33415  19.74945
-72.33002  19.74642
-72.33140  19.74029
-72.33500  19.74138
-72.33833  19.74499
-72.34251  19.74808
-72.34778  19.74779
-72.34583  19.74275
-72.34332  19.73862
-72.34164  19.73364
-72.34193  19.72665
-72.33891  19.72304
-72.33695  19.71863
-72.33363  19.71502
-72.32973  19.71193
-72.32555  19.70889
-72.31890  19.70751
-72.31363  19.70918
-72.31026  19.71307
-72.31139  19.71863
-72.31306  19.72361
-72.30974  19.72751
-72.30585  19.73083
-72.30418  19.73335
-72.30859  19.73364
-72.31363  19.73553
-72.31552  19.73914
-72.31277  19.74224
-72.30974  19.74470
-72.31003  19.74974
-72.31501  19.75220
-72.31667  19.75725
-72.31747  19.76280
-72.31168  19.76223
-72.30750  19.75919
-72.30029  19.75862
-72.29472  19.75805
-72.28722  19.75696
-72.28166  19.75501
-72.27719  19.75278
-72.27169  19.75083
-72.26723  19.75192
-72.26390  19.75581
-72.26196  19.76108
-72.25806  19.76498
-72.25336  19.76664
-72.24946  19.77054
-72.24802  19.77667
-72.24557  19.78114
-72.24030  19.78303
-72.23279  19.78223
-72.22723  19.78114
-72.22082  19.78137
-72.21417  19.78137
-72.20861  19.78332
-72.20362  19.78360
-72.20334  19.77724
-72.20305  19.77111
-72.20362  19.76555
-72.20638  19.76086
-72.20889  19.75639
-72.20947  19.74945
-72.20638  19.74556
-72.20225  19.74252
-72.19640  19.74086
-72.19057  19.73891
-72.18334  19.73834
-72.17612  19.73777
-72.17028  19.73582
-72.16386  19.73473
-72.15859  19.73502
-72.15418  19.73748
-72.14943  19.73971
-72.14552  19.74304
-72.14169  19.74613
-72.13613  19.74779
-72.13109  19.74665
-72.12805  19.74304
-72.12444  19.73914
-72.12112  19.73553
-72.11860  19.73112
-72.11442  19.72808
-72.10972  19.72556
-72.10387  19.72390
-72.09752  19.72252
-72.09081  19.72275
-72.08502  19.72361
-72.07832  19.72390
-72.07110  19.72333
-72.06360  19.72252
-72.05804  19.72081
-72.05391  19.71777
-72.04974  19.71473
-72.04641  19.71084
-72.04302  19.70723
-72.03970  19.70333
-72.03558  19.70029
-72.03082  19.69777
-72.02498  19.69611
-72.01919  19.69554
-72.01386  19.69720
-72.01003  19.70029
-72.00722  19.70499
-72.00469  19.70975
-72.00137  19.71359
-71.99610  19.71502
-71.98917  19.71806
       NA        NA
-71.85389  18.96891
-71.85556  18.96891
-71.85583  18.96278
-71.85612  18.95253
-71.85583  18.94748
-71.85389  18.94806
-71.84776  18.94777
-71.84249  18.94943
-71.83859  18.95253
-71.83470  18.95556
-71.83086  18.95860
-71.82610  18.96112
-71.82112  18.96278
-71.81499  18.96358
-71.80914  18.96445
-71.80250  18.96473
-71.79528  18.96416
-71.78886  18.96278
-71.78387  18.96026
-71.77917  18.95780
-71.77586  18.95419
-71.77305  18.94972
-71.77081  18.94554
-71.76915  18.94055
-71.76720  18.93557
-71.76526  18.93058
-71.76308  18.92612
-71.76056  18.92193
-71.75803  18.91752
-71.75305  18.90887
-71.74944  18.90503
-71.74641  18.90136
-71.74223  18.89832
-71.73724  18.89500
-71.73335  18.89197
-71.72858  18.88944
-71.72360  18.88692
-71.71942  18.88389
-71.71695  18.87971
-71.71529  18.87472
-71.71581  18.86779
-71.71776  18.86251
-71.71890  18.85638
-71.72086  18.85083
-71.72251  18.84470
-71.72360  18.83862
-71.72332  18.83249
-71.72251  18.82693
-71.72086  18.82195
-71.71833  18.81748
-71.71581  18.81336
-71.71335  18.80889
-71.71140  18.80390
-71.70974  18.79892
-71.70860  18.79336
-71.70860  18.78723
-71.70917  18.78030
-71.71054  18.77416
-71.71198  18.76803
-71.71306  18.76196
-71.71443  18.75583
-71.71581  18.74970
-71.71862  18.74500
-71.72057  18.73973
-71.72222  18.73446
-71.72360  18.72833
-71.72417  18.72140
-71.72613  18.71613
-71.72887  18.71137
-71.73220  18.70747
-71.73666  18.70530
-71.74251  18.70444
-71.74887  18.70415
-71.75609  18.70415
-71.76113  18.70249
-71.76611  18.70083
-71.77081  18.69831
-71.77528  18.69613
-71.77861  18.69223
-71.78193  18.68834
-71.78445  18.68364
-71.78720  18.67888
-71.78972  18.67447
-71.79305  18.67057
-71.79832  18.66891
-71.80335  18.66668
-71.80805  18.66416
-71.81195  18.66112
-71.81470  18.65636
-71.81585  18.65029
-71.81722  18.64416
-71.81918  18.63889
-71.82140  18.63362
-71.82359  18.62886
-71.82748  18.62583
-71.83166  18.62250
-71.83693  18.62113
-71.84192  18.61947
-71.84748  18.61781
-71.85332  18.61666
-71.86053  18.61752
-71.86696  18.61861
-71.87223  18.61695
-71.87749  18.61528
-71.88277  18.61362
-71.88724  18.61139
-71.89251  18.60973
-71.89835  18.60864
-71.90500  18.60864
-71.91056  18.61110
-71.91388  18.61471
-71.91640  18.61918
-71.91887  18.62359
-71.92225  18.62720
-71.92803  18.62915
-71.93388  18.62806
-71.93887  18.62669
-71.94362  18.62416
-71.94889  18.62250
-71.95336  18.61998
-71.95914  18.62056
-71.96419  18.62308
-71.97054  18.62416
-71.97501  18.62193
-71.97971  18.61947
-71.98281  18.61557
-71.98694  18.61248
-71.99083  18.60944
-71.99501  18.60612
-71.99920  18.60388
-72.00304  18.60085
-71.99999  18.59638
-71.99696  18.59248
-71.99277  18.58944
-71.98859  18.58641
-71.98447  18.58331
-71.98057  18.58028
-71.97639  18.57724
-71.97279  18.57334
-71.96974  18.56973
-71.96642  18.56584
-71.96304  18.56223
-71.96058  18.55805
-71.95720  18.55415
-71.95307  18.55111
-71.94917  18.54722
-71.94585  18.54280
-71.94247  18.53920
-71.93915  18.53553
-71.93611  18.53169
-71.93250  18.52808
-71.92947  18.52447
-71.92609  18.52057
-71.92276  18.51696
-71.91944  18.51307
-71.91525  18.50998
-71.91222  18.50636
-71.90861  18.50253
-71.90557  18.49892
-71.90139  18.49582
-71.89721  18.49278
-71.89417  18.48918
-71.89056  18.48528
-71.88804  18.48081
-71.88500  18.47720
-71.88529  18.47308
-71.88919  18.46998
-71.89308  18.46694
-71.89778  18.46442
-71.90167  18.46139
-71.90557  18.45835
-71.90832  18.45359
-71.91027  18.44832
-71.90999  18.44197
-71.90752  18.43778
-71.90334  18.43446
-71.89915  18.43136
-71.89360  18.42970
-71.88862  18.42724
-71.88306  18.42529
-71.87664  18.42414
-71.86999  18.42277
-71.86391  18.42168
-71.85641  18.42111
-71.85086  18.41916
-71.84581  18.41664
-71.84278  18.41303
-71.83997  18.40862
-71.83779  18.40444
-71.83527  18.40002
-71.83281  18.39556
-71.83000  18.39137
-71.82697  18.38748
-71.82359  18.38444
-71.81860  18.38220
-71.81448  18.37888
-71.81057  18.37584
-71.80553  18.37332
-71.80141  18.37029
-71.79665  18.36777
-71.79253  18.36473
-71.78777  18.36221
-71.78307  18.35975
-71.77889  18.35665
-71.77305  18.35499
-71.76835  18.35253
-71.76331  18.35000
-71.75775  18.34806
-71.75305  18.34554
-71.74806  18.34307
-71.74309  18.34055
-71.73753  18.33889
-71.73196  18.33694
-71.72692  18.33442
-71.72137  18.33276
-71.71667  18.33030
-71.71082  18.32835
-71.70447  18.32720
-71.69862  18.32525
-71.69473  18.32222
-71.69667  18.31695
-71.69999  18.31305
-71.70252  18.30835
-71.70584  18.30445
-71.70888  18.30056
-71.71249  18.29666
-71.71558  18.29277
-71.71833  18.28835
-71.72137  18.28446
-71.72417  18.27970
-71.72670  18.27529
-71.72916  18.27054
-71.73196  18.26584
-71.73443  18.26137
-71.73695  18.25667
-71.73890  18.25140
-71.74165  18.24664
-71.74417  18.24223
-71.74693  18.23748
-71.74944  18.23278
-71.75196  18.22831
-71.75471  18.22361
-71.75775  18.21971
-71.76113  18.21582
-71.76446  18.21192
-71.76720  18.20751
-71.76915  18.20224
-71.77029  18.19611
-71.76864  18.19112
-71.76691  18.18614
-71.76583  18.18058
-71.76417  18.17554
-71.76250  18.17055
-71.76084  18.16557
-71.75919  18.16053
-71.75724  18.15554
-71.75557  18.15056
-71.75391  18.14557
-71.75111  18.14139
-71.74806  18.13749
-71.74474  18.13389
-71.74669  18.12861
-71.74915  18.12391
-71.75111  18.11859
-71.75248  18.11251
-71.75139  18.10696
-71.74973  18.10111
-71.74887  18.09555
-71.74944  18.08862
-71.75139  18.08335
-71.75333  18.07808
-71.75528  18.07275
-71.75919  18.06943
-71.76250  18.06553
-71.76583  18.06169
-71.76972  18.05860
-71.77305  18.05470
-71.77557  18.05029
-71.77752  18.04473
-71.77917  18.04221
       NA        NA
-71.67834  19.09886
-71.68361  19.09720
-71.68974  19.09611
-71.69444  19.09388
-71.69747  19.08998
-71.70057  19.08608
-71.70332  19.08138
-71.70612  19.07692
-71.70860  19.07222
-71.71111  19.06752
-71.71392  19.06305
-71.71500  19.05692
-71.71776  19.05222
-71.72165  19.04919
-71.72692  19.04752
-71.73277  19.04666
-71.73753  19.04414
-71.74028  19.03973
-71.74223  19.03417
-71.74474  19.02971
-71.74721  19.02443
-71.75002  19.01974
-71.75391  19.01664
-71.75861  19.01418
-71.76308  19.01194
-71.76778  19.00942
-71.77168  19.00638
-71.77442  19.00169
-71.77752  18.99779
-71.78142  18.99470
-71.78691  18.99303
-71.79333  18.99303
-71.80054  18.99332
-71.80777  18.99418
-71.81332  18.99252
-71.81750  18.99000
-71.82416  18.99000
-71.83028  18.98914
-71.83418  18.98582
-71.83887  18.98364
-71.84192  18.97974
-71.84473  18.97499
-71.84776  18.97109
-71.85252  18.96891
-71.85389  18.96891
       NA        NA
-73.79805  18.62474
-73.79444  18.62669
-73.79055  18.62972
-73.78722  18.63362
-73.78333  18.63694
-73.77748  18.63780
-73.77113  18.63666
-73.76528  18.63471
-73.75806  18.63442
-73.75165  18.63333
-73.74500  18.63196
-73.73887  18.63081
-73.73251  18.62972
-73.72580  18.62863
-73.72030  18.62691
-73.71526  18.62445
-73.71114  18.62141
-73.70776  18.61781
-73.70609  18.61276
-73.70638  18.60721
-73.70890  18.60251
-73.71360  18.60027
-73.71807  18.59775
-73.72277  18.59529
-73.72723  18.59277
-73.73085  18.58973
-73.73555  18.58721
-73.73944  18.58417
-73.74471  18.58251
-73.75084  18.58137
-73.75777  18.58194
-73.76276  18.58446
-73.76861  18.58612
-73.77336  18.58858
-73.77914  18.59030
-73.78471  18.59196
-73.79026  18.59391
-73.79530  18.59638
-73.79862  18.59999
-73.79971  18.60555
-73.79862  18.61168
-73.79805  18.61723
-73.79805  18.62474
       NA        NA
-72.94778  20.06166
-72.94251  20.06303
-72.93804  20.06556
-72.93335  20.06808
-72.92916  20.07111
-72.92527  20.07444
-72.92028  20.07610
-72.91558  20.07833
-72.90945  20.07942
-72.90361  20.08028
-72.89748  20.08137
-72.89221  20.08280
-72.88613  20.08389
-72.88029  20.08475
-72.87444  20.08584
-72.86832  20.08664
-72.86253  20.08750
-72.85583  20.08779
-72.84918  20.08807
-72.84167  20.08750
-72.83474  20.08693
-72.82861  20.08779
-72.82391  20.09031
-72.81864  20.09197
-72.81194  20.09220
-72.80557  20.09082
-72.79973  20.08916
-72.79417  20.08721
-72.78999  20.08418
-72.78501  20.08194
-72.78111  20.07862
-72.77583  20.07638
-72.77108  20.07386
-72.76696  20.07083
-72.76278  20.06779
-72.75859  20.06470
-72.75361  20.06223
-72.74776  20.06028
-72.74140  20.05914
-72.73637  20.05667
-72.73086  20.05501
-72.72502  20.05306
-72.71860  20.05192
-72.71362  20.04946
-72.70777  20.04779
-72.70113  20.04636
-72.69471  20.04527
-72.68886  20.04361
-72.68250  20.04224
-72.67780  20.03971
-72.67248  20.03748
-72.66778  20.03502
-72.66280  20.03250
-72.65804  20.02997
-72.65391  20.02694
-72.65110  20.02275
-72.64693  20.01943
-72.64223  20.01720
-72.63638  20.01525
-72.63140  20.01278
-72.62721  20.00975
-72.62303  20.00665
-72.62137  20.00167
-72.62195  19.99474
-72.62447  19.99027
-72.62836  19.98695
-72.63443  19.98609
-72.64027  19.98528
-72.64613  19.98695
-72.65196  19.98889
-72.65833  19.98998
-72.66503  19.98998
-72.67081  19.98889
-72.67695  19.98803
-72.68359  19.98780
-72.69029  19.98752
-72.69752  19.98803
-72.70307  19.98998
-72.70834  19.99250
-72.71224  19.99554
-72.71722  19.99806
-72.72359  19.99915
-72.73029  20.00030
-72.73693  20.00001
-72.74335  20.00001
-72.75028  19.99972
-72.75665  20.00081
-72.76140  20.00333
-72.76667  20.00585
-72.77086  20.00889
-72.77555  20.01193
-72.78053  20.01445
-72.78529  20.01697
-72.79194  20.01806
-72.79944  20.01863
-72.80557  20.02000
-72.81222  20.02109
-72.81886  20.02224
-72.82362  20.02470
-72.83028  20.02585
-72.83669  20.02694
-72.84390  20.02751
-72.85056  20.02723
-72.85720  20.02723
-72.86333  20.02613
-72.86917  20.02528
-72.87611  20.02499
-72.88224  20.02636
-72.88808  20.02808
-72.89307  20.03055
-72.89862  20.03221
-72.90527  20.03358
-72.91191  20.03473
-72.91833  20.03582
-72.92417  20.03777
-72.93054  20.03891
-72.93638  20.04058
-72.94280  20.04195
-72.94778  20.04418
-72.95248  20.04665
-72.95609  20.05026
-72.95638  20.05667
-72.95277  20.06057
-72.94778  20.06166
       NA        NA
-73.70747  18.09109
-73.70724  18.09527
-73.70609  18.10140
-73.70219  18.10443
-73.69693  18.10472
-73.69280  18.10335
-73.68696  18.10415
-73.68278  18.10111
-73.67779  18.10140
-73.67303  18.10386
-73.66805  18.10415
-73.66559  18.10002
-73.66220  18.09613
-73.65974  18.09195
-73.65636  18.08805
-73.65057  18.08639
-73.64502  18.08473
-73.63918  18.08553
-73.63390  18.08725
-73.62862  18.08891
-73.62359  18.09057
-73.61780  18.09166
-73.61109  18.09195
-73.60387  18.09137
-73.59804  18.08971
-73.59334  18.08725
-73.58835  18.08473
-73.58417  18.08169
-73.57998  18.07859
-73.57752  18.07447
-73.57666  18.06891
-73.57638  18.06249
-73.58027  18.05946
-73.58474  18.05694
-73.59053  18.05614
-73.59780  18.05636
-73.60445  18.05636
-73.61082  18.05751
-73.61723  18.05860
-73.62387  18.05974
-73.63029  18.05946
-73.63665  18.05917
-73.64416  18.05974
-73.65000  18.05889
-73.65585  18.05780
-73.66169  18.05694
-73.66747  18.05722
-73.67252  18.05974
-73.67470  18.06387
-73.67837  18.06834
-73.68053  18.07275
-73.68415  18.07642
-73.68833  18.07945
-73.69223  18.08249
-73.69945  18.08307
-73.70500  18.08473
-73.70747  18.09109
