-78.37278  18.26280
-78.37112  18.26664
-78.36808  18.27082
-78.36499  18.27472
-78.36057  18.27752
-78.35667  18.28056
-78.35307  18.28389
-78.34831  18.28669
-78.34470  18.28973
-78.34304  18.29529
-78.34195  18.30142
-78.34109  18.30749
-78.34058  18.31442
-78.33971  18.32055
-78.34224  18.32474
-78.34419  18.32972
-78.34556  18.33528
-78.34390  18.34055
-78.34166  18.34525
-78.34029  18.35167
-78.34166  18.35723
-78.33971  18.36250
-78.33611  18.36582
-78.33163  18.36834
-78.32528  18.36891
-78.32001  18.36639
-78.31525  18.36416
-78.31193  18.36834
-78.30975  18.37304
-78.30585  18.37636
-78.30225  18.37946
-78.29836  18.38278
-78.29474  18.38610
-78.29085  18.38942
-78.28637  18.39194
-78.28139  18.38971
-78.27641  18.38748
-78.26999  18.38639
-78.26970  18.39194
-78.27084  18.39750
-78.26919  18.40306
-78.26529  18.40610
-78.26111  18.40891
-78.25584  18.41057
-78.25114  18.41303
-78.24747  18.41641
-78.24443  18.42054
-78.24197  18.42529
-78.24026  18.43056
-78.23721  18.43331
-78.23137  18.43446
-78.22696  18.43692
-78.22387  18.44082
-78.22002  18.44414
-78.21779  18.44752
-78.21390  18.45085
-78.20805  18.45193
-78.20169  18.45113
-78.19499  18.44999
-78.18863  18.44918
-78.18359  18.44947
-78.17694  18.44999
-78.17224  18.44775
-78.16943  18.44334
-78.16749  18.43858
-78.16473  18.43446
-78.16084  18.43749
-78.15832  18.44225
-78.15666  18.44775
-78.15391  18.45165
-78.14835  18.45359
-78.14222  18.45251
-78.13724  18.45027
-78.13139  18.44861
-78.12388  18.44832
-78.11919  18.44609
-78.11586  18.44248
-78.11220  18.43887
-78.10721  18.44082
-78.10194  18.44248
-78.09557  18.44168
-78.08887  18.44082
-78.08166  18.44030
-78.07581  18.44168
-78.07083  18.44334
-78.06499  18.44443
-78.05943  18.44637
-78.05444  18.44804
-78.04779  18.44861
-78.04224  18.44970
-78.03639  18.45085
-78.02975  18.45113
-78.02390  18.45251
-78.01668  18.45193
-78.01502  18.45136
-78.01113  18.44832
-78.00694  18.44557
-78.00247  18.44248
-77.99749  18.44030
-77.99250  18.44053
-77.98724  18.44248
-77.98082  18.44277
-77.97497  18.44139
-77.96918  18.43973
-77.96362  18.43807
-77.95692  18.43835
-77.95251  18.44110
-77.95389  18.44666
-77.95417  18.45279
-77.95474  18.45887
-77.95446  18.46442
-77.95251  18.46998
-77.95028  18.47474
-77.94776  18.47915
-77.94529  18.48419
-77.94248  18.48803
-77.93916  18.49193
-77.93613  18.49611
-77.93251  18.49915
-77.92833  18.50253
-77.92473  18.50585
-77.92083  18.50917
-77.91584  18.51083
-77.91000  18.51221
-77.90415  18.51307
-77.89888  18.51502
-77.89304  18.51611
-77.88805  18.51805
-77.88249  18.51971
-77.87666  18.52086
-77.87109  18.52195
-77.86445  18.52252
-77.85723  18.52224
-77.84972  18.52166
-77.84359  18.52086
-77.83694  18.51971
-77.83059  18.51891
-77.82388  18.51777
-77.81753  18.51696
-77.81110  18.51582
-77.80446  18.51502
-77.79890  18.51336
-77.79335  18.51169
-77.78722  18.50998
-77.78165  18.50831
-77.77582  18.50665
-77.76945  18.50585
-77.76304  18.50614
-77.75697  18.50585
-77.74974  18.50556
-77.74275  18.50528
-77.73524  18.50499
-77.72974  18.50333
-77.72470  18.50109
-77.71972  18.49863
-77.71473  18.49640
-77.70889  18.49473
-77.70470  18.49193
-77.70000  18.48946
-77.69417  18.48803
-77.68861  18.48637
-77.68529  18.48889
-77.68723  18.49387
-77.68362  18.49445
-77.67721  18.49336
-77.67222  18.49112
-77.66637  18.48946
-77.66139  18.48723
-77.65721  18.48419
-77.65303  18.48138
-77.64753  18.47972
-77.64002  18.47915
-77.64140  18.48362
-77.64197  18.48694
-77.63469  18.48665
-77.62891  18.48499
-77.62335  18.48333
-77.61584  18.48305
-77.61166  18.48419
-77.60725  18.48665
-77.60192  18.48860
-77.59556  18.48889
-77.58891  18.48803
-77.58250  18.48694
-77.57584  18.48723
-77.57001  18.48860
-77.56416  18.48946
-77.55831  18.48918
-77.55276  18.48780
-77.54749  18.48528
-77.54193  18.48362
-77.53609  18.48224
-77.52973  18.48030
-77.52251  18.48001
-77.51529  18.47972
-77.50887  18.47863
-77.50223  18.47777
-77.49667  18.47749
-77.49082  18.47863
-77.48418  18.47886
-77.47862  18.47720
-77.47415  18.47445
-77.47002  18.47141
-77.46584  18.46861
-77.46085  18.46609
-77.45444  18.46528
-77.44917  18.46694
-77.44418  18.46889
-77.43834  18.46998
-77.43307  18.46752
-77.42831  18.46528
-77.42419  18.46225
-77.41915  18.46001
-77.41330  18.45835
-77.40781  18.45669
-77.40195  18.45778
-77.39525  18.45835
-77.38803  18.45806
-77.38168  18.45692
-77.37502  18.45583
-77.36861  18.45503
-77.36276  18.45331
-77.35721  18.45308
-77.34971  18.45279
-77.34334  18.45165
-77.33974  18.45359
-77.33447  18.45526
-77.32862  18.45640
-77.32335  18.45835
-77.31693  18.45864
-77.31028  18.45778
-77.30473  18.45669
-77.29750  18.45640
-77.29000  18.45612
-77.28530  18.45359
-77.28221  18.45279
-77.27722  18.45331
-77.27087  18.45222
-77.26336  18.45193
-77.25636  18.45165
-77.25058  18.45279
-77.24388  18.45165
-77.23889  18.44947
-77.23557  18.44586
-77.23225  18.44225
-77.22944  18.43807
-77.22692  18.43360
-77.22330  18.42999
-77.21889  18.42724
-77.21471  18.42695
-77.20973  18.42890
-77.20497  18.43136
-77.19999  18.43308
-77.19472  18.43497
-77.18835  18.43526
-77.18166  18.43417
-77.17609  18.43251
-77.17111  18.43028
-77.16612  18.42804
-77.16194  18.42500
-77.15777  18.42220
-77.15278  18.41973
-77.14945  18.41612
-77.14499  18.41303
-77.14081  18.41028
-77.13668  18.40724
-77.13335  18.40363
-77.12917  18.40083
-77.12361  18.39917
-77.11777  18.39750
-77.11140  18.39641
-77.10586  18.39830
-77.10167  18.40083
-77.09640  18.40249
-77.08970  18.40277
-77.08391  18.40386
-77.07749  18.40444
-77.07222  18.40610
-77.06638  18.40724
-77.06139  18.40919
-77.05611  18.41085
-77.04999  18.41194
-77.04363  18.41252
-77.03721  18.41137
-77.03223  18.40891
-77.02805  18.40610
-77.02386  18.40306
-77.01888  18.40083
-77.01389  18.39859
-77.00725  18.39888
-77.00220  18.40054
-76.99556  18.40111
-76.99000  18.39945
-76.98415  18.39779
-76.97917  18.39527
-76.97276  18.39584
-76.96668  18.39693
-76.96192  18.39447
-76.95694  18.39223
-76.95058  18.39252
-76.94525  18.39447
-76.94221  18.39830
-76.93752  18.40083
-76.93167  18.40197
-76.92445  18.40169
-76.91804  18.40197
-76.91139  18.40083
-76.90641  18.39859
-76.90222  18.39556
-76.89890  18.39194
-76.89775  18.38639
-76.89667  18.38083
-76.89610  18.37470
-76.89363  18.37057
-76.88945  18.36748
-76.88446  18.36530
-76.87971  18.36278
-76.87530  18.35975
-76.87111  18.35694
-76.86693  18.35390
-76.86361  18.35029
-76.85862  18.34806
-76.85444  18.34502
-76.84859  18.34278
-76.84389  18.34027
-76.83971  18.33751
-76.83553  18.33442
-76.83054  18.33224
-76.82556  18.32972
-76.82058  18.32749
-76.81554  18.32525
-76.81141  18.32222
-76.80803  18.31861
-76.80556  18.31442
-76.80556  18.30887
-76.80556  18.30279
-76.80276  18.29832
-76.79943  18.29471
-76.79583  18.29111
-76.79388  18.28612
-76.79192  18.28136
-76.79027  18.27638
-76.78751  18.27220
-76.78333  18.26916
-76.78276  18.26778
-76.78276  18.26836
-76.77698  18.26945
-76.77113  18.27054
-76.76500  18.27168
-76.75916  18.27277
-76.75388  18.27443
-76.74804  18.27558
-76.74082  18.27529
-76.73612  18.27306
-76.73280  18.26945
-76.72833  18.26641
-76.72415  18.26332
-76.71888  18.26389
-76.71389  18.26555
-76.70805  18.26664
-76.70083  18.26641
-76.69447  18.26526
-76.68863  18.26360
-76.68388  18.26137
-76.68055  18.25776
-76.67637  18.25386
-76.67275  18.25025
-76.67029  18.24613
-76.66668  18.24252
-76.66335  18.23891
-76.65917  18.23582
-76.65471  18.23415
-76.65224  18.23140
-76.64806  18.22831
-76.64388  18.22556
-76.64027  18.22304
-76.63391  18.22223
-76.62806  18.22195
-76.62222  18.22166
-76.61586  18.22195
-76.61002  18.22304
-76.60331  18.22332
-76.59666  18.22361
-76.59110  18.22195
-76.58613  18.21971
-76.58194  18.21668
-76.57862  18.21307
-76.57529  18.20946
-76.57002  18.20722
-76.56584  18.20419
-76.56109  18.20195
-76.55610  18.19943
-76.55140  18.19720
-76.54527  18.19554
-76.53971  18.19387
-76.53336  18.19278
-76.52831  18.19336
-76.52447  18.19639
-76.51914  18.19834
-76.51415  18.20000
-76.50832  18.20109
-76.50253  18.20224
-76.49503  18.20195
-76.48781  18.20138
-76.48138  18.20029
-76.47720  18.19748
-76.47308  18.19445
-76.47056  18.19026
-76.46637  18.18723
-76.46277  18.18362
-76.45859  18.18058
-76.45389  18.17835
-76.44862  18.17611
-76.44248  18.17640
-76.43778  18.17886
-76.43252  18.18058
-76.42696  18.17886
-76.42278  18.17583
-76.41779  18.17359
-76.41280  18.17141
-76.40724  18.16969
-76.40054  18.16861
-76.39361  18.16803
-76.38610  18.16780
-76.38055  18.16608
-76.37585  18.16391
-76.37000  18.16225
-76.36502  18.15973
-76.36084  18.15669
-76.35665  18.15388
-76.35195  18.15136
-76.34669  18.15056
-76.34164  18.14970
-76.33969  18.14471
-76.34113  18.13858
-76.34279  18.13308
-76.34084  18.12804
-76.33752  18.12443
-76.33391  18.12082
-76.32973  18.11807
-76.32720  18.11360
-76.32554  18.10890
-76.32359  18.10386
-76.31947  18.10083
-76.31443  18.09859
-76.31030  18.09555
-76.30611  18.09252
-76.30280  18.08891
-76.29861  18.08610
-76.29529  18.08220
-76.29248  18.07808
-76.29140  18.07252
-76.28944  18.06748
-76.28692  18.06335
-76.28497  18.05831
-76.28223  18.05419
-76.27890  18.05058
-76.27638  18.04611
-76.27444  18.04141
-76.27386  18.03499
-76.27306  18.02944
-76.27248  18.02330
-76.27140  18.01780
-76.26945  18.01276
-76.26527  18.01001
-76.26280  18.00554
-76.26109  18.00056
-76.25833  17.99638
-76.25639  17.99139
-76.25363  17.98721
-76.25198  17.98222
-76.24917  17.97804
-76.24722  17.97305
-76.24470  17.96887
-76.24137  17.96526
-76.23891  17.96085
-76.23611  17.95667
-76.23582  17.95054
-76.23696  17.94555
-76.23415  17.94137
-76.23003  17.93833
-76.22585  17.93559
-76.22166  17.93249
-76.21668  17.93003
-76.21169  17.92779
-76.20666  17.92556
-76.20196  17.92304
-76.19697  17.92086
-76.19221  17.91834
-76.18860  17.91473
-76.19112  17.91026
-76.19502  17.90694
-76.19668  17.90138
-76.19915  17.89697
-76.20556  17.89777
-76.20889  17.90138
-76.21474  17.90304
-76.22109  17.90419
-76.22636  17.90390
-76.23141  17.90195
-76.23667  17.90029
-76.24057  17.89697
-76.24499  17.89445
-76.24888  17.89141
-76.25249  17.88803
-76.25639  17.88470
-76.26085  17.88224
-76.26527  17.87972
-76.27111  17.87863
-76.27747  17.87835
-76.28418  17.87806
-76.28859  17.87554
-76.29334  17.87308
-76.29752  17.87055
-76.30222  17.86803
-76.30669  17.86557
-76.31248  17.86442
-76.31803  17.86609
-76.32165  17.86969
-76.32278  17.87250
-76.31832  17.87502
-76.31333  17.87697
-76.30944  17.88001
-76.30836  17.88637
-76.31001  17.89112
-76.31528  17.89084
-76.32027  17.88889
-76.32497  17.88637
-76.33001  17.88470
-76.33528  17.88276
-76.33780  17.87806
-76.33889  17.87193
-76.33918  17.86528
-76.34164  17.86058
-76.34554  17.85720
-76.35058  17.85554
-76.35780  17.85583
-76.36279  17.85835
-76.36834  17.86001
-76.37390  17.86167
-76.37917  17.86391
-76.38473  17.86557
-76.38971  17.86803
-76.39447  17.87027
-76.39945  17.87250
-76.40611  17.87359
-76.41303  17.87416
-76.41837  17.87222
-76.42363  17.87055
-76.42861  17.86860
-76.43446  17.86752
-76.44031  17.86637
-76.44667  17.86609
-76.45332  17.86586
-76.45915  17.86471
-76.46586  17.86442
-76.47164  17.86333
-76.47749  17.86225
-76.48333  17.86139
-76.48975  17.86081
-76.49640  17.86058
-76.50304  17.86030
-76.50889  17.85915
-76.51473  17.85806
-76.52058  17.85692
-76.52751  17.85749
-76.53416  17.85692
-76.54057  17.85806
-76.54613  17.85973
-76.55192  17.86139
-76.55833  17.86247
-76.56498  17.86225
-76.57220  17.86247
-76.57862  17.86225
-76.58446  17.86110
-76.59110  17.86081
-76.59753  17.86167
-76.60223  17.86419
-76.60749  17.86637
-76.61082  17.86998
-76.61391  17.87359
-76.61586  17.87863
-76.61803  17.88362
-76.61919  17.88918
-76.62084  17.89387
-76.62193  17.89943
-76.62389  17.90442
-76.62972  17.90614
-76.63471  17.90442
-76.63752  17.90860
-76.63998  17.91278
-76.64359  17.91639
-76.64611  17.92086
-76.64944  17.92447
-76.65362  17.92722
-76.65860  17.92974
-76.66444  17.93140
-76.67000  17.93306
-76.67585  17.93472
-76.68278  17.93501
-76.69028  17.93530
-76.68805  17.93610
-76.69361  17.93748
-76.70083  17.93805
-76.70724  17.93920
-76.71361  17.93999
-76.72083  17.94057
-76.72696  17.93942
-76.73280  17.93833
-76.73836  17.93862
-76.74557  17.93891
-76.75136  17.93776
-76.75721  17.93696
-76.76167  17.93415
-76.76637  17.93169
-76.77084  17.92917
-76.77583  17.92751
-76.78110  17.92556
-76.78751  17.92527
-76.79388  17.92642
-76.79972  17.92808
-76.80556  17.92974
-76.81113  17.93140
-76.81748  17.93220
-76.82471  17.93278
-76.83192  17.93306
-76.83335  17.93725
-76.82809  17.93920
-76.82166  17.93942
-76.81502  17.93971
-76.80861  17.93999
-76.80196  17.94057
-76.79473  17.93999
-76.78832  17.93920
-76.78247  17.93891
-76.77669  17.93999
-76.77136  17.94166
-76.76637  17.94361
-76.76110  17.94527
-76.75584  17.94693
-76.74941  17.94750
-76.74306  17.94641
-76.73584  17.94613
-76.72919  17.94641
-76.72472  17.94888
-76.72753  17.95306
-76.73166  17.95610
-76.73584  17.95919
-76.74082  17.96137
-76.74638  17.96303
-76.75359  17.96332
-76.75945  17.96251
-76.76472  17.96057
-76.77055  17.95942
-76.77749  17.95999
-76.78500  17.96028
-76.79055  17.96194
-76.79525  17.96417
-76.80058  17.96664
-76.80470  17.96945
-76.80803  17.97305
-76.81141  17.97667
-76.81554  17.97970
-76.81915  17.98331
-76.82390  17.98555
-76.82974  17.98721
-76.83611  17.98692
-76.84138  17.98497
-76.84642  17.98331
-76.85112  17.98085
-76.85472  17.97752
-76.85862  17.97363
-76.86252  17.97031
-76.86469  17.96555
-76.86750  17.96114
-76.86916  17.95558
-76.86945  17.94859
-76.87003  17.94194
-76.87168  17.93639
-76.87386  17.93249
-76.87638  17.92779
-76.87942  17.92390
-76.88137  17.91834
-76.88389  17.91358
-76.88664  17.90974
-76.89002  17.90585
-76.89168  17.90029
-76.89277  17.89416
-76.89443  17.88860
-76.89775  17.88470
-76.90056  17.88081
-76.90446  17.87749
-76.90692  17.87279
-76.90807  17.86666
-76.90973  17.86139
-76.91225  17.85669
-76.91443  17.85193
-76.91776  17.84804
-76.92085  17.84391
-76.92445  17.84082
-76.92915  17.83835
-76.93443  17.83640
-76.93947  17.83474
-76.94388  17.83194
-76.94834  17.82947
-76.95470  17.82919
-76.95889  17.83222
-76.96307  17.83497
-76.96748  17.83807
-76.97081  17.84168
-76.97585  17.84391
-76.98169  17.84305
-76.98610  17.84030
-76.99058  17.83778
-76.99528  17.84030
-77.00054  17.84248
-77.00530  17.84471
-77.01195  17.84443
-77.01750  17.84334
-77.02054  17.84362
-77.02111  17.84414
-77.02638  17.84391
-77.03223  17.84276
-77.03642  17.84557
-77.03474  17.84970
-77.03028  17.85222
-77.02638  17.85554
-77.02111  17.85583
-77.01974  17.86001
-77.02306  17.86362
-77.02724  17.86666
-77.03085  17.87027
-77.03332  17.87445
-77.03361  17.88058
-77.03417  17.88694
-77.03836  17.88975
-77.04392  17.89141
-77.04890  17.89387
-77.05475  17.89531
-77.06053  17.89416
-77.06500  17.89164
-77.07137  17.89278
-77.07250  17.89834
-77.07583  17.90195
-77.08030  17.89943
-77.08276  17.89473
-77.08585  17.89084
-77.08998  17.89359
-77.09502  17.89611
-77.10167  17.89553
-77.10665  17.89387
-77.11193  17.89192
-77.11582  17.88889
-77.12001  17.88637
-77.12442  17.88362
-77.12917  17.88110
-77.13278  17.87777
-77.13668  17.87474
-77.14029  17.87141
-77.14362  17.86752
-77.14751  17.86419
-77.15026  17.86030
-77.15054  17.85474
-77.15112  17.84775
-77.15278  17.84248
-77.15444  17.83692
-77.15696  17.83222
-77.15942  17.82752
-77.15971  17.82220
-77.15862  17.81670
-77.15610  17.81223
-77.15777  17.80696
-77.16360  17.80724
-77.16722  17.80386
-77.17025  17.80140
-77.17472  17.79888
-77.17919  17.79641
-77.17942  17.79223
-77.17530  17.78919
-77.17335  17.78553
-77.17444  17.77945
-77.17747  17.77556
-77.18389  17.77665
-77.18807  17.77945
-77.19386  17.77974
-77.19891  17.77808
-77.20417  17.77613
-77.20858  17.77361
-77.21306  17.77109
-77.21111  17.76610
-77.20858  17.76192
-77.20280  17.76026
-77.19638  17.76055
-77.18974  17.76112
-77.18332  17.75997
-77.17776  17.75831
-77.17501  17.75418
-77.17249  17.75000
-77.16888  17.74777
-77.16499  17.75081
-77.16109  17.75418
-77.15748  17.75751
-77.15169  17.75831
-77.14722  17.76112
-77.14223  17.76140
-77.13863  17.75780
-77.13748  17.75224
-77.13914  17.74834
-77.13805  17.74278
-77.13306  17.74026
-77.12975  17.73665
-77.12694  17.73253
-77.12527  17.72749
-77.12470  17.72279
-77.12723  17.71803
-77.12997  17.71419
-77.13416  17.71081
-77.13834  17.70835
-77.14275  17.70583
-77.14751  17.70331
-77.15249  17.70142
-77.15777  17.69970
-77.16280  17.69781
-77.16859  17.69666
-77.17581  17.69723
-77.18252  17.69804
-77.18721  17.70027
-77.19140  17.70331
-77.19558  17.70640
-77.20056  17.70864
-77.20641  17.71030
-77.21196  17.71196
-77.21752  17.71362
-77.22165  17.71637
-77.22692  17.71889
-77.23081  17.72164
-77.23443  17.72525
-77.23861  17.72835
-77.24194  17.73195
-77.24525  17.73557
-77.24886  17.73917
-77.25224  17.74278
-77.25636  17.74553
-77.25969  17.74914
-77.26250  17.75361
-77.26582  17.75722
-77.26914  17.76083
-77.27276  17.76444
-77.27614  17.76805
-77.27946  17.77166
-77.28307  17.77527
-77.28639  17.77888
-77.29057  17.78169
-77.29390  17.78530
-77.29750  17.78891
-77.30141  17.79194
-77.30501  17.79555
-77.30833  17.79916
-77.31165  17.80277
-77.31527  17.80638
-77.31860  17.80862
-77.32278  17.81137
-77.32776  17.81389
-77.33360  17.81555
-77.33916  17.81721
-77.34415  17.81945
-77.34919  17.82168
-77.35331  17.82472
-77.35670  17.82833
-77.36082  17.83113
-77.36638  17.83280
-77.37085  17.83583
-77.37583  17.83807
-77.38001  17.84110
-77.38414  17.84391
-77.38889  17.84637
-77.39308  17.84998
-77.39720  17.85279
-77.40224  17.85526
-77.40723  17.85749
-77.41221  17.85973
-77.41863  17.85944
-77.42499  17.85887
-77.43083  17.85778
-77.43748  17.85749
-77.44418  17.85720
-77.45054  17.85669
-77.45581  17.85503
-77.46029  17.85251
-77.46469  17.84998
-77.46917  17.84723
-77.47363  17.84471
-77.47804  17.84225
-77.48251  17.83973
-77.48750  17.83778
-77.49335  17.83669
-77.49999  17.83640
-77.50721  17.83669
-77.51305  17.83835
-77.51861  17.84002
-77.52360  17.84225
-77.52864  17.84471
-77.53276  17.84752
-77.53751  17.84970
-77.54250  17.85222
-77.54749  17.85445
-77.55334  17.85612
-77.55889  17.85835
-77.56554  17.85944
-77.57253  17.85973
-77.57917  17.85944
-77.58553  17.85887
-77.59167  17.85778
-77.59722  17.85669
-77.60387  17.85554
-77.60971  17.85445
-77.61613  17.85417
-77.62278  17.85388
-77.62919  17.85474
-77.63418  17.85692
-77.64053  17.85806
-77.64639  17.85692
-77.65165  17.85503
-77.65749  17.85388
-77.66392  17.85359
-77.66970  17.85526
-77.67612  17.85612
-77.68248  17.85583
-77.68558  17.85526
-77.68637  17.85526
-77.69141  17.85359
-77.69778  17.85308
-77.70442  17.85279
-77.70947  17.85085
-77.71473  17.84918
-77.71972  17.84723
-77.72694  17.84752
-77.73336  17.84861
-77.73777  17.85142
-77.74109  17.85503
-77.74471  17.85864
-77.74809  17.86225
-77.75220  17.86528
-77.75639  17.86803
-77.76057  17.87113
-77.76556  17.87336
-77.77054  17.87554
-77.77472  17.87863
-77.77942  17.88081
-77.78446  17.88304
-77.78945  17.88557
-77.79362  17.88832
-77.79724  17.89192
-77.79919  17.89697
-77.79942  17.90304
-77.80056  17.90860
-77.80251  17.91358
-77.80526  17.91776
-77.80778  17.92195
-77.81053  17.92642
-77.81391  17.93003
-77.81667  17.93415
-77.81998  17.93776
-77.82417  17.94057
-77.83082  17.94166
-77.83500  17.94447
-77.83694  17.94945
-77.83804  17.95501
-77.83998  17.95999
-77.84027  17.96612
-77.83804  17.97082
-77.83500  17.97472
-77.83443  17.98165
-77.83500  17.98778
-77.83694  17.99277
-77.83889  17.99775
-77.84084  18.00251
-77.84359  18.00669
-77.84697  18.01053
-77.85110  18.01333
-77.85585  18.01557
-77.86112  18.01803
-77.86582  18.02027
-77.87081  18.02250
-77.87803  18.02279
-77.88445  18.02250
-77.89109  18.02193
-77.89780  18.02164
-77.90415  18.02113
-77.91058  18.02221
-77.91584  18.02445
-77.92220  18.02554
-77.92942  18.02583
-77.93642  18.02611
-77.94306  18.02720
-77.94862  18.02863
-77.95280  18.03167
-77.95474  18.03666
-77.95663  18.04141
-77.95807  18.04697
-77.96002  18.05195
-77.96197  18.05614
-77.96391  18.06112
-77.96667  18.06530
-77.96918  18.06943
-77.97113  18.07447
-77.97475  18.07808
-77.97721  18.08220
-77.98002  18.08639
-77.98334  18.09000
-77.98753  18.09303
-77.99165  18.09584
-77.99698  18.09836
-78.00167  18.10054
-78.00723  18.10220
-78.01250  18.10443
-78.01668  18.10724
-78.01915  18.11165
-78.02110  18.11641
-78.02390  18.12082
-78.02666  18.12501
-78.02998  18.12861
-78.03278  18.13280
-78.03387  18.13836
-78.03221  18.14391
-78.02975  18.14861
-78.02888  18.15474
-78.02998  18.16030
-78.03336  18.16391
-78.03696  18.16723
-78.03892  18.17221
-78.04080  18.17720
-78.04195  18.18276
-78.04470  18.18694
-78.04889  18.19055
-78.05306  18.19359
-78.05724  18.19639
-78.06304  18.19806
-78.06859  18.19972
-78.07415  18.20138
-78.07942  18.20081
-78.08166  18.19611
-78.08779  18.19502
-78.09335  18.19668
-78.09695  18.20029
-78.10194  18.20253
-78.10888  18.20275
-78.11558  18.20253
-78.12280  18.20275
-78.12858  18.20304
-78.13306  18.20029
-78.13803  18.19863
-78.14330  18.19668
-78.15002  18.19639
-78.15637  18.19720
-78.16359  18.19748
-78.16943  18.19777
-78.17500  18.19943
-78.18164  18.20029
-78.18806  18.20000
-78.19442  18.19972
-78.19975  18.19777
-78.20639  18.19720
-78.21137  18.19554
-78.21665  18.19359
-78.22169  18.19164
-78.22696  18.18998
-78.23280  18.18889
-78.23859  18.19026
-78.24335  18.19278
-78.24999  18.19359
-78.25085  18.19359
-78.24999  18.19307
-78.25417  18.19445
-78.25858  18.19748
-78.26111  18.20029
-78.26472  18.20390
-78.26804  18.20751
-78.27360  18.20917
-78.28030  18.20997
-78.28609  18.21169
-78.29164  18.21336
-78.29836  18.21416
-78.30557  18.21444
-78.31193  18.21416
-78.31863  18.21358
-78.32499  18.21473
-78.33055  18.21639
-78.33640  18.21777
-78.34138  18.22029
-78.34585  18.22304
-78.34974  18.22613
-78.35387  18.22888
-78.35806  18.23192
-78.36224  18.23473
-78.36584  18.23833
-78.36945  18.24195
-78.37197  18.24613
-78.37386  18.25111
-78.37386  18.25805
-78.37278  18.26280
