-62.83863  17.40193
-62.83308  17.39998
-62.82860  17.40056
-62.82442  17.40359
-62.82109  17.40720
-62.81749  17.41081
-62.81279  17.40944
-62.80970  17.40554
-62.80586  17.40222
-62.80196  17.39918
-62.79641  17.39695
-62.79113  17.39471
-62.78472  17.39305
-62.78002  17.39030
-62.77446  17.38835
-62.76971  17.38554
-62.76443  17.38331
-62.75973  17.38056
-62.75498  17.37775
-62.75109  17.37443
-62.74558  17.37248
-62.74025  17.37030
-62.73469  17.36807
-62.73000  17.36526
-62.72639  17.36194
-62.72307  17.35804
-62.72083  17.35363
-62.71946  17.34859
-62.71665  17.34475
-62.71086  17.34252
-62.70639  17.33971
-62.70170  17.33696
-62.69860  17.33306
-62.69722  17.32808
-62.69665  17.32252
-62.69528  17.31748
-62.69390  17.31249
-62.69252  17.30722
-62.69029  17.30275
-62.68806  17.29834
-62.68582  17.29387
-62.68279  17.28997
-62.67975  17.28614
-62.67608  17.28275
-62.67225  17.27943
-62.66749  17.27668
-62.66251  17.27387
-62.65889  17.27084
-62.65500  17.26752
-62.65224  17.26362
-62.64886  17.25944
-62.64503  17.25640
-62.64136  17.25308
-62.63804  17.24918
-62.63277  17.24695
-62.62641  17.24529
-62.62251  17.24196
-62.62137  17.23692
-62.62056  17.23136
-62.62165  17.22443
-62.62526  17.22082
-62.63001  17.21887
-62.63586  17.21807
-62.64027  17.21612
-62.64445  17.21331
-62.64915  17.21114
-62.65390  17.20890
-62.65947  17.21114
-62.66164  17.21555
-62.66222  17.22111
-62.66279  17.22695
-62.66251  17.23308
-62.66222  17.23915
-62.66445  17.24362
-62.66669  17.24832
-62.66887  17.25279
-62.67110  17.25720
-62.67419  17.26110
-62.67723  17.26500
-62.68113  17.26832
-62.68474  17.27164
-62.68863  17.27502
-62.69252  17.27835
-62.69722  17.28081
-62.70192  17.28362
-62.70748  17.28585
-62.71389  17.28614
-62.71974  17.28556
-62.72501  17.28419
-62.73166  17.28442
-62.73808  17.28470
-62.74501  17.28556
-62.75251  17.28665
-62.75945  17.28751
-62.76580  17.28918
-62.77194  17.29084
-62.77836  17.29221
-62.78305  17.29502
-62.78861  17.29720
-62.79331  17.30000
-62.79720  17.30332
-62.80001  17.30722
-62.80305  17.31112
-62.80557  17.31553
-62.80998  17.31834
-62.81640  17.31971
-62.82362  17.32086
-62.83055  17.32195
-62.83525  17.32447
-62.83915  17.32779
-62.84138  17.33249
-62.84419  17.33638
-62.84585  17.34137
-62.84723  17.34641
-62.84831  17.35140
-62.84975  17.35638
-62.85387  17.35970
-62.85777  17.36303
-62.86167  17.36641
-62.86390  17.37082
-62.86081  17.37529
-62.85748  17.37890
-62.85639  17.38583
-62.85278  17.38944
-62.84946  17.39305
-62.84528  17.39609
-62.84138  17.39890
-62.83863  17.40193
