-62.59971  17.19721
-62.59278  17.19613
-62.58750  17.19750
-62.58280  17.19973
-62.57610  17.19945
-62.57083  17.19721
-62.56613  17.19446
-62.56138  17.19166
-62.55531  17.19028
-62.54860  17.18999
-62.54470  17.18667
-62.54253  17.18220
-62.54138  17.17693
-62.54058  17.17137
-62.54000  17.16582
-62.53943  17.16026
-62.53806  17.15499
-62.53668  17.15000
-62.53531  17.14502
-62.53473  17.13946
-62.53416  17.13362
-62.53445  17.12749
-62.53531  17.12084
-62.53720  17.11471
-62.53863  17.10863
-62.54138  17.10416
-62.54442  17.09970
-62.54780  17.09609
-62.55278  17.09414
-62.55834  17.09471
-62.56361  17.09694
-62.57026  17.09723
-62.57553  17.09586
-62.58028  17.09391
-62.58498  17.09167
-62.59140  17.09196
-62.59724  17.09276
-62.60331  17.09414
-62.61053  17.09528
-62.61415  17.09861
-62.61724  17.10250
-62.61970  17.10697
-62.62194  17.11138
-62.62389  17.11585
-62.62526  17.12084
-62.62612  17.12668
-62.62584  17.13276
-62.62555  17.13917
-62.62446  17.14582
-62.62360  17.15109
-62.62194  17.15722
-62.62027  17.16335
-62.61804  17.16862
-62.61581  17.17389
-62.61363  17.17888
-62.61139  17.18415
-62.61002  17.19108
-62.61002  17.19721
-62.60722  17.20168
-62.60137  17.20082
-62.59971  17.19721
