-60.93836  13.71776
-60.94335  13.71581
-60.94695  13.71277
-60.95137  13.71002
-60.95475  13.70945
-60.95612  13.71500
-60.95446  13.72056
-60.95692  13.72475
-60.96276  13.72641
-60.96804  13.72807
-60.97222  13.73082
-60.97641  13.73391
-60.97972  13.73752
-60.98277  13.74085
-60.98637  13.74446
-60.99055  13.74749
-60.99502  13.74973
-61.00138  13.75082
-61.00780  13.75030
-61.01445  13.75001
-61.02058  13.75082
-61.02613  13.75248
-61.03112  13.75557
-61.03502  13.75832
-61.03914  13.76141
-61.04252  13.76502
-61.04665  13.76777
-61.05054  13.77058
-61.05387  13.77419
-61.05748  13.77780
-61.06086  13.78141
-61.06389  13.78502
-61.06750  13.78863
-61.07003  13.79276
-61.07277  13.79694
-61.07444  13.80192
-61.07501  13.80805
-61.07335  13.81332
-61.07082  13.81808
-61.06945  13.82364
-61.07111  13.82834
-61.07003  13.83447
-61.06916  13.84054
-61.06750  13.84610
-61.06722  13.85166
-61.07140  13.85446
-61.07558  13.85721
-61.07747  13.86220
-61.07833  13.86776
-61.07970  13.87331
-61.07943  13.88002
-61.07833  13.88609
-61.07667  13.89165
-61.07501  13.89692
-61.07197  13.90110
-61.06945  13.90586
-61.06641  13.91027
-61.06361  13.91445
-61.06057  13.91835
-61.05748  13.92224
-61.05444  13.92608
-61.05140  13.93027
-61.04779  13.93336
-61.04419  13.93668
-61.04109  13.94058
-61.03891  13.94528
-61.03777  13.95141
-61.03697  13.95748
-61.03582  13.96361
-61.03502  13.96974
-61.03170  13.97387
-61.02889  13.97776
-61.02441  13.98028
-61.02001  13.98281
-61.01777  13.98750
-61.01697  13.99363
-61.01582  13.99971
-61.01416  14.00527
-61.01164  14.00974
-61.00889  14.01392
-61.00586  14.01776
-61.00196  14.02114
-60.99697  14.02280
-60.99084  14.02331
-60.98500  14.02446
-60.98082  14.02692
-60.97835  14.03168
-60.97669  14.03695
-60.97474  14.04222
-60.97331  14.04778
-60.97279  14.05471
-60.97193  14.06084
-60.96970  14.06525
-60.96666  14.06944
-60.96276  14.07247
-60.96002  14.07666
-60.95692  14.08055
-60.95388  14.08445
-60.95222  14.09001
-60.95057  14.09528
-60.94833  14.09998
-60.94580  14.10473
-60.94139  14.10719
-60.93641  14.10914
-60.93028  14.10943
-60.92443  14.10777
-60.91973  14.10553
-60.91584  14.10250
-60.91447  14.09975
-60.91808  14.09665
-60.92249  14.09419
-60.92140  14.08863
-60.91721  14.08554
-60.91303  14.08279
-60.91195  14.07723
-60.91224  14.07167
-60.90971  14.06749
-60.90473  14.06525
-60.89917  14.06359
-60.89418  14.06142
-60.89195  14.05723
-60.89058  14.05168
-60.88943  14.04612
-60.89109  14.04056
-60.89275  14.03529
-60.89304  14.02836
-60.89223  14.02280
-60.89000  14.01804
-60.88806  14.01306
-60.88696  14.00750
-60.88530  14.00280
-60.88416  13.99724
-60.88278  13.99169
-60.88192  13.98613
-60.87997  13.98137
-60.87860  13.97582
-60.87831  13.96974
-60.87808  13.96333
-60.87808  13.95668
-60.87860  13.94975
-60.87888  13.94304
-60.87997  13.93697
-60.88084  13.93084
-60.88336  13.92608
-60.88553  13.92138
-60.88806  13.91669
-60.88972  13.91142
-60.89058  13.90528
-60.89086  13.89835
-60.89109  13.89279
-60.88914  13.88804
-60.89000  13.88196
-60.89332  13.87807
-60.89693  13.87389
-60.89808  13.86776
-60.89389  13.86501
-60.88777  13.86529
-60.88581  13.86054
-60.88530  13.85418
-60.88610  13.84805
-60.88806  13.84278
-60.88891  13.83664
-60.89000  13.83057
-60.89000  13.82364
-60.89138  13.81751
-60.89499  13.81447
-60.89636  13.80891
-60.89751  13.80416
-60.89831  13.79808
-60.89888  13.79138
-60.89917  13.78445
-60.90025  13.77832
-60.90387  13.77499
-60.90747  13.77196
-60.91447  13.77224
-60.92025  13.77362
-60.92501  13.77196
-60.92753  13.76720
-60.92639  13.76308
-60.92639  13.75889
-60.92942  13.75500
-60.93251  13.75110
-60.93475  13.74640
-60.93584  13.74027
-60.93664  13.73414
-60.93721  13.72721
-60.93836  13.71776
