-61.19860  14.85892
-61.19447  14.86195
-61.19057  14.86470
-61.18639  14.86751
-61.18250  14.87026
-61.17889  14.87387
-61.17471  14.87696
-61.17029  14.87891
-61.16502  14.88029
-61.15861  14.88000
-61.15167  14.87891
-61.14474  14.87777
-61.13947  14.87553
-61.13472  14.87278
-61.12944  14.87055
-61.12388  14.86831
-61.11803  14.86665
-61.11248  14.86470
-61.10612  14.86304
-61.09999  14.86138
-61.09472  14.85915
-61.09002  14.85639
-61.08555  14.85359
-61.08166  14.85026
-61.07747  14.84751
-61.07363  14.84419
-61.06916  14.84138
-61.06361  14.83915
-61.05833  14.83697
-61.05307  14.83474
-61.04665  14.83308
-61.03971  14.83193
-61.03444  14.82918
-61.03141  14.82528
-61.02860  14.82139
-61.02499  14.81806
-61.02110  14.81474
-61.01719  14.81142
-61.01112  14.80970
-61.00500  14.80804
-61.00304  14.80363
-61.00167  14.79858
-60.99886  14.79474
-60.99554  14.79056
-60.99055  14.78861
-60.98586  14.78558
-60.98196  14.78248
-60.97692  14.78031
-60.97641  14.77446
-60.97417  14.76999
-60.97113  14.76610
-60.96832  14.76220
-60.96609  14.75779
-60.96391  14.75332
-60.96196  14.74891
-60.95807  14.74558
-60.95417  14.74833
-60.95057  14.75195
-60.94775  14.75641
-60.94472  14.76083
-60.94197  14.76530
-60.93641  14.76277
-60.92971  14.76197
-60.92443  14.76306
-60.92112  14.76558
-60.91721  14.76833
-60.91251  14.77028
-60.90725  14.77165
-60.90277  14.77223
-60.89888  14.77498
-60.89361  14.77641
-60.88777  14.77693
-60.88221  14.77612
-60.87780  14.77332
-60.87614  14.76833
-60.87997  14.76443
-60.88502  14.76335
-60.89223  14.76443
-60.89722  14.76306
-60.89636  14.75888
-60.89418  14.75556
-60.89859  14.75361
-60.90221  14.75000
-60.90221  14.74530
-60.90335  14.73974
-60.90805  14.73779
-60.91224  14.73584
-60.91642  14.73917
-60.91917  14.74306
-60.92220  14.74696
-60.92501  14.75086
-60.92999  14.75086
-60.93446  14.74891
-60.93807  14.74530
-60.94082  14.74083
-60.94220  14.73390
-60.94249  14.72777
-60.93779  14.72502
-60.93417  14.72169
-60.93417  14.71694
-60.93498  14.71138
-60.93137  14.70806
-60.92920  14.71195
-60.92501  14.71470
-60.92054  14.71195
-60.92025  14.70639
-60.91555  14.70359
-60.91195  14.70026
-60.90891  14.69637
-60.91361  14.69442
-60.91859  14.69304
-60.92415  14.69196
-60.92862  14.68972
-60.93028  14.68525
-60.92833  14.68141
-60.93303  14.67946
-60.93721  14.67666
-60.94025  14.67225
-60.93945  14.66640
-60.93750  14.66193
-60.93280  14.65918
-60.92805  14.65918
-60.92386  14.66193
-60.92025  14.66554
-60.91642  14.66864
-60.91085  14.66749
-60.90639  14.66503
-60.90083  14.66279
-60.89584  14.66388
-60.89058  14.66388
-60.88862  14.65947
-60.89058  14.65557
-60.89636  14.65500
-60.90169  14.65391
-60.90667  14.65248
-60.90553  14.64749
-60.90192  14.64417
-60.90025  14.63919
-60.90003  14.63334
-60.90025  14.62721
-60.89722  14.62332
-60.89109  14.62165
-60.88553  14.62085
-60.87997  14.62137
-60.87391  14.62194
-60.86834  14.62114
-60.87000  14.61638
-60.87499  14.61501
-60.87391  14.61220
-60.87029  14.60888
-60.87166  14.60223
-60.86611  14.60000
-60.86084  14.59776
-60.85442  14.59748
-60.84972  14.59472
-60.84692  14.59054
-60.84554  14.58642
-60.84336  14.58195
-60.84417  14.57639
-60.84388  14.57083
-60.83860  14.57221
-60.83333  14.57335
-60.82973  14.56997
-60.82973  14.56527
-60.83248  14.56081
-60.83586  14.55720
-60.83781  14.55250
-60.83557  14.54803
-60.83248  14.54419
-60.82973  14.54029
-60.82807  14.53525
-60.82692  14.53027
-60.82915  14.52500
-60.83443  14.52362
-60.83781  14.52030
-60.83557  14.51692
-60.83001  14.51474
-60.82555  14.51193
-60.82359  14.50752
-60.82308  14.50196
-60.82165  14.49692
-60.82027  14.49194
-60.81752  14.48804
-60.81609  14.48277
-60.81723  14.47612
-60.81666  14.47056
-60.81363  14.46667
-60.81001  14.46335
-60.81082  14.45916
-60.81471  14.45641
-60.82056  14.45584
-60.82388  14.45223
-60.82555  14.44639
-60.82692  14.43974
-60.82915  14.43447
-60.83248  14.43086
-60.83500  14.42553
-60.83781  14.42112
-60.83947  14.41527
-60.84388  14.41333
-60.84863  14.41109
-60.85167  14.40668
-60.85499  14.40307
-60.86084  14.40278
-60.86777  14.40359
-60.87470  14.40473
-60.87997  14.40697
-60.88140  14.41195
-60.88140  14.41694
-60.88250  14.42192
-60.88473  14.42639
-60.88444  14.43109
-60.87997  14.43332
-60.87556  14.43527
-60.87000  14.43665
-60.86554  14.43859
-60.86113  14.44054
-60.85947  14.44667
-60.85780  14.45280
-60.85722  14.45888
-60.85860  14.46386
-60.86055  14.46833
-60.86279  14.47280
-60.86777  14.47280
-60.87304  14.47165
-60.87780  14.46942
-60.88278  14.46833
-60.88696  14.46558
-60.89029  14.46197
-60.89304  14.45750
-60.89722  14.45469
-60.90192  14.45252
-60.90747  14.45332
-60.90943  14.45779
-60.90834  14.46472
-60.90696  14.46919
-60.91166  14.47194
-60.91693  14.47280
-60.92025  14.46919
-60.92443  14.46638
-60.92971  14.46529
-60.93613  14.46558
-60.94306  14.46667
-60.95028  14.46753
-60.95583  14.46724
-60.96053  14.46999
-60.96334  14.47360
-60.96695  14.47223
-60.97113  14.46942
-60.97497  14.47137
-60.97807  14.47526
-60.98277  14.47331
-60.98780  14.47194
-60.99250  14.46999
-60.99835  14.46942
-61.00471  14.46970
-61.01112  14.46999
-61.01640  14.47223
-61.02167  14.47446
-61.02694  14.47331
-61.03112  14.47028
-61.03387  14.46581
-61.03777  14.46306
-61.04195  14.46025
-61.04585  14.45750
-61.05169  14.45693
-61.05748  14.45779
-61.06281  14.46002
-61.06641  14.46335
-61.07003  14.46667
-61.07473  14.46942
-61.07833  14.47280
-61.08057  14.47721
-61.08194  14.48168
-61.08332  14.48667
-61.08555  14.49113
-61.08778  14.49555
-61.08750  14.50168
-61.08778  14.50804
-61.09248  14.50947
-61.09890  14.50970
-61.10251  14.51308
-61.10085  14.51915
-61.09804  14.52333
-61.09363  14.52557
-61.08945  14.52832
-61.08641  14.53279
-61.08360  14.53720
-61.08085  14.54081
-61.07696  14.54362
-61.07363  14.54723
-61.06888  14.54946
-61.06361  14.55055
-61.05777  14.55112
-61.05249  14.55250
-61.04779  14.55445
-61.04527  14.55892
-61.04137  14.55914
-61.03942  14.55473
-61.03891  14.54889
-61.03582  14.54499
-61.02975  14.54333
-61.02361  14.54167
-61.01834  14.54304
-61.01307  14.54442
-61.00803  14.54557
-61.00224  14.54614
-60.99697  14.54751
-60.99308  14.55026
-60.99416  14.55531
-60.99640  14.55972
-61.00167  14.56195
-61.00528  14.56527
-61.00694  14.57026
-61.00723  14.57582
-61.00860  14.58109
-61.01387  14.58304
-61.01611  14.58779
-61.01719  14.59278
-61.01582  14.59862
-61.01416  14.60469
-61.01697  14.60859
-61.02275  14.60807
-61.02722  14.60613
-61.03192  14.60389
-61.03530  14.60028
-61.04000  14.59833
-61.04585  14.59776
-61.05112  14.59639
-61.05696  14.59610
-61.06303  14.59748
-61.06693  14.60086
-61.07054  14.60446
-61.07610  14.60446
-61.08085  14.60252
-61.08612  14.60108
-61.09169  14.60057
-61.09581  14.60389
-61.09776  14.60859
-61.10056  14.61249
-61.10280  14.61695
-61.10669  14.62028
-61.11030  14.62360
-61.11334  14.62750
-61.11609  14.63139
-61.12084  14.63414
-61.12526  14.63695
-61.13053  14.63919
-61.13528  14.64194
-61.13889  14.64526
-61.14193  14.64916
-61.14474  14.65305
-61.14777  14.65695
-61.15167  14.66027
-61.15442  14.66417
-61.15637  14.66864
-61.15946  14.67248
-61.16164  14.67694
-61.16445  14.68084
-61.16748  14.68474
-61.16972  14.68915
-61.17253  14.69304
-61.17471  14.69780
-61.17665  14.70221
-61.17751  14.70777
-61.17802  14.71333
-61.17780  14.71946
-61.17665  14.72502
-61.17636  14.73109
-61.17694  14.73665
-61.17831  14.74169
-61.18055  14.74610
-61.18250  14.75086
-61.18639  14.75418
-61.18914  14.75807
-61.19138  14.76249
-61.19498  14.76581
-61.19722  14.77028
-61.20026  14.77418
-61.20249  14.77859
-61.20530  14.78248
-61.20776  14.78443
-61.21304  14.78638
-61.21779  14.78942
-61.22083  14.79308
-61.22444  14.79641
-61.22667  14.80110
-61.22942  14.80500
-61.23166  14.80947
-61.23137  14.81554
-61.22890  14.82081
-61.22747  14.82666
-61.22667  14.83222
-61.22306  14.83582
-61.21974  14.83943
-61.21642  14.84304
-61.21275  14.84665
-61.20863  14.84946
-61.20530  14.85307
-61.20054  14.85531
-61.19860  14.85892
