-67.25918  18.37556
-67.25527  18.37722
-67.25081  18.37946
-67.24554  18.38112
-67.23946  18.38169
-67.23276  18.38169
-67.22639  18.38169
-67.22113  18.38306
-67.21694  18.38610
-67.21196  18.38776
-67.20721  18.39000
-67.20193  18.39137
-67.19666  18.39281
-67.19196  18.39527
-67.18721  18.39750
-67.18194  18.39888
-67.17667  18.40025
-67.17334  18.40472
-67.17197  18.40942
-67.16836  18.41331
-67.16527  18.41721
-67.16222  18.42168
-67.16085  18.42776
-67.16165  18.43331
-67.16418  18.43778
-67.16721  18.44168
-67.16973  18.44586
-67.17226  18.45027
-67.17363  18.45526
-67.17529  18.46053
-67.17667  18.46557
-67.17832  18.47055
-67.17775  18.47583
-67.17472  18.48058
-67.17226  18.48499
-67.16859  18.48889
-67.16470  18.49193
-67.16057  18.49473
-67.15724  18.49863
-67.15443  18.50304
-67.15054  18.50614
-67.14642  18.50917
-67.14194  18.51141
-67.13610  18.51221
-67.12997  18.51278
-67.12389  18.51358
-67.11862  18.51502
-67.11279  18.51582
-67.10751  18.51719
-67.10166  18.51805
-67.09583  18.51863
-67.08918  18.51863
-67.08333  18.51943
-67.07668  18.51943
-67.06998  18.51914
-67.06362  18.51914
-67.05721  18.51777
-67.05142  18.51582
-67.04529  18.51444
-67.03973  18.51582
-67.03279  18.51502
-67.02609  18.51358
-67.02219  18.51055
-67.01917  18.50665
-67.01498  18.50470
-67.00942  18.50636
-67.00306  18.50614
-66.99664  18.50499
-66.99275  18.50167
-66.98805  18.49892
-66.98386  18.49582
-66.97888  18.49307
-66.97361  18.49112
-66.96777  18.49055
-66.96112  18.49055
-66.95470  18.49055
-66.94862  18.49112
-66.94279  18.49193
-66.93665  18.49250
-66.93058  18.49250
-66.92387  18.49250
-66.91832  18.49055
-66.91081  18.48975
-66.90526  18.48918
-66.89998  18.49055
-66.89443  18.49193
-66.88944  18.49336
-66.88331  18.49416
-66.87695  18.49416
-66.87031  18.49416
-66.86389  18.49387
-66.85638  18.49307
-66.84974  18.49307
-66.84389  18.49387
-66.83804  18.49445
-66.83197  18.49525
-66.82613  18.49582
-66.82086  18.49748
-66.81416  18.49748
-66.80722  18.49668
-66.80000  18.49582
-66.79336  18.49445
-66.78723  18.49307
-66.78138  18.49084
-66.77525  18.48946
-66.76889  18.48803
-66.76305  18.48608
-66.75749  18.48419
-66.75113  18.48247
-66.74471  18.48247
-66.73749  18.48167
-66.73194  18.47972
-66.72609  18.47915
-66.72025  18.47972
-66.71474  18.48138
-66.71028  18.48362
-66.70558  18.48585
-66.70026  18.48723
-66.69556  18.48946
-66.68970  18.48998
-66.68306  18.48998
-66.67641  18.48998
-66.67057  18.49084
-66.66473  18.49141
-66.65859  18.49221
-66.65276  18.49278
-66.64610  18.49278
-66.64027  18.49359
-66.63390  18.49336
-66.62720  18.49336
-66.61998  18.49250
-66.61443  18.49055
-66.60806  18.48918
-66.60165  18.48780
-66.59528  18.48608
-66.58887  18.48471
-66.58308  18.48557
-66.57695  18.48608
-66.57053  18.48608
-66.56332  18.48528
-66.55695  18.48391
-66.55054  18.48247
-66.54389  18.48247
-66.53805  18.48305
-66.53191  18.48391
-66.52527  18.48362
-66.51913  18.48224
-66.51335  18.48030
-66.50694  18.47886
-66.50057  18.47886
-66.49387  18.47863
-66.48694  18.47777
-66.48058  18.47640
-66.47416  18.47503
-66.46665  18.47416
-66.46082  18.47503
-66.45554  18.47640
-66.45027  18.47777
-66.44499  18.47915
-66.43973  18.48081
-66.43446  18.48224
-66.42970  18.48442
-66.42443  18.48585
-66.41916  18.48751
-66.41389  18.48889
-66.40804  18.48946
-66.40111  18.49026
-66.39475  18.48998
-66.38805  18.48998
-66.38192  18.49084
-66.37498  18.48998
-66.36777  18.48918
-66.36221  18.48694
-66.35585  18.48557
-66.35029  18.48362
-66.34554  18.48081
-66.33975  18.47886
-66.33419  18.47697
-66.32972  18.47416
-66.32388  18.47222
-66.31831  18.46998
-66.31196  18.46861
-66.30554  18.46723
-66.29918  18.46723
-66.29362  18.46861
-66.28778  18.46918
-66.28251  18.47084
-66.27724  18.47222
-66.27110  18.47279
-66.26612  18.47445
-66.25942  18.47445
-66.25306  18.47416
-66.24555  18.47330
-66.23862  18.47250
-66.23220  18.47113
-66.22664  18.46918
-66.22028  18.46752
-66.21473  18.46557
-66.20831  18.46420
-66.20166  18.46420
-66.19501  18.46391
-66.19055  18.46609
-66.18636  18.46918
-66.18253  18.47222
-66.18001  18.46781
-66.17748  18.46334
-66.17445  18.45944
-66.16889  18.45749
-66.16276  18.45806
-66.15973  18.46196
-66.15554  18.46500
-66.15222  18.46861
-66.14861  18.47250
-66.14529  18.47611
-66.14110  18.47915
-66.13692  18.47863
-66.13308  18.47554
-66.13503  18.47141
-66.13640  18.46557
-66.13503  18.46030
-66.13331  18.45526
-66.12999  18.45165
-66.12608  18.44832
-66.12054  18.44609
-66.11584  18.44363
-66.11279  18.43973
-66.11194  18.43417
-66.11137  18.42862
-66.10999  18.42334
-66.10753  18.41887
-66.10277  18.41641
-66.09693  18.41584
-66.09108  18.41641
-66.08501  18.41721
-66.07973  18.41859
-66.07446  18.42002
-66.06971  18.42220
-66.06530  18.42443
-66.06112  18.42753
-66.05637  18.42970
-66.05974  18.43194
-66.06610  18.43360
-66.07166  18.43417
-66.07664  18.43692
-66.08140  18.44030
-66.08530  18.44334
-66.08919  18.44666
-66.09389  18.44918
-66.09974  18.45136
-66.10529  18.45331
-66.10919  18.45669
-66.11222  18.46053
-66.11555  18.46442
-66.11692  18.46947
-66.11692  18.47416
-66.11114  18.47503
-66.10558  18.47279
-66.10082  18.47027
-66.09526  18.46803
-66.08971  18.46609
-66.08335  18.46471
-66.07751  18.46248
-66.07304  18.46001
-66.06747  18.45806
-66.06335  18.45474
-66.05779  18.45279
-66.05275  18.45136
-66.05332  18.45222
-66.04863  18.45085
-66.04221  18.44947
-66.03722  18.44666
-66.03109  18.44529
-66.02554  18.44666
-66.02164  18.44970
-66.01832  18.45359
-66.01420  18.45640
-66.00944  18.45864
-66.00417  18.46030
-65.99751  18.46001
-65.99081  18.46001
-65.98446  18.46001
-65.97723  18.45915
-65.97082  18.45749
-65.96474  18.45612
-65.95891  18.45417
-65.95248  18.45251
-65.94641  18.45113
-65.93890  18.45027
-65.93198  18.44947
-65.92612  18.44947
-65.92029  18.45027
-65.91473  18.45165
-65.90945  18.45308
-65.90418  18.45446
-65.89697  18.45359
-65.89055  18.45222
-65.88665  18.44890
-65.88253  18.44557
-65.87863  18.44248
-65.87307  18.44030
-65.86637  18.44030
-65.85944  18.43944
-65.85279  18.43944
-65.84637  18.43807
-65.84082  18.43583
-65.83526  18.43389
-65.83222  18.42999
-65.82919  18.42609
-65.82586  18.42220
-65.82197  18.41887
-65.81835  18.41916
-65.81417  18.42220
-65.80999  18.42529
-65.80609  18.42833
-65.80139  18.43056
-65.79584  18.42833
-65.79280  18.42443
-65.79498  18.41916
-65.79721  18.41389
-65.79693  18.40971
-65.79137  18.41194
-65.78805  18.41584
-65.78278  18.41721
-65.77779  18.41526
-65.77470  18.41137
-65.77251  18.40696
-65.77000  18.40249
-65.76776  18.39808
-65.76387  18.39470
-65.75751  18.39332
-65.75109  18.39303
-65.74445  18.39303
-65.73802  18.39166
-65.73252  18.38942
-65.72777  18.38696
-65.72221  18.38501
-65.71665  18.38278
-65.71082  18.38083
-65.70525  18.37860
-65.69969  18.37665
-65.69443  18.37470
-65.68864  18.37252
-65.68251  18.37109
-65.67609  18.36971
-65.67030  18.36891
-65.66445  18.36943
-65.65891  18.37109
-65.65305  18.37166
-65.64778  18.37304
-65.64309  18.37527
-65.63971  18.37917
-65.63609  18.38278
-65.63192  18.38581
-65.62556  18.38581
-65.62166  18.38249
-65.61834  18.37860
-65.62057  18.37332
-65.62389  18.36943
-65.62693  18.36502
-65.62836  18.35889
-65.62945  18.35224
-65.63003  18.34525
-65.63111  18.33860
-65.63139  18.33224
-65.63139  18.32611
-65.63054  18.32055
-65.63003  18.31500
-65.62945  18.30915
-65.62945  18.30308
-65.62945  18.29666
-65.63220  18.29225
-65.63444  18.28692
-65.63667  18.28165
-65.63415  18.27861
-65.63003  18.27529
-65.63168  18.27054
-65.63220  18.26526
-65.62917  18.26137
-65.62527  18.25805
-65.62029  18.25558
-65.61530  18.25696
-65.61192  18.25306
-65.61364  18.24693
-65.61140  18.24252
-65.60722  18.23942
-65.60252  18.23667
-65.60303  18.23249
-65.60642  18.22888
-65.61002  18.22499
-65.61335  18.22138
-65.61696  18.22109
-65.62000  18.22499
-65.62498  18.22750
-65.62974  18.22556
-65.63363  18.22252
-65.63696  18.21863
-65.64223  18.21725
-65.64446  18.21192
-65.64555  18.20527
-65.65025  18.20304
-65.65500  18.20419
-65.65891  18.20751
-65.66498  18.20694
-65.66887  18.20390
-65.67030  18.19777
-65.67443  18.19473
-65.67947  18.19611
-65.68446  18.19892
-65.68944  18.19720
-65.69276  18.19359
-65.69391  18.18666
-65.69861  18.18442
-65.70502  18.18471
-65.70834  18.18860
-65.71225  18.18694
-65.71665  18.18614
-65.72221  18.18803
-65.72720  18.18803
-65.73195  18.18585
-65.73528  18.18224
-65.73802  18.17749
-65.73888  18.17084
-65.74250  18.16694
-65.74667  18.16391
-65.75109  18.16196
-65.75498  18.15886
-65.75917  18.15583
-65.76306  18.15279
-65.76668  18.14918
-65.77000  18.14529
-65.77332  18.14168
-65.77750  18.13858
-65.78025  18.13417
-65.78335  18.12970
-65.78386  18.12414
-65.78249  18.11916
-65.78443  18.11389
-65.78862  18.11085
-65.79251  18.10804
-65.79527  18.10335
-65.79388  18.09836
-65.79137  18.09389
-65.79137  18.08776
-65.79498  18.08386
-65.79916  18.08112
-65.80249  18.07722
-65.80386  18.07109
-65.80558  18.06530
-65.81136  18.06444
-65.81807  18.06444
-65.82391  18.06387
-65.82861  18.06169
-65.83250  18.05860
-65.83669  18.05585
-65.83887  18.05058
-65.84030  18.04445
-65.83972  18.03889
-65.83887  18.03304
-65.83835  18.02749
-65.84110  18.02308
-65.84586  18.02084
-65.85113  18.01946
-65.85692  18.01861
-65.86167  18.01637
-65.86556  18.01362
-65.86918  18.00973
-65.87222  18.00611
-65.87525  18.00142
-65.87863  17.99775
-65.88138  17.99334
-65.88470  17.98944
-65.88889  17.98640
-65.89359  17.98417
-65.89806  17.98194
-65.90470  17.98222
-65.91112  17.98222
-65.91639  17.98085
-65.92057  17.97775
-65.92390  17.97414
-65.92751  17.97031
-65.93220  17.96807
-65.93725  17.96664
-65.94303  17.96612
-65.94945  17.96750
-65.95667  17.96836
-65.96308  17.96973
-65.96973  17.96973
-65.97609  17.97002
-65.98222  17.96916
-65.98916  17.97002
-65.99638  17.97168
-66.00279  17.97305
-66.00835  17.97500
-66.01391  17.97724
-66.01946  17.97775
-66.02416  17.97558
-66.02749  17.97197
-66.03167  17.96887
-66.03500  17.96526
-66.03917  17.96223
-66.04250  17.95833
-66.04726  17.95610
-66.05304  17.95558
-66.05888  17.95610
-66.06444  17.95833
-66.06971  17.96028
-66.07613  17.96165
-66.08168  17.96028
-66.08610  17.95804
-66.09166  17.95667
-66.09664  17.95529
-66.10277  17.95444
-66.10753  17.95220
-66.11194  17.95002
-66.11670  17.94779
-66.12139  17.94555
-66.12529  17.94252
-66.12999  17.94057
-66.13445  17.93805
-66.14001  17.93667
-66.14529  17.93530
-66.15027  17.93386
-66.15640  17.93306
-66.16029  17.93278
-66.15973  17.93083
-66.16470  17.92917
-66.17084  17.92859
-66.17668  17.92808
-66.18253  17.92722
-66.18809  17.92584
-66.19387  17.92498
-66.19971  17.92447
-66.20447  17.92223
-66.20917  17.92470
-66.21083  17.92859
-66.20808  17.93306
-66.20332  17.93530
-66.19834  17.93667
-66.19358  17.93891
-66.19444  17.94303
-66.19834  17.94641
-66.20252  17.94974
-66.20694  17.95220
-66.21140  17.95140
-66.21473  17.94750
-66.21834  17.94389
-66.22166  17.94028
-66.22498  17.93639
-66.22859  17.93278
-66.23277  17.92974
-66.23776  17.92808
-66.24332  17.93026
-66.24887  17.93220
-66.25363  17.93501
-66.25919  17.93696
-66.26497  17.93891
-66.27110  17.93920
-66.27861  17.93999
-66.28503  17.94137
-66.29053  17.94332
-66.29529  17.94613
-66.29832  17.94974
-66.30141  17.95363
-66.30554  17.95695
-66.30864  17.96057
-66.31167  17.96446
-66.31557  17.96778
-66.32026  17.97054
-66.32525  17.97305
-66.33081  17.97500
-66.33556  17.97638
-66.33917  17.97248
-66.34307  17.96973
-66.34777  17.96750
-66.35304  17.96584
-66.35888  17.96526
-66.36552  17.96475
-66.37138  17.96389
-66.37555  17.96085
-66.37808  17.95638
-66.38111  17.95197
-66.38306  17.94664
-66.38530  17.94137
-66.39056  17.93971
-66.39584  17.93971
-66.39973  17.94303
-66.40414  17.94555
-66.40919  17.94836
-66.41474  17.95025
-66.42030  17.95220
-66.42587  17.95415
-66.43056  17.95695
-66.43446  17.96028
-66.43916  17.96280
-66.44247  17.96664
-66.44557  17.97054
-66.44804  17.97500
-66.45084  17.97861
-66.45417  17.98251
-66.45887  17.98526
-66.46528  17.98669
-66.47192  17.98669
-66.47778  17.98612
-66.48361  17.98526
-66.48946  17.98446
-66.49611  17.98474
-66.50138  17.98308
-66.50665  17.98165
-66.51112  17.97947
-66.51582  17.97724
-66.52057  17.97500
-66.52584  17.97363
-66.53168  17.97277
-66.53834  17.97305
-66.54498  17.97305
-66.55192  17.97392
-66.55804  17.97305
-66.56389  17.97248
-66.56778  17.96945
-66.57140  17.96555
-66.57586  17.96332
-66.58136  17.96194
-66.58720  17.96114
-66.59363  17.96280
-66.60056  17.96360
-66.60778  17.96417
-66.61391  17.96360
-66.62026  17.96360
-66.61998  17.96778
-66.61918  17.97197
-66.62336  17.97500
-66.62892  17.97581
-66.63419  17.97500
-66.63998  17.97363
-66.64473  17.97197
-66.65000  17.97054
-66.65442  17.96836
-66.65945  17.96612
-66.66444  17.96475
-66.67109  17.96475
-66.67836  17.96555
-66.68443  17.96692
-66.68942  17.96945
-66.69332  17.97277
-66.69807  17.97529
-66.70277  17.97804
-66.70861  17.97999
-66.71474  17.98137
-66.72139  17.98137
-66.72861  17.98222
-66.73497  17.98360
-66.74139  17.98388
-66.74695  17.98222
-66.75193  17.98085
-66.75669  17.97861
-66.76305  17.97861
-66.76781  17.98137
-66.76471  17.98360
-66.76001  17.98583
-66.75887  17.99053
-66.76196  17.99443
-66.76665  17.99723
-66.77308  17.99861
-66.78030  17.99947
-66.78556  17.99775
-66.78889  17.99414
-66.79307  17.99110
-66.79748  17.98887
-66.80138  17.98583
-66.80000  17.98085
-66.79416  17.98027
-66.78860  17.97947
-66.78723  17.97443
-66.78918  17.97054
-66.79359  17.96750
-66.79834  17.96526
-66.80304  17.96303
-66.80751  17.96028
-66.81221  17.95804
-66.81696  17.95581
-66.82166  17.95363
-66.82693  17.95197
-66.83221  17.95054
-66.83747  17.94916
-66.84194  17.94693
-66.84808  17.94613
-66.85387  17.94527
-66.86057  17.94555
-66.86641  17.94475
-66.87305  17.94475
-66.87890  17.94418
-66.88526  17.94418
-66.89196  17.94418
-66.89919  17.94498
-66.90554  17.94641
-66.91248  17.94722
-66.91832  17.94641
-66.92307  17.94418
-66.92777  17.94194
-66.93058  17.93891
-66.92886  17.93386
-66.92720  17.92888
-66.93304  17.92808
-66.93975  17.92808
-66.94668  17.92888
-66.95332  17.93026
-66.95722  17.93364
-66.95946  17.93805
-66.96358  17.94109
-66.96777  17.94303
-66.97275  17.94418
-66.97665  17.94750
-66.98055  17.95082
-66.98278  17.95529
-66.98610  17.95890
-66.99165  17.95971
-66.99888  17.96057
-67.00306  17.96360
-67.00529  17.96807
-67.00861  17.97197
-67.01418  17.97248
-67.01945  17.97111
-67.02609  17.97111
-67.03251  17.97111
-67.03973  17.97197
-67.04529  17.97392
-67.05085  17.97581
-67.05640  17.97804
-67.06168  17.97638
-67.06362  17.97111
-67.06585  17.96584
-67.06752  17.95971
-67.07278  17.95833
-67.07944  17.95833
-67.08556  17.95971
-67.09193  17.96114
-67.09554  17.95667
-67.09611  17.95002
-67.10166  17.94836
-67.10693  17.94693
-67.11279  17.94613
-67.12000  17.94693
-67.12613  17.94836
-67.13364  17.94916
-67.13999  17.95054
-67.14613  17.95197
-67.15335  17.95277
-67.16057  17.95363
-67.16692  17.95363
-67.17249  17.95220
-67.17500  17.94779
-67.17638  17.94166
-67.17861  17.93639
-67.18223  17.93249
-67.18721  17.93249
-67.18693  17.93862
-67.19110  17.94194
-67.19666  17.94252
-67.20056  17.94584
-67.20389  17.94945
-67.20554  17.95444
-67.20554  17.96085
-67.20331  17.96612
-67.20251  17.97277
-67.20164  17.97970
-67.20164  17.98583
-67.20084  17.99139
-67.19890  17.99666
-67.19609  18.00113
-67.19225  18.00417
-67.18749  18.00640
-67.18223  18.00806
-67.17580  18.00778
-67.16973  18.00864
-67.16389  18.00944
-67.16303  18.01471
-67.16470  18.01998
-67.16808  18.02359
-67.17110  18.02749
-67.17500  18.03058
-67.18137  18.03224
-67.18778  18.03362
-67.19415  18.03499
-67.19724  18.03860
-67.19415  18.04250
-67.19196  18.04777
-67.18974  18.05304
-67.18778  18.05831
-67.18446  18.06221
-67.18027  18.06530
-67.17832  18.07057
-67.17832  18.07527
-67.18056  18.07974
-67.18526  18.08220
-67.18945  18.08553
-67.18806  18.09028
-67.18446  18.09389
-67.18137  18.09779
-67.17804  18.10168
-67.17529  18.10610
-67.17609  18.11165
-67.17667  18.11721
-67.17753  18.12306
-67.17609  18.12919
-67.17334  18.13360
-67.17110  18.13887
-67.16973  18.14500
-67.17110  18.14998
-67.17278  18.15503
-67.17529  18.15944
-67.17609  18.16500
-67.17391  18.17027
-67.17002  18.17336
-67.16446  18.17474
-67.16000  18.17697
-67.15776  18.18253
-67.15638  18.18832
-67.15277  18.19221
-67.14973  18.19611
-67.14613  18.19972
-67.14555  18.20527
-67.14859  18.20917
-67.15198  18.21278
-67.15752  18.21473
-67.16137  18.21805
-67.16446  18.22195
-67.16613  18.22693
-67.16779  18.23192
-67.16916  18.23748
-67.17053  18.24280
-67.17249  18.24750
-67.17443  18.25197
-67.17696  18.25638
-67.18027  18.26028
-67.18251  18.26475
-67.18497  18.26916
-67.18721  18.27363
-67.18974  18.27804
-67.19363  18.28113
-67.19919  18.28308
-67.20554  18.28446
-67.21111  18.28669
-67.21861  18.28721
-67.22474  18.28887
-67.22944  18.29139
-67.23362  18.29471
-67.23694  18.29832
-67.24084  18.30165
-67.24387  18.30554
-67.24697  18.30915
-67.25029  18.31305
-67.25167  18.31803
-67.25333  18.32307
-67.25499  18.32806
-67.25665  18.33305
-67.25974  18.33694
-67.26192  18.34141
-67.26192  18.34748
-67.26278  18.35304
-67.26444  18.35831
-67.26668  18.36278
-67.26611  18.36805
-67.26278  18.37195
-67.25918  18.37556
       NA        NA
-67.93835  18.09028
-67.93475  18.09418
-67.93223  18.09888
-67.92999  18.10415
-67.93085  18.10971
-67.92667  18.11280
-67.92168  18.11280
-67.91527  18.11280
-67.90862  18.11280
-67.90335  18.11446
-67.89779  18.11360
-67.89223  18.11165
-67.88582  18.11028
-67.87917  18.11028
-67.87332  18.11114
-67.86805  18.11280
-67.86279  18.11418
-67.85780  18.11165
-67.85304  18.10890
-67.84668  18.10747
-67.84525  18.10249
-67.84279  18.09808
-67.84026  18.09389
-67.84164  18.08776
-67.84583  18.08473
-67.84972  18.08169
-67.85448  18.07945
-67.85722  18.07470
-67.85998  18.07029
-67.86250  18.06582
-67.86530  18.06112
-67.86805  18.05665
-67.87138  18.05275
-67.87613  18.05058
-67.88055  18.04834
-67.88639  18.04748
-67.89223  18.04806
-67.89555  18.05195
-67.89859  18.05585
-67.90197  18.05974
-67.90501  18.06335
-67.90919  18.06668
-67.91389  18.06914
-67.92031  18.07057
-67.92580  18.07252
-67.93056  18.07499
-67.93446  18.07831
-67.93692  18.08140
-67.93806  18.08696
-67.93835  18.09028
       NA        NA
-65.56167  18.11664
-65.55697  18.11555
-65.55027  18.11526
-65.54362  18.11526
-65.53864  18.11664
-65.53445  18.11973
-65.53056  18.12248
-65.52637  18.12558
-65.52305  18.12942
-65.51887  18.13222
-65.51527  18.13612
-65.51194  18.13973
-65.50724  18.14196
-65.50277  18.14414
-65.49721  18.14638
-65.49194  18.14775
-65.48696  18.14918
-65.48083  18.14970
-65.47475  18.15056
-65.46891  18.15113
-65.46358  18.15251
-65.45831  18.15388
-65.45361  18.15612
-65.44891  18.15835
-65.44444  18.16053
-65.43889  18.16196
-65.43448  18.16419
-65.42834  18.16500
-65.42192  18.16471
-65.41528  18.16471
-65.40886  18.16442
-65.40221  18.16442
-65.39586  18.16442
-65.38864  18.16333
-65.38193  18.16196
-65.37586  18.16053
-65.36945  18.15915
-65.36388  18.15692
-65.35667  18.15612
-65.35030  18.15474
-65.34332  18.15359
-65.33581  18.15279
-65.32973  18.15136
-65.32252  18.15056
-65.31529  18.14970
-65.30807  18.14861
-65.30109  18.14775
-65.29444  18.14775
-65.28780  18.14752
-65.28333  18.14500
-65.28001  18.14110
-65.27696  18.13721
-65.27473  18.13280
-65.27583  18.12804
-65.28138  18.12667
-65.28831  18.12753
-65.29387  18.12970
-65.29943  18.13165
-65.30527  18.13251
-65.30975  18.13028
-65.31387  18.12724
-65.31862  18.12501
-65.32332  18.12277
-65.32859  18.12140
-65.33335  18.11916
-65.33776  18.11692
-65.34194  18.11418
-65.34555  18.11028
-65.34779  18.11475
-65.34945  18.11973
-65.35220  18.12363
-65.35833  18.12306
-65.36194  18.11916
-65.36583  18.11641
-65.36916  18.11251
-65.37391  18.11028
-65.37804  18.10747
-65.38331  18.10610
-65.38915  18.10530
-65.39500  18.10472
-65.40164  18.10472
-65.40834  18.10501
-65.41362  18.10335
-65.41860  18.10197
-65.42416  18.10054
-65.42805  18.09750
-65.43224  18.09469
-65.43665  18.09252
-65.44141  18.09028
-65.44805  18.09028
-65.45361  18.09252
-65.45946  18.09166
-65.46473  18.09028
-65.47000  18.08891
-65.47527  18.08747
-65.48111  18.08696
-65.48696  18.08891
-65.49252  18.09086
-65.49836  18.09028
-65.50363  18.08891
-65.50833  18.08667
-65.51360  18.08530
-65.51887  18.08386
-65.52500  18.08307
-65.53136  18.08335
-65.53864  18.08415
-65.54557  18.08501
-65.55141  18.08696
-65.55582  18.08971
-65.56081  18.09252
-65.56557  18.09498
-65.56946  18.09836
-65.57336  18.10140
-65.57553  18.10581
-65.57891  18.10971
-65.58029  18.11475
-65.57834  18.11859
-65.57193  18.11721
-65.56557  18.11584
-65.56167  18.11664
