-26.59223 -59.07000
-26.60054 -59.06943
-26.61028 -59.06805
-26.62140 -59.06748
-26.62890 -59.06473
-26.63555 -59.06112
-26.63973 -59.05585
-26.64414 -59.05058
-26.64804 -59.04525
-26.65388 -59.04084
-26.65887 -59.03637
-26.66442 -59.03225
-26.66500 -59.02583
-26.66082 -59.02141
-26.65388 -59.01803
-26.64666 -59.01471
-26.63641 -59.01247
-26.62638 -59.01030
-26.61807 -59.00749
-26.61085 -59.00417
-26.60386 -59.00085
-26.59498 -58.99804
-26.58553 -58.99804
-26.57917 -59.00165
-26.57361 -59.00611
-26.56748 -59.00973
-26.55946 -59.01247
-26.55109 -59.01471
-26.54221 -59.01666
-26.53471 -59.01969
-26.52806 -59.02336
-26.52164 -59.02697
-26.51391 -59.02972
-26.50640 -59.03252
-26.50113 -59.03694
-26.50251 -59.04141
-26.50778 -59.04525
-26.51666 -59.04806
-26.52525 -59.05080
-26.53081 -59.05470
-26.53637 -59.05860
-26.54531 -59.05997
-26.55694 -59.06169
-26.56553 -59.06444
-26.57275 -59.06776
-26.58278 -59.07000
-26.59223 -59.07000
       NA        NA
-27.34418 -59.46889
-27.34974 -59.46443
-27.35724 -59.46139
-27.36721 -59.46030
-27.37472 -59.45721
-27.37999 -59.45279
-27.38670 -59.44918
-27.39414 -59.44609
-27.40194 -59.44334
-27.40835 -59.43973
-27.41248 -59.43446
-27.41001 -59.42919
-27.40280 -59.42609
-27.39082 -59.42443
-27.37919 -59.42277
-27.36584 -59.42197
-27.35472 -59.42248
-27.34361 -59.42305
-27.33249 -59.42363
-27.32585 -59.42724
-27.32722 -59.43308
-27.33141 -59.43750
-27.33083 -59.44363
-27.32780 -59.44970
-27.32917 -59.45526
-27.32860 -59.46139
-27.32447 -59.46666
-27.31553 -59.46889
-27.30694 -59.47084
-27.29806 -59.47307
-27.30780 -59.47165
-27.31777 -59.47055
-27.32997 -59.47055
-27.34000 -59.46918
-27.34418 -59.46889
       NA        NA
-26.66082 -57.08636
-26.66832 -57.08361
-26.67777 -57.08585
-26.68614 -57.08860
-26.68998 -57.08333
-26.69387 -57.07806
-26.70029 -57.07445
-26.70722 -57.07164
-26.71668 -57.07026
-26.72390 -57.06723
-26.72888 -57.06276
-26.72361 -57.05886
-26.71834 -57.05502
-26.71719 -57.04947
-26.70946 -57.05027
-26.70333 -57.05388
-26.69640 -57.05669
-26.68499 -57.05502
-26.67583 -57.05640
-26.67084 -57.06081
-26.66442 -57.06442
-26.66053 -57.06975
-26.65554 -57.07416
-26.65136 -57.07943
-26.65446 -57.08252
-26.66082 -57.08636
       NA        NA
-26.42642 -57.81889
-26.43696 -57.81832
-26.44664 -57.81694
-26.45277 -57.81333
-26.45919 -57.80972
-26.46664 -57.80697
-26.47392 -57.80388
-26.48113 -57.80113
-26.49082 -57.79998
-26.49918 -57.79781
-26.50446 -57.79334
-26.50612 -57.78807
-26.50503 -57.78222
-26.50915 -57.77723
-26.51225 -57.77111
-26.50835 -57.76669
-26.49861 -57.76446
-26.49168 -57.76114
-26.48641 -57.75724
-26.47942 -57.75386
-26.47581 -57.74945
-26.47334 -57.74417
-26.46945 -57.73971
-26.46028 -57.73971
-26.45197 -57.74165
-26.44332 -57.74389
-26.43725 -57.74750
-26.43306 -57.75277
-26.43553 -57.75775
-26.43501 -57.76389
-26.43192 -57.77002
-26.42665 -57.77443
-26.42138 -57.77890
-26.41502 -57.78251
-26.40780 -57.78526
-26.39943 -57.78720
-26.38998 -57.78864
-26.37863 -57.78692
-26.36752 -57.78526
-26.35778 -57.78669
-26.35250 -57.79110
-26.35944 -57.79443
-26.36419 -57.79609
-26.37084 -57.79947
-26.38058 -57.80251
-26.38889 -57.80526
-26.40167 -57.80640
-26.41278 -57.80806
-26.41668 -57.81247
-26.42642 -57.81889
       NA        NA
-27.16278 -56.72723
-27.16943 -56.72586
-27.17860 -56.72443
-27.18667 -56.72225
-27.19613 -56.72110
-27.20530 -56.71973
-27.21085 -56.71721
-27.21000 -56.71165
-27.20862 -56.70609
-27.21057 -56.69916
-27.20971 -56.69360
-27.20444 -56.68970
-27.19195 -56.68862
-27.18387 -56.68610
-27.17860 -56.68220
-27.17029 -56.67945
-27.15917 -56.67916
-27.14863 -56.68054
-27.13832 -56.68082
-27.12944 -56.68220
-27.12113 -56.68443
-27.11305 -56.68667
-27.10583 -56.68942
-27.09890 -56.69223
-27.09168 -56.69526
-27.08887 -56.70111
-27.08973 -56.70695
-27.09529 -56.71085
-27.09919 -56.71526
-27.10864 -56.71749
-27.11947 -56.71887
-27.13196 -56.72002
-27.14279 -56.72139
-27.14943 -56.72471
-27.15889 -56.72695
-27.16278 -56.72723
       NA        NA
-27.58391 -56.31585
-27.58528 -56.31029
-27.58918 -56.30502
-27.59720 -56.30279
-27.60528 -56.30084
-27.60614 -56.29666
-27.60390 -56.29167
-27.60253 -56.28611
-27.60001 -56.28113
-27.59502 -56.27723
-27.58362 -56.27695
-27.57720 -56.27362
-27.56752 -56.27168
-27.55555 -56.27053
-27.54947 -56.27414
-27.54558 -56.27947
-27.54082 -56.28388
-27.53360 -56.28698
-27.52581 -56.28915
-27.52862 -56.29276
-27.53945 -56.29419
-27.54609 -56.29752
-27.54861 -56.30250
-27.54947 -56.30834
-27.55194 -56.31333
-27.55750 -56.31723
-27.56391 -56.32055
-27.57222 -56.32170
-27.57944 -56.31889
-27.58391 -56.31585
       NA        NA
-26.25888 -58.49252
-26.26416 -58.48805
-26.27166 -58.48530
-26.27917 -58.48249
-26.28667 -58.47974
-26.29527 -58.47750
-26.30501 -58.47636
-26.31693 -58.47664
-26.32695 -58.47888
-26.33721 -58.47974
-26.34391 -58.47613
-26.34999 -58.47252
-26.35640 -58.46891
-26.36391 -58.46582
-26.37164 -58.46307
-26.38001 -58.46112
-26.38975 -58.45975
-26.40167 -58.45997
-26.41141 -58.45889
-26.42000 -58.45665
-26.42418 -58.45138
-26.42831 -58.44639
-26.43472 -58.44279
-26.44332 -58.44055
-26.45083 -58.43780
-26.45724 -58.43419
-26.45919 -58.42720
-26.45249 -58.42387
-26.44693 -58.41998
-26.44280 -58.41557
-26.44057 -58.41058
-26.43805 -58.40525
-26.43696 -58.39970
-26.43639 -58.39414
-26.43364 -58.38916
-26.42527 -58.38640
-26.41668 -58.38360
-26.40390 -58.38251
-26.39307 -58.38280
-26.38362 -58.38417
-26.37388 -58.38554
-26.36419 -58.38669
-26.35445 -58.38806
-26.34391 -58.38864
-26.33085 -58.38750
-26.31779 -58.38640
-26.30724 -58.38692
-26.29642 -58.38750
-26.28667 -58.38864
-26.27808 -58.39082
-26.26943 -58.39276
-26.26192 -58.39557
-26.25665 -58.39998
-26.24697 -58.40142
-26.24640 -58.40749
-26.24914 -58.41110
-26.25058 -58.41557
-26.25304 -58.42056
-26.25253 -58.42668
-26.25195 -58.43304
-26.25585 -58.43752
-26.25499 -58.44358
-26.25470 -58.45000
-26.25275 -58.45665
-26.24720 -58.46112
-26.24192 -58.46553
-26.24141 -58.47166
-26.24697 -58.47556
-26.24777 -58.48112
-26.24553 -58.48805
-26.24359 -58.49470
-26.24891 -58.49859
-26.25527 -58.49498
-26.25888 -58.49252
