-56.28944  47.07083
-56.28279  47.06722
-56.27752  47.06333
-56.27110  47.06001
-56.26612  47.05611
-56.25970  47.05250
-56.25471  47.04860
-56.24944  47.04470
-56.24641  47.03972
-56.24721  47.03502
-56.25168  47.02861
-56.25638  47.02333
-56.26085  47.01720
-56.26222  47.01165
-56.26497  47.00586
-56.26807  47.00002
-56.27110  46.99417
-56.27557  46.98890
-56.28084  46.98443
-56.28669  46.98111
-56.29333  46.97945
-56.29694  46.98363
-56.29803  46.98833
-56.30164  46.99279
-56.30943  46.99279
-56.31665  46.99194
-56.32221  46.98861
-56.33086  46.99056
-56.33945  46.99251
-56.34696  46.99113
-56.34805  46.98638
-56.34582  46.98168
-56.34192  46.97750
-56.33693  46.97360
-56.32891  46.97251
-56.32112  46.97251
-56.31304  46.97137
-56.30720  46.96724
-56.30697  46.96249
-56.30834  46.95693
-56.31138  46.95108
-56.31419  46.94530
-56.31614  46.93917
-56.31751  46.93418
-56.31889  46.92862
-56.31917  46.92364
-56.31946  46.91831
-56.31751  46.91304
-56.31585  46.90891
-56.31470  46.90416
-56.31110  46.89975
-56.30582  46.89585
-56.29832  46.89276
-56.28915  46.88972
-56.28141  46.88972
-56.27305  46.88914
-56.26526  46.88749
-56.25695  46.88554
-56.24887  46.88221
-56.24280  46.87889
-56.23753  46.87499
-56.23501  46.87030
-56.23306  46.86525
-56.23277  46.86055
-56.23197  46.85586
-56.23335  46.85030
-56.23638  46.84446
-56.24137  46.83833
-56.24641  46.83472
-56.25305  46.83139
-56.25804  46.82859
-56.26360  46.82526
-56.27030  46.82194
-56.27557  46.81919
-56.28141  46.81581
-56.28777  46.81248
-56.29333  46.80916
-56.29918  46.80555
-56.30387  46.80194
-56.30943  46.79833
-56.31528  46.79501
-56.32084  46.79140
-56.32610  46.78693
-56.33138  46.78275
-56.33751  46.78000
-56.34386  46.77834
-56.35195  46.78166
-56.36026  46.78361
-56.36833  46.78469
-56.37446  46.78888
-56.37446  46.79335
-56.37303  46.79890
-56.37165  46.80447
-56.37000  46.81002
-56.37057  46.81558
-56.37194  46.81970
-56.38054  46.82028
-56.38667  46.81919
-56.39446  46.82251
-56.39692  46.82692
-56.39807  46.83168
-56.39641  46.83724
-56.39137  46.84331
-56.38667  46.84692
-56.38002  46.85030
-56.37418  46.85225
-56.36776  46.85391
-56.36054  46.85442
-56.35389  46.85609
-56.34776  46.85889
-56.34249  46.86308
-56.33974  46.86886
-56.33693  46.87499
-56.33499  46.88112
-56.33224  46.88640
-56.33086  46.89167
-56.32943  46.89722
-56.32972  46.90278
-56.32972  46.90805
-56.32863  46.91304
-56.32697  46.91860
-56.32553  46.92387
-56.32531  46.92914
-56.32639  46.93418
-56.32748  46.93888
-56.32943  46.94415
-56.33086  46.94833
-56.33470  46.95252
-56.33722  46.95721
-56.34083  46.96140
-56.34335  46.96581
-56.34696  46.96999
-56.34971  46.97475
-56.35057  46.97945
-56.35303  46.98391
-56.35556  46.98861
-56.35917  46.99279
-56.36249  46.99749
-56.36610  47.00196
-56.37000  47.00609
-56.37418  47.00970
-56.37945  47.01359
-56.38306  47.01778
-56.38638  47.02248
-56.38804  47.02666
-56.38919  47.03164
-56.38890  47.03697
-56.38804  47.04276
-56.38696  47.04751
-56.38558  47.05307
-56.38529  47.05834
-56.38609  47.06390
-56.38609  47.06831
-56.38804  47.07364
-56.39056  47.07805
-56.39222  47.08223
-56.39417  47.08751
-56.39583  47.09169
-56.39669  47.09667
-56.39807  47.10137
-56.39779  47.10664
-56.39475  47.11249
-56.39028  47.11890
-56.38529  47.12303
-56.38002  47.12749
-56.37418  47.13111
-56.36805  47.13363
-56.36111  47.13580
-56.35389  47.13667
-56.34725  47.13667
-56.34473  47.13219
-56.34999  47.12778
-56.35584  47.12446
-56.36197  47.12028
-56.36667  47.11638
-56.37223  47.11306
-56.37641  47.10693
-56.37584  47.10137
-56.37303  47.09747
-56.36639  47.09386
-56.35888  47.09364
-56.35137  47.09364
-56.34306  47.09249
-56.33499  47.09140
-56.32582  47.08860
-56.31665  47.08556
-56.30915  47.08252
-56.30250  47.07891
-56.29499  47.07553
-56.28944  47.07083
