-56.47026   1.94445
-56.46614   1.94250
-56.46058   1.94112
-56.45445   1.94026
-56.44832   1.93975
-56.44276   1.93832
-56.43720   1.93694
-56.43251   1.93499
-56.42638   1.93419
-56.42168   1.93224
-56.41669   1.93001
-56.41251   1.92749
-56.40918   1.92388
-56.40392   1.92250
-56.39692   1.92250
-56.39056   1.92330
-56.38443   1.92388
-56.38002   1.92611
-56.37555   1.92886
-56.37223   1.93224
-56.36890   1.93557
-56.36335   1.93694
-56.35722   1.93637
-56.35166   1.93499
-56.34610   1.93362
-56.34140   1.93138
-56.33665   1.92944
-56.33167   1.92749
-56.32697   1.92525
-56.32307   1.92250
-56.31803   1.92055
-56.31333   1.91861
-56.30834   1.91637
-56.30359   1.91442
-56.29946   1.91167
-56.29528   1.90887
-56.29138   1.90612
-56.28720   1.90331
-56.28251   1.90136
-56.27832   1.89861
-56.27414   1.89586
-56.27002   1.89305
-56.26526   1.89110
-56.25970   1.88973
-56.25362   1.88916
-56.24692   1.88916
-56.23999   1.88916
-56.23306   1.88916
-56.22692   1.88973
-56.22086   1.89030
-56.21472   1.89110
-56.20859   1.89168
-56.20166   1.89168
-56.19530   1.89110
-56.18997   1.88973
-56.18390   1.88916
-56.17834   1.88778
-56.17278   1.88641
-56.16722   1.88497
-56.16253   1.88280
-56.15697   1.88136
-56.15164   1.88028
-56.14666   1.87804
-56.14253   1.87529
-56.13806   1.87334
-56.13222   1.87197
-56.12752   1.86973
-56.12276   1.86778
-56.11721   1.86641
-56.11331   1.86360
-56.10832   1.86165
-56.10363   1.85971
-56.09887   1.85747
-56.09388   1.85558
-56.08919   1.85335
-56.08443   1.85140
-56.07888   1.85002
-56.07418   1.84808
-56.06942   1.84584
-56.06363   1.84447
-56.05916   1.84252
-56.05332   1.84109
-56.04805   1.83971
-56.04249   1.83834
-56.03722   1.83696
-56.03109   1.83639
-56.02473   1.83553
-56.01780   1.83553
-56.01167   1.83639
-56.00502   1.83639
-55.99889   1.83696
-55.99304   1.83834
-55.98777   1.83971
-55.98222   1.84109
-55.97694   1.84252
-55.97139   1.84389
-55.96583   1.84527
-55.96085   1.84722
-55.95638   1.84945
-55.95139   1.85140
-55.94669   1.85335
-55.94251   1.85610
-55.93861   1.85890
-55.93581   1.86303
-55.93277   1.86721
-55.92945   1.87054
-55.92664   1.87472
-55.92252   1.87753
-55.91833   1.88028
-55.91444   1.88280
-55.91111   1.88641
-55.90779   1.88973
-55.90418   1.89305
-55.90137   1.89724
-55.89942   1.90193
-55.89862   1.90835
-55.89942   1.91442
-55.90057   1.91970
-55.90280   1.92474
-55.90475   1.92944
-55.90641   1.93499
-55.90831   1.93975
-55.90974   1.94531
-55.91111   1.95058
-55.91220   1.95614
-55.91386   1.96169
-55.91444   1.96777
-55.91501   1.97390
-55.91501   1.98083
-55.91581   1.98696
-55.91581   1.99252
-55.91501   1.99859
-55.91386   2.00415
-55.91220   2.00942
-55.91025   2.01446
-55.90831   2.01916
-55.90641   2.02392
-55.90418   2.02890
-55.90223   2.03360
-55.90057   2.03916
-55.90137   2.04529
-55.90418   2.04918
-55.90693   2.05331
-55.91025   2.05692
-55.91306   2.06081
-55.91639   2.06442
-55.91999   2.06780
-55.92332   2.07113
-55.92750   2.07388
-55.93082   2.07749
-55.93443   2.08081
-55.93861   2.08362
-55.94194   2.08694
-55.94526   2.09026
-55.94858   2.09387
-55.95219   2.09720
-55.95638   2.10000
-55.95890   2.10419
-55.96251   2.10751
-55.96583   2.11083
-55.96915   2.11444
-55.97276   2.11777
-55.97528   2.12195
-55.97752   2.12665
-55.97889   2.13221
-55.98164   2.13639
-55.98445   2.14028
-55.98697   2.14447
-55.98972   2.14859
-55.99304   2.15197
-55.99723   2.15472
-56.00141   2.15747
-56.00554   2.16028
-56.01058   2.16223
-56.01499   2.16446
-56.01997   2.16641
-56.02473   2.16859
-56.02891   2.17111
-56.03304   2.17392
-56.03636   2.17753
-56.03859   2.18222
-56.04054   2.18692
-56.04140   2.19305
-56.03974   2.19861
-56.03859   2.20417
-56.03636   2.20887
-56.03498   2.21442
-56.03447   2.22056
-56.03636   2.22525
-56.03917   2.22944
-56.04249   2.23276
-56.04581   2.23614
-56.04530   2.23499
-56.04891   2.23694
-56.05303   2.23975
-56.05693   2.24250
-56.06169   2.24445
-56.06667   2.24640
-56.07137   2.24863
-56.07693   2.25001
-56.08220   2.25138
-56.08724   2.25333
-56.09388   2.25333
-56.10002   2.25419
-56.10586   2.25276
-56.11113   2.25138
-56.11583   2.24915
-56.12196   2.24863
-56.12752   2.25001
-56.13165   2.25276
-56.13445   2.25665
-56.13640   2.26169
-56.13806   2.26696
-56.13806   2.27390
-56.13583   2.27860
-56.13308   2.28278
-56.13027   2.28696
-56.12695   2.29028
-56.12420   2.29447
-56.12053   2.29779
-56.11806   2.30197
-56.11526   2.30610
-56.11251   2.31028
-56.11028   2.31498
-56.10775   2.31916
-56.10586   2.32392
-56.10363   2.32862
-56.10168   2.33360
-56.09945   2.33836
-56.09807   2.34391
-56.09555   2.34775
-56.09251   2.35193
-56.08919   2.35526
-56.08443   2.35749
-56.07888   2.35749
-56.07418   2.35526
-56.06999   2.35279
-56.06667   2.34918
-56.06169   2.34724
-56.05642   2.34586
-56.05086   2.34443
-56.04530   2.34443
-56.04140   2.34724
-56.03722   2.34999
-56.03361   2.35331
-56.03029   2.35669
-56.02748   2.36082
-56.02530   2.36557
-56.02336   2.37056
-56.02083   2.37474
-56.01780   2.37863
-56.01499   2.38276
-56.01167   2.38608
-56.00834   2.38975
-56.00502   2.39307
-56.00141   2.39640
-55.99803   2.40001
-55.99471   2.40333
-55.99196   2.40751
-55.98972   2.41221
-55.98886   2.41834
-55.99058   2.42390
-55.99276   2.42860
-55.99528   2.43278
-55.99803   2.43696
-55.99998   2.44166
-56.00084   2.44779
-55.99998   2.45386
-55.99803   2.45891
-55.99614   2.46360
-55.99276   2.46750
-55.98972   2.47168
-55.98697   2.47581
-55.98445   2.47999
-55.98279   2.48555
-55.98279   2.49082
-55.98445   2.49638
-55.98445   2.50056
-55.98554   2.50612
-55.98640   2.51225
-55.98554   2.51832
-55.98279   2.52250
-55.97947   2.52583
-55.97471   2.52778
-55.97081   2.53058
-55.96583   2.53276
-55.95970   2.53333
-55.95363   2.53276
-55.94721   2.53196
-55.94194   2.53058
-55.93638   2.52915
-55.93168   2.52720
-55.92664   2.52525
-55.92194   2.52308
-55.91805   2.52027
-55.91306   2.51832
-55.90888   2.51557
-55.90475   2.51276
-55.90137   2.50944
-55.89725   2.50669
-55.89306   2.50388
-55.89003   2.50056
-55.88613   2.49724
-55.88275   2.49363
-55.87971   2.49030
-55.87668   2.48612
-55.87387   2.48194
-55.87141   2.47804
-55.86808   2.47443
-55.86442   2.47111
-55.86029   2.46836
-55.85553   2.46641
-55.84946   2.46555
-55.84390   2.46418
-55.83835   2.46280
-55.83307   2.46137
-55.82752   2.46028
-55.82196   2.45891
-55.81640   2.45747
-55.81113   2.45610
-55.80557   2.45472
-55.80001   2.45335
-55.79388   2.45249
-55.78753   2.45197
-55.78220   2.45054
-55.77612   2.45002
-55.77057   2.44859
-55.76638   2.44584
-55.76220   2.44303
-55.76025   2.43834
-55.75836   2.43335
-55.75527   2.42946
-55.75332   2.42447
-55.75085   2.42057
-55.74805   2.41639
-55.74444   2.41278
-55.74083   2.40946
-55.73693   2.40665
-55.73275   2.40390
-55.72891   2.40109
-55.72307   2.40001
-55.71694   2.39915
-55.71029   2.39915
-55.70416   2.40001
-55.69860   2.40109
-55.69390   2.40333
-55.68886   2.40528
-55.68416   2.40751
-55.67947   2.40946
-55.67442   2.41169
-55.66915   2.41278
-55.66222   2.41278
-55.65609   2.41358
-55.65001   2.41416
-55.64446   2.41553
-55.64027   2.41834
-55.63557   2.42057
-55.63140   2.42304
-55.62750   2.42585
-55.62331   2.42860
-55.61833   2.43083
-55.61306   2.43192
-55.60750   2.43335
-55.60194   2.43473
-55.59639   2.43610
-55.59111   2.43748
-55.58470   2.43834
-55.57862   2.43748
-55.57335   2.43610
-55.56751   2.43473
-55.56224   2.43335
-55.55611   2.43278
-55.55055   2.43278
-55.54442   2.43335
-55.53943   2.43553
-55.53416   2.43696
-55.52918   2.43748
-55.52248   2.43748
-55.51640   2.43834
-55.51027   2.43891
-55.50334   2.43891
-55.49692   2.43971
-55.49085   2.44028
-55.48500   2.44109
-55.47859   2.44166
-55.47251   2.44223
-55.46638   2.44303
-55.45945   2.44303
-55.45251   2.44303
-55.44667   2.44223
-55.44026   2.44166
-55.43418   2.44223
-55.42725   2.44223
-55.42249   2.44028
-55.41694   2.43891
-55.41224   2.43696
-55.40748   2.43473
-55.40335   2.43192
-55.39832   2.43003
-55.39276   2.42860
-55.38668   2.42808
-55.37998   2.42808
-55.37528   2.43003
-55.37110   2.43278
-55.36778   2.43610
-55.36417   2.43971
-55.36165   2.44361
-55.35775   2.44722
-55.35529   2.45111
-55.35443   2.45747
-55.35586   2.46280
-55.35666   2.46916
-55.35666   2.47443
-55.35529   2.47999
-55.35334   2.48475
-55.35110   2.48973
-55.34778   2.49305
-55.34417   2.49724
-55.34165   2.50136
-55.33890   2.50526
-55.33472   2.50807
-55.33053   2.51139
-55.32641   2.51414
-55.32251   2.51695
-55.31753   2.51889
-55.31197   2.52027
-55.30664   2.52164
-55.30057   2.52250
-55.29415   2.52308
-55.28808   2.52250
-55.28194   2.52164
-55.27725   2.51970
-55.27364   2.51637
-55.27026   2.51276
-55.26751   2.50864
-55.26499   2.50474
-55.26275   2.49970
-55.25863   2.49724
-55.25169   2.49724
-55.24637   2.49833
-55.24138   2.49918
-55.23697   2.50136
-55.23193   2.50331
-55.22694   2.50526
-55.22248   2.50749
-55.21749   2.50944
-55.21417   2.51276
-55.20998   2.51557
-55.20666   2.51889
-55.20305   2.52250
-55.19973   2.52583
-55.19692   2.53001
-55.19446   2.53419
-55.19136   2.53803
-55.18861   2.54221
-55.18666   2.54720
-55.18391   2.55109
-55.18053   2.55470
-55.17693   2.55803
-55.17303   2.56083
-55.16890   2.56359
-55.16472   2.56639
-55.16002   2.56834
-55.15527   2.57029
-55.15028   2.57252
-55.14415   2.57304
-55.13808   2.57390
-55.13332   2.57166
-55.13000   2.56834
-55.12639   2.56502
-55.12387   2.56083
-55.12169   2.55614
-55.12221   2.54972
-55.12502   2.54582
-55.12639   2.54027
-55.12502   2.53471
-55.12169   2.53138
-55.11751   2.52863
-55.11195   2.52720
-55.10720   2.52915
-55.10192   2.53058
-55.09694   2.53276
-55.09195   2.53471
-55.08806   2.53752
-55.08250   2.53889
-55.07918   2.54221
-55.07557   2.54582
-55.07167   2.54834
-55.06692   2.55058
-55.06279   2.55333
-55.05861   2.55614
-55.05529   2.55946
-55.05110   2.56221
-55.04692   2.56502
-55.04331   2.56834
-55.03947   2.57109
-55.03580   2.57447
-55.03248   2.57779
-55.02835   2.58054
-55.02417   2.58415
-55.02028   2.58696
-55.01609   2.58943
-55.01111   2.59166
-55.00641   2.59361
-55.00028   2.59447
-54.99415   2.59498
-54.98722   2.59498
-54.98195   2.59642
-54.97696   2.59831
-54.97221   2.60054
-54.96751   2.60249
-54.96418   2.60581
-54.96058   2.60942
-54.95697   2.61280
-54.95359   2.61613
-54.94831   2.61750
-54.94253   2.61613
-54.93914   2.61280
-54.94001   2.60667
-54.94224   2.60192
-54.94419   2.59722
-54.94665   2.59303
-54.94946   2.58891
-54.95250   2.58473
-54.95582   2.58140
-54.95914   2.57779
-54.96333   2.57527
-54.96808   2.57304
-54.97026   2.56834
-54.97221   2.56359
-54.97221   2.55665
-54.97141   2.55528
-54.97221   2.55528
-54.97221   2.55470
-54.96946   2.55058
-54.96665   2.54640
-54.96333   2.54307
-54.96000   2.53946
-54.95668   2.53608
-54.95307   2.53276
-54.94946   2.52915
-54.94637   2.52583
-54.94224   2.52308
-54.93863   2.51970
-54.93525   2.51637
-54.93250   2.51225
-54.92889   2.50864
-54.92557   2.50526
-54.92225   2.50193
-54.91864   2.49833
-54.91445   2.49586
-54.91113   2.49219
-54.90775   2.48887
-54.90414   2.48555
-54.90030   2.48280
-54.89669   2.47942
-54.89331   2.47581
-54.88998   2.47248
-54.88638   2.46916
-54.88305   2.46555
-54.87973   2.46223
-54.87778   2.45747
-54.87612   2.45197
-54.87360   2.44779
-54.87085   2.44361
-54.86753   2.44028
-54.86197   2.43891
-54.85641   2.43748
-54.85028   2.43696
-54.84472   2.43553
-54.83859   2.43473
-54.83166   2.43473
-54.82553   2.43415
-54.81860   2.43415
-54.81252   2.43473
-54.80639   2.43553
-54.80141   2.43748
-54.79751   2.44028
-54.79276   2.44223
-54.78863   2.44498
-54.78525   2.44859
-54.78112   2.45111
-54.77752   2.45472
-54.77419   2.45805
-54.77081   2.46137
-54.76806   2.46555
-54.76474   2.46916
-54.75970   2.47111
-54.75362   2.47168
-54.74692   2.47168
-54.74113   2.47054
-54.73666   2.46836
-54.73082   2.46693
-54.72555   2.46555
-54.71999   2.46418
-54.71529   2.46223
-54.70973   2.46085
-54.70360   2.46028
-54.69805   2.45891
-54.69335   2.45667
-54.68916   2.45386
-54.68642   2.45002
-54.68584   2.44361
-54.68642   2.43748
-54.68859   2.43278
-54.69111   2.42860
-54.69192   2.42252
-54.69003   2.41777
-54.68693   2.41358
-54.68447   2.40946
-54.68390   2.40333
-54.68642   2.39915
-54.69192   2.39777
-54.69862   2.39777
-54.70360   2.39582
-54.70779   2.39307
-54.71054   2.38889
-54.71249   2.38419
-54.71249   2.37863
-54.71054   2.37525
-54.70779   2.37113
-54.70446   2.36781
-54.70086   2.36442
-54.69747   2.36082
-54.69529   2.35612
-54.69529   2.34918
-54.69667   2.34391
-54.69667   2.33692
-54.69529   2.33137
-54.69249   2.32724
-54.68859   2.32472
-54.68390   2.32248
-54.67833   2.32111
-54.67220   2.32054
-54.66585   2.31973
-54.65972   2.31916
-54.65278   2.31916
-54.64665   2.31836
-54.64058   2.31916
-54.63445   2.31973
-54.62889   2.32111
-54.62362   2.32248
-54.61864   2.32472
-54.61308   2.32581
-54.60832   2.32804
-54.60276   2.32942
       NA        NA
-54.60276   2.32942
-54.60081   2.33360
-54.59807   2.33750
-54.59474   2.34111
-54.59113   2.34443
-54.58775   2.34775
-54.58363   2.35056
-54.57887   2.35279
-54.57389   2.35474
-54.56724   2.35474
-54.56111   2.35417
-54.55555   2.35279
-54.55085   2.35056
-54.54747   2.34724
-54.54335   2.34443
-54.53974   2.34111
-54.53556   2.33836
-54.53109   2.33612
-54.52387   2.33612
-54.52083   2.33836
-54.51665   2.34111
-54.51304   2.34443
-54.50972   2.34775
-54.50697   2.35193
-54.50416   2.35612
-54.50221   2.36082
-54.49917   2.36500
-54.49803   2.36918
-54.49665   2.37474
-54.49585   2.37944
-54.49470   2.38333
-54.49253   2.38832
-54.49109   2.39359
-54.48972   2.39915
-54.48886   2.40528
-54.48834   2.41169
-54.48777   2.41777
-54.48553   2.42252
-54.48445   2.42808
       NA        NA
-54.48445   2.42808
-54.47694   2.42808
-54.47001   2.42808
-54.46388   2.42722
-54.45752   2.42665
-54.45139   2.42585
-54.44526   2.42527
-54.43861   2.42527
-54.43139   2.42527
-54.42669   2.42722
-54.42331   2.43083
-54.42056   2.43473
-54.41805   2.43891
-54.41500   2.44303
-54.41220   2.44722
-54.40973   2.45111
-54.40693   2.45530
-54.40332   2.45891
-54.40028   2.46223
-54.39639   2.46555
-54.39306   2.46916
-54.38974   2.47248
-54.38556   2.47529
-54.38195   2.47862
-54.37891   2.48194
-54.37473   2.48475
-54.37192   2.48887
-54.36831   2.49219
-54.36585   2.49638
-54.36304   2.50056
-54.36029   2.50474
-54.35806   2.50944
-54.35610   2.51414
-54.35387   2.51889
-54.35192   2.52388
-54.35055   2.52915
-54.34946   2.53471
-54.34780   2.54027
-54.34723   2.54640
-54.34585   2.55195
-54.34390   2.55665
-54.34167   2.56141
-54.33915   2.56553
-54.33611   2.56972
-54.33279   2.57304
-54.33084   2.57665
-54.32803   2.58054
-54.32585   2.58553
-54.32391   2.59029
-54.32247   2.59556
-54.32138   2.60111
-54.31972   2.60667
-54.31915   2.61280
-54.31835   2.61888
-54.31720   2.62443
-54.31503   2.62919
-54.31308   2.63389
-54.31027   2.63807
-54.30695   2.64168
-54.30334   2.64500
-54.30001   2.64833
-54.29720   2.65251
-54.29445   2.65669
-54.29113   2.66001
-54.28752   2.66362
-54.28500   2.66752
-54.28139   2.67113
-54.27887   2.67503
-54.27669   2.68001
-54.27388   2.68391
-54.27194   2.68889
-54.26970   2.69359
-54.26724   2.69834
-54.26501   2.70333
-54.26306   2.70803
-54.26111   2.71278
-54.25836   2.71697
-54.25526   2.72080
-54.25280   2.72499
-54.24919   2.72860
-54.24667   2.73112
-54.24306   2.73473
-54.23974   2.73805
-54.23693   2.74223
-54.23332   2.74556
-54.23000   2.74917
-54.22667   2.75249
-54.22306   2.75581
-54.21917   2.75862
-54.21556   2.76194
-54.21223   2.76555
-54.20863   2.76888
-54.20610   2.77306
-54.20335   2.77695
-54.20055   2.78114
-54.19860   2.78612
-54.19665   2.79082
-54.19499   2.79609
-54.19390   2.80165
-54.19499   2.80721
-54.19665   2.81276
-54.19780   2.81804
-54.19860   2.82445
-54.19585   2.82835
-54.19304   2.83247
-54.18892   2.83528
-54.18473   2.83803
-54.18055   2.84084
-54.17723   2.84416
-54.17390   2.84749
-54.17247   2.85304
-54.17528   2.85723
-54.17946   2.85998
-54.18473   2.86141
-54.18972   2.86336
-54.19252   2.86748
-54.19442   2.87224
-54.19390   2.87694
-54.19109   2.88112
-54.18834   2.88530
-54.18668   2.89057
-54.18639   2.89693
-54.18639   2.90364
-54.18416   2.90862
-54.18141   2.91252
-54.17860   2.91527
-54.17637   2.91888
-54.17305   2.92220
-54.17030   2.92638
-54.16835   2.93114
-54.16640   2.93584
-54.16445   2.94053
-54.16222   2.94558
-54.16084   2.95085
-54.16084   2.95640
-54.16279   2.96110
-54.16554   2.96529
-54.17030   2.96723
-54.17528   2.96947
-54.17860   2.97279
-54.18026   2.97835
-54.18055   2.98442
-54.18026   2.99055
-54.17723   2.99474
-54.17390   2.99806
-54.17196   3.00276
-54.17030   3.00832
-54.17030   3.01531
-54.17196   3.02081
-54.17305   3.02613
-54.17390   3.03249
-54.17528   3.03776
-54.17608   3.04390
-54.17860   3.04808
-54.18279   3.05083
-54.18639   3.05415
-54.18972   3.05776
-54.18972   3.06303
-54.18473   3.06527
-54.18026   3.06721
-54.17528   3.06916
-54.17247   3.07335
-54.16972   3.07753
-54.16915   3.08360
-54.16915   3.08916
-54.17110   3.09391
-54.17305   3.09890
-54.17442   3.10417
-54.17442   3.11110
-54.17528   3.11723
-54.17723   3.12193
-54.18055   3.12526
-54.18473   3.12806
-54.19058   3.12944
-54.19665   3.13030
-54.19997   3.12669
-54.20250   3.12279
-54.20863   3.12193
-54.20834   3.12669
-54.20668   3.13225
-54.20668   3.13918
-54.20610   3.14525
-54.20335   3.14943
-54.20055   3.15362
-54.19780   3.15751
-54.19499   3.16164
-54.19252   3.16582
-54.19167   3.17195
-54.19167   3.17888
-54.19109   3.18502
-54.18972   3.19057
-54.18748   3.19527
-54.18473   3.19917
-54.18141   3.20278
-54.17803   3.20610
-54.17390   3.20891
-54.16915   3.21086
-54.16502   3.21361
-54.16084   3.21641
-54.15666   3.21974
-54.15419   3.22386
-54.15139   3.22804
-54.14915   3.23280
-54.14640   3.23693
-54.14445   3.24168
-54.14165   3.24581
-54.13890   3.24999
-54.13609   3.25417
-54.13363   3.25807
-54.13053   3.26225
-54.12807   3.26638
-54.12526   3.27056
-54.12194   3.27388
-54.11833   3.27720
-54.11501   3.28081
-54.11220   3.28500
-54.10807   3.28752
-54.10389   3.29027
-54.09970   3.29307
-54.09501   3.29502
-54.09444   3.29502
       NA        NA
-54.09444   3.29502
-54.08974   3.29720
-54.08555   3.30001
-54.08137   3.30247
-54.07748   3.30528
-54.07335   3.30803
-54.07112   3.31278
-54.06974   3.31834
-54.06917   3.32447
-54.06831   3.33083
-54.06751   3.33696
-54.06693   3.34304
-54.06636   3.34917
-54.06498   3.35473
-54.06361   3.36000
-54.06137   3.36469
-54.05943   3.36974
-54.05668   3.37386
-54.05336   3.37724
-54.04975   3.38057
-54.04636   3.38418
-54.04304   3.38750
-54.03892   3.39031
-54.03531   3.39363
-54.03193   3.39695
-54.02917   3.40113
-54.02585   3.40446
-54.02304   3.40858
-54.02058   3.41277
-54.01835   3.41752
-54.01640   3.42222
-54.01416   3.42720
-54.01141   3.43110
-54.00889   3.43528
-54.00528   3.43861
-54.00276   3.44279
-54.00110   3.44835
-54.00110   3.45390
-54.00276   3.45918
-54.00305   3.46554
-54.00305   3.47224
-54.00276   3.47831
-54.00196   3.48444
-54.00110   3.49086
-54.00196   3.49693
-54.00276   3.50306
-54.00471   3.50776
-54.00666   3.51252
-54.00946   3.51664
-54.01084   3.52220
-54.01222   3.52776
-54.01307   3.53389
-54.01307   3.54082
-54.01222   3.54695
-54.01084   3.55222
-54.00889   3.55692
-54.00666   3.56196
-54.00391   3.56609
-54.00058   3.56947
-53.99778   3.57331
-53.99446   3.57692
-53.99165   3.58110
-53.98890   3.58500
-53.98609   3.58918
-53.98414   3.59388
-53.98414   3.59944
-53.98609   3.60419
-53.98804   3.60918
-53.99027   3.61387
-53.99308   3.61806
-53.99503   3.62276
-53.99778   3.62694
-54.00110   3.63026
-54.00471   3.63358
-54.00889   3.63639
-54.01416   3.63777
-54.02058   3.63725
-54.02585   3.63582
-54.02998   3.63307
-54.03473   3.63083
-54.04109   3.63026
-54.04779   3.63026
-54.05249   3.63221
-54.05387   3.63777
-54.05387   3.64332
-54.05387   3.65003
-54.05553   3.65553
-54.05943   3.65834
-54.06275   3.66166
-54.06693   3.66447
-54.07026   3.66779
-54.07364   3.67140
-54.07581   3.67610
-54.07776   3.68085
-54.08000   3.68555
-54.08194   3.69054
-54.08281   3.69667
-54.08361   3.70280
-54.08418   3.70887
-54.08470   3.71500
-54.08693   3.71999
-54.08808   3.72526
-54.09025   3.73001
-54.09306   3.73419
-54.09501   3.73889
-54.09776   3.74308
-54.10057   3.74720
-54.10251   3.75196
-54.10555   3.75614
-54.10750   3.76084
-54.10944   3.76554
-54.11220   3.76972
-54.11581   3.77304
-54.11833   3.77722
-54.12114   3.78141
-54.12388   3.78553
-54.12721   3.78891
-54.13139   3.79166
-54.13609   3.79447
-54.14084   3.79636
-54.14640   3.79779
-54.15196   3.79917
-54.15832   3.79974
-54.16445   3.80054
-54.17030   3.80112
-54.17637   3.80192
-54.18141   3.80387
-54.18639   3.80610
-54.19058   3.80862
-54.19390   3.81223
-54.19585   3.81693
-54.19722   3.82249
-54.19665   3.82862
-54.19499   3.83418
-54.19499   3.84082
-54.19780   3.84501
-54.20192   3.84776
-54.20668   3.84970
-54.21166   3.85194
-54.21498   3.85446
-54.21779   3.85583
-54.22112   3.85944
-54.22472   3.86277
-54.22891   3.86557
-54.23280   3.86832
-54.23693   3.87085
-54.23974   3.87503
-54.24249   3.87915
-54.24581   3.88248
-54.24919   3.88609
-54.25280   3.88947
-54.25475   3.89416
-54.25693   3.89886
-54.25750   3.90528
-54.25945   3.90998
-54.26220   3.91387
-54.26638   3.91668
-54.27114   3.91892
-54.27612   3.92081
-54.28001   3.92361
-54.28414   3.92636
-54.28752   3.92975
-54.29027   3.93387
-54.29251   3.93863
-54.29359   3.94418
-54.29526   3.94946
-54.29669   3.95501
-54.29778   3.96057
-54.29864   3.96664
-54.30001   3.97220
-54.30196   3.97696
-54.30413   3.98166
-54.30609   3.98641
-54.30890   3.99054
-54.31141   3.99472
-54.31445   3.99890
-54.31777   4.00222
-54.32196   4.00497
-54.32557   4.00836
-54.32998   4.01053
-54.33416   4.01305
-54.33834   4.01586
-54.34253   4.01861
-54.34636   4.02136
-54.35055   4.02417
-54.35473   4.02692
-54.35806   4.03030
-54.36029   4.03500
-54.36166   4.04056
-54.36224   4.04669
-54.36109   4.05224
-54.35806   4.05608
-54.35696   4.05975
-54.35473   4.06307
-54.35192   4.06720
-54.34946   4.07138
-54.34780   4.07665
-54.34723   4.08278
-54.34636   4.08891
-54.34636   4.09585
-54.34528   4.10140
-54.34390   4.10668
-54.34167   4.11166
-54.33972   4.11642
-54.33777   4.12111
-54.33611   4.12667
-54.33416   4.13137
-54.33279   4.13693
-54.33164   4.14220
-54.33359   4.14724
-54.33777   4.14970
-54.34167   4.15251
-54.34585   4.15526
-54.35055   4.15750
-54.35553   4.15944
-54.35971   4.16219
-54.36499   4.16363
-54.36997   4.16558
-54.37473   4.16775
-54.38000   4.16890
-54.38498   4.17113
-54.38974   4.17308
-54.39444   4.17526
-54.39804   4.17864
-54.40223   4.18139
-54.40475   4.18528
-54.40693   4.19027
-54.40750   4.19640
-54.40693   4.20247
-54.40641   4.20860
-54.40555   4.21473
-54.40332   4.21943
-54.40137   4.22442
-54.39862   4.22831
-54.39610   4.23250
-54.39386   4.23720
-54.39306   4.24361
-54.39444   4.24974
-54.39610   4.25501
-54.39724   4.26057
-54.39724   4.26750
-54.39724   4.27415
-54.39639   4.28028
-54.39639   4.28721
-54.39639   4.29415
-54.39804   4.29942
-54.39942   4.30360
-54.40137   4.30836
-54.40332   4.31334
-54.40475   4.31861
-54.40641   4.32417
-54.40750   4.32973
-54.40973   4.33443
-54.41220   4.33832
-54.41581   4.34193
-54.41833   4.34611
-54.42114   4.35001
-54.42474   4.35362
-54.42669   4.35832
-54.42835   4.36388
-54.43082   4.36777
-54.43277   4.37253
-54.43443   4.37803
-54.43586   4.38359
-54.43695   4.38914
-54.43775   4.39527
-54.43890   4.40055
-54.43970   4.40696
-54.44056   4.41304
-54.44056   4.41974
-54.44113   4.42581
-54.44194   4.43085
-54.44250   4.43693
-54.44308   4.44306
-54.44388   4.44919
-54.44445   4.45526
-54.44526   4.46139
-54.44611   4.46752
-54.44669   4.47388
-54.44807   4.47915
-54.44864   4.48529
-54.44915   4.49142
-54.45053   4.49692
-54.45139   4.50305
-54.45225   4.50918
-54.45139   4.51554
-54.45001   4.52081
-54.44807   4.52556
-54.44445   4.52917
-54.44113   4.53250
-54.43775   4.53582
-54.43500   4.54000
-54.43219   4.54419
-54.42944   4.54831
-54.42750   4.55307
-54.42526   4.55776
-54.42251   4.56195
-54.42114   4.56722
-54.42056   4.57364
-54.41999   4.57971
-54.41999   4.58641
-54.41999   4.59335
-54.42114   4.59890
-54.42251   4.60417
-54.42417   4.60973
-54.42612   4.61443
-54.42835   4.61919
-54.43030   4.62417
-54.43219   4.62887
-54.43363   4.63414
-54.43586   4.63918
-54.43695   4.64445
-54.43861   4.65001
-54.43970   4.65557
-54.43970   4.66221
-54.43970   4.66915
-54.43861   4.67442
-54.43695   4.67998
-54.43500   4.68473
-54.43443   4.69081
-54.43277   4.69636
-54.43277   4.70335
-54.43443   4.70862
-54.43586   4.71418
-54.43890   4.71751
-54.44308   4.72026
-54.44720   4.72306
-54.45225   4.72501
-54.45752   4.72639
-54.46307   4.72776
-54.46777   4.73000
-54.47196   4.73252
-54.47470   4.73664
-54.47614   4.74220
-54.47751   4.74776
-54.47803   4.75389
-54.47803   4.76053
-54.47694   4.76609
-54.47614   4.77222
-54.47528   4.77835
-54.47528   4.78529
-54.47528   4.79193
-54.47614   4.79835
-54.47614   4.80500
-54.47614   4.81193
-54.47614   4.81863
-54.47614   4.82556
-54.47470   4.83084
-54.47419   4.83720
-54.47334   4.84333
-54.47334   4.84997
-54.47334   4.85696
-54.47470   4.86252
-54.47614   4.86779
-54.47803   4.87249
-54.48027   4.87748
-54.48279   4.88137
-54.48445   4.88693
-54.48553   4.89249
-54.48640   4.89862
-54.48502   4.90389
-54.48221   4.90807
-54.47947   4.91220
-54.47528   4.91500
-54.47196   4.91833
-54.46777   4.92113
-54.46445   4.92446
-54.46084   4.92807
-54.45752   4.93139
-54.45414   4.93471
-54.45139   4.93890
-54.44915   4.94359
-54.44915   4.95053
-54.45001   4.95666
-54.45001   4.96336
-54.45053   4.96943
-54.45225   4.97499
-54.45276   4.98112
-54.45414   4.98668
-54.45557   4.99195
-54.45638   4.99831
-54.45557   5.00444
-54.45414   5.00971
-54.45225   5.01470
-54.45053   5.02003
-54.44807   5.02415
-54.44526   5.02834
-54.44250   5.03223
-54.43970   5.03641
-54.43695   5.04054
-54.43443   5.04472
-54.43082   5.04804
-54.42835   5.05223
-54.42526   5.05641
-54.42331   5.06111
-54.42056   5.06529
-54.41805   5.06919
-54.41500   5.07331
-54.41168   5.07669
-54.40887   5.08082
-54.40555   5.08414
-54.40223   5.08775
-54.39862   5.09113
-54.39529   5.09445
-54.39111   5.09720
-54.38779   5.10053
-54.38418   5.10419
-54.38086   5.10752
-54.37891   5.11222
-54.37891   5.11915
-54.37891   5.12442
-54.37610   5.12860
-54.37249   5.13193
-54.36917   5.13554
-54.36419   5.13748
-54.35971   5.13943
-54.35473   5.14167
-54.35141   5.14499
-54.34780   5.14831
-54.34528   5.15249
-54.34333   5.15725
-54.34109   5.16195
-54.33915   5.16693
-54.33697   5.17169
-54.33502   5.17639
-54.33279   5.18109
-54.32998   5.18527
-54.32751   5.18945
-54.32557   5.19415
-54.32333   5.19890
-54.32058   5.20303
-54.31835   5.20779
-54.31554   5.21197
-54.31308   5.21581
-54.31027   5.21999
-54.30752   5.22417
-54.30471   5.22835
-54.30196   5.23225
-54.29944   5.23638
-54.29669   5.24056
-54.29331   5.24388
-54.29027   5.24806
-54.28695   5.25139
-54.28334   5.25471
-54.28001   5.25832
-54.27669   5.26164
-54.27251   5.26445
-54.26919   5.26777
-54.26501   5.27058
-54.26111   5.27333
-54.25693   5.27614
-54.25280   5.27860
-54.24919   5.28221
-54.24501   5.28502
-54.24083   5.28748
-54.23693   5.29029
-54.23223   5.29253
-54.22725   5.29442
-54.22249   5.29636
-54.21779   5.29860
-54.21275   5.30055
-54.20834   5.30250
-54.20415   5.30530
-54.19997   5.30805
-54.19665   5.31138
-54.19304   5.31499
-54.19058   5.31888
-54.18668   5.32249
-54.18416   5.32639
-54.18055   5.33000
-54.17803   5.33418
-54.17442   5.33750
-54.17196   5.34140
-54.16835   5.34501
-54.16692   5.34696
       NA        NA
-54.16692   5.34696
-54.16502   5.35114
-54.16222   5.35526
-54.16027   5.35859
-54.15752   5.36277
-54.15528   5.36753
-54.15419   5.37308
-54.15247   5.37835
-54.15139   5.38391
-54.14835   5.38775
-54.14503   5.39136
-54.14222   5.39526
-54.13970   5.39944
-54.13695   5.40362
-54.13414   5.40780
-54.13197   5.41250
-54.12944   5.41669
-54.12721   5.42138
-54.12446   5.42557
-54.12194   5.42946
-54.11919   5.43359
-54.11638   5.43777
-54.11277   5.44109
-54.10944   5.44442
-54.10583   5.44808
-54.10251   5.45141
-54.09919   5.45473
-54.09581   5.45805
-54.09306   5.46224
-54.08974   5.46556
-54.08693   5.46974
-54.08361   5.47306
-54.08000   5.47667
-54.07668   5.48000
-54.07335   5.48332
-54.07026   5.48750
-54.06751   5.49169
-54.06498   5.49558
-54.06223   5.49971
-54.06000   5.50446
-54.05805   5.50945
-54.05582   5.51415
-54.05387   5.51890
-54.05249   5.52446
-54.05141   5.52973
-54.04975   5.53529
-54.04975   5.54222
-54.04917   5.54835
-54.04917   5.55500
-54.04917   5.56193
-54.04917   5.56863
-54.04917   5.57557
-54.05054   5.58084
-54.05192   5.58640
-54.05249   5.59253
-54.05249   5.59946
-54.05192   5.60553
-54.05054   5.61086
-54.04860   5.61585
-54.04722   5.62112
-54.04722   5.62805
-54.04779   5.63418
-54.04860   5.64025
-54.04860   5.64724
-54.04722   5.65251
-54.04499   5.65721
-54.04224   5.66140
-54.03943   5.66558
-54.03748   5.67028
-54.03416   5.67360
-54.03084   5.67721
-54.02723   5.68053
-54.02442   5.68472
-54.02247   5.68947
-54.02110   5.69474
-54.01972   5.70030
-54.01835   5.70586
-54.01697   5.71113
-54.01416   5.71525
-54.01084   5.71863
-54.00666   5.72139
-54.00276   5.72419
-53.99886   5.72752
-53.99554   5.73112
-53.99360   5.73582
-53.99084   5.73972
-53.98947   5.74528
-53.99027   5.75141
-53.99308   5.75553
-53.99640   5.75891
-53.99973   5.76224
-54.00305   5.76585
-54.00666   5.76917
-54.00998   5.77249
-54.01222   5.77725
-54.01503   5.78137
-54.01640   5.78693
-54.01749   5.79220
-54.01835   5.79862
-54.01835   5.80527
-54.01972   5.81082
-54.02110   5.81609
-54.02528   5.81890
-54.02998   5.82114
-54.03531   5.82223
-54.04166   5.82303
-54.04722   5.82446
-54.05387   5.82446
-54.05943   5.82584
-54.06498   5.82721
-54.07112   5.82778
-54.07668   5.82916
-54.08361   5.82916
-54.09025   5.82916
-54.09581   5.83053
-54.10194   5.83111
-54.10664   5.83334
-54.11082   5.83586
-54.11581   5.83804
-54.11971   5.84085
-54.12388   5.84331
-54.12807   5.84612
-54.13139   5.84973
-54.13557   5.85225
-54.14027   5.85443
-54.14583   5.85586
-54.15139   5.85723
-54.15609   5.85918
-54.16084   5.86113
-54.16502   5.86388
-54.16972   5.86669
-54.17442   5.86863
-54.17860   5.87139
-54.18416   5.87276
-54.18892   5.87471
-54.19442   5.87608
-54.19917   5.87832
-54.20473   5.87975
-54.21086   5.88027
-54.21636   5.88164
-54.22249   5.88221
-54.22891   5.88307
-54.23498   5.88359
-54.24083   5.88445
-54.24776   5.88445
-54.25418   5.88359
-54.26025   5.88307
-54.26638   5.88221
-54.27251   5.88307
-54.27721   5.88502
-54.28139   5.88777
-54.28558   5.89058
-54.28947   5.89333
-54.29359   5.89585
-54.29864   5.89803
-54.30471   5.89860
-54.31113   5.89946
-54.31720   5.89998
-54.32247   5.90141
-54.32803   5.90278
-54.33359   5.90416
-54.33915   5.90553
-54.34442   5.90697
-54.35055   5.90748
-54.35696   5.90834
-54.36304   5.90748
-54.36917   5.90697
-54.37530   5.90611
-54.38086   5.90748
-54.38693   5.90834
-54.39249   5.90943
-54.39724   5.91166
-54.40223   5.91361
-54.40750   5.91499
-54.41306   5.91636
-54.41919   5.91722
-54.42612   5.91722
-54.43219   5.91779
-54.43890   5.91779
-54.44526   5.91860
-54.45225   5.91860
-54.45832   5.91917
-54.46502   5.91917
-54.47196   5.91917
-54.47889   5.91917
-54.48502   5.91974
-54.49195   5.91974
-54.49803   5.92054
-54.50502   5.92054
-54.51109   5.92112
-54.51780   5.92112
-54.52387   5.92192
-54.53028   5.92249
-54.53642   5.92335
-54.54192   5.92473
-54.54805   5.92530
-54.55223   5.92805
-54.55693   5.93000
-54.56168   5.93195
-54.56443   5.93332
-54.57056   5.93418
-54.57692   5.93470
-54.58168   5.93693
-54.58638   5.93888
-54.59113   5.94083
-54.59583   5.94306
-54.60196   5.94363
-54.60918   5.94363
-54.61445   5.94501
-54.61943   5.94724
-54.62391   5.94919
-54.62975   5.95057
-54.63445   5.95252
-54.63914   5.95475
-54.64470   5.95584
-54.64946   5.95807
-54.65416   5.96002
-54.65972   5.96140
-54.66527   5.96277
-54.67140   5.96334
-54.67833   5.96334
-54.68498   5.96334
-54.69192   5.96334
-54.69805   5.96277
-54.70446   5.96197
-54.71054   5.96277
-54.71581   5.96415
-54.72137   5.96558
-54.72692   5.96695
-54.73168   5.96890
-54.73581   5.97165
-54.74056   5.97360
-54.74526   5.97555
-54.75030   5.97778
-54.75500   5.97973
-54.75970   5.98197
-54.76583   5.98248
-54.77276   5.98248
-54.77946   5.98248
-54.78582   5.98197
-54.79195   5.98111
-54.79889   5.98111
-54.80502   5.98053
-54.81166   5.98053
-54.81860   5.98053
-54.82415   5.98197
-54.83029   5.98248
-54.83527   5.98472
-54.83974   5.98666
-54.84386   5.98947
-54.84971   5.99085
-54.85418   5.98999
-54.86002   5.98861
-54.86529   5.98724
-54.87085   5.98580
-54.87692   5.98529
-54.88391   5.98529
-54.88998   5.98580
-54.89555   5.98724
-54.90030   5.98947
-54.90500   5.99136
-54.91193   5.99136
-54.91835   5.99085
-54.92442   5.98999
-54.93113   5.98999
-54.93806   5.98999
-54.94471   5.98999
-54.95084   5.98947
-54.95697   5.98861
-54.96418   5.98861
-54.97026   5.98804
-54.97639   5.98861
-54.98304   5.98861
-54.99002   5.98861
-54.99696   5.98861
-55.00360   5.98861
-55.00916   5.98999
-55.01472   5.99136
-55.01890   5.99417
-55.02360   5.99612
-55.02779   5.99887
-55.03248   6.00082
-55.03861   6.00168
-55.04417   6.00305
-55.05030   6.00225
-55.05638   6.00168
-55.06142   5.99944
-55.06554   5.99692
-55.07030   5.99474
-55.07499   5.99279
-55.08055   5.99136
-55.08525   5.98947
-55.09081   5.98804
-55.09556   5.98580
-55.10112   5.98472
-55.10720   5.98391
-55.11333   5.98334
-55.11974   5.98248
-55.12582   5.98197
-55.13109   5.98053
-55.13750   5.97973
-55.14363   5.97916
-55.14891   5.97778
-55.15389   5.97555
-55.15807   5.97303
-55.16140   5.96942
-55.16277   5.96415
-55.16220   5.95807
-55.16002   5.95332
-55.15641   5.94971
-55.15389   5.94581
-55.15108   5.94169
-55.14805   5.93750
-55.14501   5.93418
-55.14140   5.93086
-55.13750   5.92805
-55.13332   5.92530
-55.12914   5.92249
-55.12502   5.91974
-55.12169   5.91636
-55.11751   5.91361
-55.11390   5.91029
-55.11058   5.90697
-55.10639   5.90416
-55.10192   5.90221
-55.09614   5.90084
-55.09001   5.89998
-55.08388   5.90084
-55.07723   5.90084
-55.07081   5.90141
-55.06388   5.90141
-55.05775   5.90084
-55.05305   5.89860
-55.04944   5.89528
-55.04526   5.89253
-55.04193   5.88915
-55.03804   5.88640
-55.03472   5.88307
-55.03139   5.87975
-55.02721   5.87694
-55.02303   5.87419
-55.01942   5.87081
-55.01529   5.86806
-55.01111   5.86525
-55.00641   5.86331
-55.00028   5.86388
-54.99501   5.86525
-54.99002   5.86720
-54.98584   5.87001
-54.98057   5.87139
-54.97473   5.87276
-54.96888   5.87333
-54.96195   5.87333
-54.95502   5.87333
-54.95026   5.87139
-54.94556   5.86944
-54.94058   5.86720
-54.93388   5.86720
-54.92832   5.86863
-54.92500   5.87224
-54.92081   5.87471
-54.91749   5.87832
-54.91331   5.88084
-54.90832   5.88307
-54.90362   5.88502
-54.89749   5.88582
-54.89222   5.88445
-54.88804   5.88164
-54.88391   5.87889
-54.88030   5.87557
-54.87778   5.87139
-54.87498   5.86720
-54.87165   5.86388
-54.86804   5.86056
-54.86443   5.85723
-54.86443   5.85305
-54.86804   5.85637
-54.87165   5.85970
-54.87555   5.86250
-54.87973   5.86525
-54.88529   5.86669
-54.88998   5.86863
-54.89555   5.87001
-54.90225   5.87001
-54.90918   5.87001
-54.91417   5.86806
-54.91835   5.86525
-54.92225   5.86250
-54.92500   5.85861
-54.92832   5.85500
-54.93113   5.85110
-54.93525   5.84835
-54.94058   5.84692
-54.94665   5.84612
-54.95250   5.84749
-54.95697   5.84973
-54.96109   5.85225
-54.96527   5.85500
-54.96888   5.85861
-54.97278   5.86113
-54.97834   5.86250
-54.98527   5.86250
-54.99002   5.86056
-54.99501   5.85861
-54.99833   5.85500
-55.00252   5.85225
-55.00693   5.85030
-55.01334   5.84973
-55.01890   5.85110
-55.02360   5.85305
-55.02835   5.85500
-55.03248   5.85781
-55.03666   5.86056
-55.04085   5.86331
-55.04526   5.86525
-55.05030   5.86720
-55.05442   5.87001
-55.05947   5.87224
-55.06331   5.87471
-55.06806   5.87694
-55.07362   5.87832
-55.07832   5.88027
-55.08445   5.88084
-55.09081   5.88027
-55.09276   5.87557
-55.09419   5.87001
-55.09556   5.86474
-55.09614   5.85861
-55.09694   5.85225
-55.09975   5.84835
-55.10221   5.84417
-55.10445   5.83947
-55.10582   5.83391
-55.10720   5.82859
-55.10914   5.82360
-55.11333   5.82114
-55.11808   5.81890
-55.12502   5.81890
-55.12777   5.82028
-55.12777   5.81970
-55.12834   5.82028
-55.12725   5.82584
-55.12387   5.82916
-55.11997   5.83248
-55.11665   5.83586
-55.11390   5.83999
-55.11138   5.84417
-55.11000   5.84973
-55.10863   5.85500
-55.10777   5.86113
-55.10777   5.86806
-55.11000   5.87276
-55.11195   5.87752
-55.11613   5.88084
-55.11997   5.88359
-55.12502   5.88582
-55.13109   5.88640
-55.13613   5.88863
-55.14140   5.88972
-55.14610   5.89195
-55.15028   5.89470
-55.15446   5.89723
-55.15859   5.89998
-55.16277   5.90278
-55.16667   5.90553
-55.17165   5.90748
-55.17778   5.90834
-55.18391   5.90748
-55.18861   5.90553
-55.19222   5.90221
-55.19555   5.89860
-55.19973   5.89585
-55.20471   5.89390
-55.20998   5.89253
-55.21611   5.89195
-55.22248   5.89253
-55.22665   5.89528
-55.23055   5.89803
-55.23388   5.90141
-55.23806   5.90416
-55.24138   5.90748
-55.24556   5.91029
-55.24975   5.91304
-55.25388   5.91585
-55.25805   5.91860
-55.26195   5.92112
-55.26418   5.92249
-55.26917   5.92473
-55.27530   5.92530
-55.28057   5.92668
-55.28613   5.92805
-55.29083   5.93000
-55.29501   5.93281
-55.29971   5.93470
-55.30470   5.93693
-55.30945   5.93888
-55.31501   5.94025
-55.31942   5.94220
-55.32446   5.94444
-55.32916   5.94639
-55.33391   5.94833
-55.33970   5.94971
-55.34417   5.95194
-55.34973   5.95332
-55.35529   5.95475
-55.36084   5.95584
-55.36692   5.95664
-55.37196   5.95859
-55.37723   5.96002
-55.38193   5.96197
-55.38668   5.96415
-55.39276   5.96472
-55.39997   5.96472
-55.40611   5.96415
-55.41275   5.96415
-55.41888   5.96472
-55.42444   5.96609
-55.43057   5.96695
-55.43613   5.96833
-55.44249   5.96890
-55.44919   5.96890
-55.45527   5.96833
-55.46140   5.96753
-55.46696   5.96609
-55.47303   5.96558
-55.47916   5.96609
-55.48500   5.96753
-55.49085   5.96833
-55.49497   5.96942
-55.50110   5.97028
-55.50666   5.97165
-55.51308   5.97223
-55.51915   5.97303
-55.52528   5.97360
-55.53084   5.97498
-55.53611   5.97641
-55.54224   5.97692
-55.54860   5.97778
-55.55473   5.97692
-55.56138   5.97692
-55.56751   5.97641
-55.57387   5.97555
-55.58000   5.97498
-55.58693   5.97498
-55.59306   5.97446
-55.59971   5.97446
-55.60664   5.97446
-55.61363   5.97446
-55.62028   5.97446
-55.62664   5.97498
-55.63277   5.97555
-55.63804   5.97692
-55.64446   5.97778
-55.65001   5.97916
-55.65557   5.98053
-55.66165   5.98111
-55.66692   5.98248
-55.67391   5.98197
-55.67860   5.97973
-55.68359   5.97778
-55.68835   5.97555
-55.69305   5.97360
-55.69860   5.97223
-55.70336   5.97028
-55.70943   5.96942
-55.71585   5.96890
-55.72278   5.96890
-55.72891   5.96833
-55.73499   5.96753
-55.74054   5.96609
-55.74582   5.96609
-55.75280   5.96609
-55.75888   5.96695
-55.76501   5.96753
-55.77114   5.96695
-55.77721   5.96609
-55.78306   5.96472
-55.78919   5.96415
-55.79446   5.96277
-55.80082   5.96197
-55.80695   5.96140
-55.81308   5.96082
-55.81915   5.96002
-55.82471   5.95859
-55.82998   5.95721
-55.83640   5.95664
-55.84167   5.95527
-55.84723   5.95389
-55.85192   5.95194
-55.85611   5.94919
-55.85972   5.94581
-55.86224   5.94169
-55.86442   5.93693
-55.86723   5.93281
-55.87055   5.92943
-55.87336   5.92530
-55.87668   5.92192
-55.88000   5.91860
-55.88419   5.91585
-55.88917   5.91361
-55.89306   5.91109
-55.89725   5.90834
-55.90137   5.90553
-55.90556   5.90278
-55.90974   5.89998
-55.91386   5.89723
-55.91805   5.89470
-55.92137   5.89110
-55.92475   5.88720
-55.92664   5.88221
-55.92664   5.87557
-55.92418   5.87139
-55.92137   5.86720
-55.91724   5.86474
-55.91306   5.86193
-55.90831   5.85970
-55.90361   5.85781
-55.90028   5.85443
-55.89668   5.85110
-55.89530   5.84554
-55.89444   5.83947
-55.89530   5.83334
-55.89725   5.82859
-55.89942   5.82360
-55.90137   5.81890
-55.90361   5.81415
-55.90556   5.80945
-55.90475   5.80332
-55.90361   5.79776
-55.90057   5.79363
-55.89725   5.79025
-55.89530   5.78556
-55.89306   5.78086
-55.89112   5.77582
-55.89003   5.77054
-55.88831   5.76499
-55.88693   5.75972
-55.88585   5.75416
-55.88419   5.74860
-55.88275   5.74333
-55.88166   5.73777
-55.88000   5.73221
-55.87891   5.72694
-55.87806   5.72333
-55.87748   5.72419
-55.87806   5.71806
-55.87806   5.71113
-55.87891   5.70500
-55.87971   5.69887
-55.88086   5.69331
-55.88275   5.68861
-55.88419   5.68334
-55.88693   5.67916
-55.89003   5.67497
-55.89387   5.67222
-55.89862   5.67446
-55.89942   5.68053
-55.89805   5.68609
-55.89725   5.69222
-55.89668   5.69835
-55.89668   5.70500
-55.89668   5.71193
-55.89530   5.71720
-55.89444   5.72333
-55.89444   5.73027
-55.89444   5.73720
-55.89610   5.74253
-55.89725   5.74803
-55.89805   5.75416
-55.89942   5.75972
-55.90028   5.76585
-55.90223   5.77054
-55.90475   5.77473
-55.90831   5.77805
-55.91169   5.78137
-55.91639   5.78361
-55.92194   5.78470
-55.92836   5.78556
-55.93443   5.78613
-55.93919   5.78831
-55.94389   5.78888
-55.94944   5.79025
-55.95471   5.79169
-55.96056   5.79306
-55.96669   5.79363
-55.97196   5.79501
-55.97752   5.79638
-55.98279   5.79776
-55.98777   5.79971
-55.99196   5.80252
-55.99614   5.80527
-55.99998   5.80807
-56.00416   5.81082
-56.00834   5.81334
-56.01304   5.81609
-56.01780   5.81833
-56.02336   5.81970
-56.02891   5.82114
-56.03498   5.82165
-56.04140   5.82114
-56.04805   5.82114
-56.05499   5.82114
-56.06112   5.82165
-56.06667   5.82303
-56.07194   5.82446
-56.07693   5.82641
-56.08220   5.82778
-56.08775   5.82916
-56.09332   5.83053
-56.09807   5.83248
-56.10277   5.83472
-56.10695   5.83724
-56.11193   5.83947
-56.11669   5.84136
-56.12053   5.84417
-56.12557   5.84612
-56.13027   5.84835
-56.13502   5.85030
-56.14001   5.85225
-56.14557   5.85362
-56.15084   5.85500
-56.15697   5.85586
-56.16253   5.85723
-56.16946   5.85723
-56.17553   5.85781
-56.18080   5.85918
-56.18722   5.85970
-56.19249   5.86113
-56.19748   5.86331
-56.20223   5.86525
-56.20693   5.86720
-56.21111   5.87001
-56.21529   5.87276
-56.22028   5.87471
-56.22475   5.87694
-56.22973   5.87889
-56.23443   5.88084
-56.23999   5.88221
-56.24475   5.88445
-56.25030   5.88582
-56.25558   5.88720
-56.26056   5.88915
-56.26612   5.89058
-56.27139   5.89195
-56.27695   5.89333
-56.28331   5.89390
-56.28864   5.89528
-56.29333   5.89723
-56.29946   5.89803
-56.30531   5.89946
-56.31195   5.89946
-56.31803   5.89998
-56.32359   5.90141
-56.32834   5.90336
-56.33332   5.90553
-56.33780   5.90748
-56.34278   5.90943
-56.34805   5.91109
-56.35498   5.91109
-56.36140   5.91029
-56.36805   5.91029
-56.37418   5.91109
-56.38002   5.91224
-56.38529   5.91361
-56.39056   5.91499
-56.39555   5.91722
-56.39973   5.91974
-56.40414   5.92192
-56.40918   5.92387
-56.41417   5.92582
-56.41858   5.92805
-56.42276   5.93086
-56.42832   5.93195
-56.43388   5.93332
-56.44058   5.93332
-56.44751   5.93332
-56.45308   5.93470
-56.45863   5.93613
-56.46333   5.93831
-56.46751   5.94083
-56.47221   5.94306
-56.47697   5.94501
-56.48304   5.94581
-56.48917   5.94501
-56.49501   5.94363
-56.49971   5.94306
-56.50665   5.94306
-56.51278   5.94220
-56.51891   5.94306
-56.52446   5.94444
-56.52974   5.94581
-56.53581   5.94639
-56.54136   5.94776
-56.54750   5.94833
-56.55443   5.94833
-56.55999   5.94724
-56.56554   5.94581
-56.57030   5.94363
-56.57637   5.94306
-56.58165   5.94169
-56.58806   5.94083
-56.59419   5.94025
-56.60112   5.94025
-56.60720   5.94083
-56.61276   5.94220
-56.61808   5.94363
-56.62387   5.94501
-56.62834   5.94724
-56.63252   5.94971
-56.63665   5.95252
-56.64169   5.95475
-56.64553   5.95721
-56.64971   5.96002
-56.65390   5.96277
-56.65860   5.96472
-56.66415   5.96609
-56.66971   5.96609
-56.67447   5.96695
-56.68054   5.96609
-56.68753   5.96609
-56.69446   5.96609
-56.70053   5.96558
-56.70667   5.96609
-56.71280   5.96695
-56.71973   5.96695
-56.72586   5.96753
-56.73279   5.96753
-56.73886   5.96833
-56.74557   5.96833
-56.75164   5.96890
-56.75806   5.96942
-56.76499   5.96942
-56.77169   5.96942
-56.77863   5.96942
-56.78390   5.97085
-56.78946   5.97223
-56.79444   5.97446
-56.79914   5.97641
-56.80470   5.97778
-56.81003   5.97916
-56.81501   5.98111
-56.82108   5.98197
-56.82721   5.98248
-56.83363   5.98334
-56.84028   5.98334
-56.84641   5.98391
-56.85139   5.98580
-56.85587   5.98804
-56.86085   5.98999
-56.86612   5.99136
-56.87248   5.99085
-56.87804   5.99085
-56.88417   5.98999
-56.89082   5.98999
-56.89780   5.98999
-56.90445   5.98999
-56.91138   5.98999
-56.91832   5.98999
-56.92531   5.98999
-56.93138   5.99085
-56.93665   5.99194
-56.94249   5.99331
-56.94777   5.99554
-56.95332   5.99692
-56.95945   5.99749
-56.96639   5.99749
-56.97252   5.99692
-56.97721   5.99474
-56.98277   5.99331
-56.98747   5.99136
-56.99251   5.98947
-56.99664   5.98666
-57.00053   5.98391
-57.00391   5.98053
-57.00724   5.97692
-57.01114   5.97360
-57.01446   5.97028
-57.01721   5.96609
-57.02053   5.96277
-57.02471   5.96002
-57.02861   5.95721
-57.03416   5.95584
-57.04029   5.95527
-57.04586   5.95389
-57.05193   5.95332
-57.05749   5.95194
-57.06224   5.94971
-57.06556   5.94639
-57.06831   5.94220
-57.07055   5.93750
-57.07164   5.93195
-57.07250   5.92582
-57.07336   5.91974
-57.07336   5.91304
-57.07336   5.90611
-57.07387   5.89998
-57.07387   5.89333
-57.07445   5.88720
-57.07582   5.88164
-57.07806   5.87694
-57.08000   5.87224
-57.08195   5.86720
-57.08499   5.86331
-57.08780   5.85918
-57.09026   5.85500
-57.09307   5.85110
-57.09582   5.84692
-57.09777   5.84222
-57.10057   5.83804
-57.10281   5.83334
-57.10470   5.82859
-57.10693   5.82360
-57.10888   5.81890
-57.11169   5.81472
-57.11415   5.81082
-57.11639   5.80584
-57.11834   5.80108
-57.12108   5.79724
-57.12332   5.79220
-57.12527   5.78750
-57.12750   5.78281
-57.12945   5.77805
-57.13140   5.77335
-57.13277   5.76779
-57.13363   5.76166
-57.13363   5.75473
-57.13363   5.74803
-57.13363   5.74109
-57.13415   5.73502
-57.13415   5.72832
-57.13501   5.72224
-57.13501   5.71525
-57.13501   5.70861
-57.13501   5.70167
-57.13558   5.69554
-57.13610   5.68947
-57.13696   5.68334
-57.13833   5.67778
-57.13890   5.67165
-57.14028   5.66609
-57.14194   5.66082
-57.14303   5.65527
-57.14446   5.64971
-57.14584   5.64444
-57.14721   5.63888
-57.14859   5.63332
-57.15002   5.62805
-57.15054   5.62192
-57.15219   5.61636
-57.15277   5.61029
-57.15334   5.60416
-57.15472   5.59860
-57.15557   5.59253
-57.15667   5.58697
-57.15753   5.58084
-57.15890   5.57557
-57.15970   5.56944
-57.16085   5.56388
-57.16165   5.55781
-57.16389   5.55305
-57.16497   5.54749
-57.16640   5.54222
-57.16835   5.53724
-57.17053   5.53248
-57.17334   5.52836
-57.17666   5.52497
-57.18027   5.52165
-57.18446   5.51890
-57.18835   5.51609
-57.19305   5.51415
-57.19803   5.51197
-57.20250   5.51002
-57.20835   5.50859
-57.21362   5.50721
-57.21860   5.50526
-57.22387   5.50389
-57.22892   5.50194
-57.23362   5.49971
-57.23694   5.49638
-57.24055   5.49306
-57.24387   5.48945
-57.24725   5.48613
-57.24891   5.48613
       NA        NA
-57.64225   3.35581
-57.65388   3.36722
-57.66029   3.37501
-57.66196   3.37971
-57.66442   3.38475
-57.66614   3.38916
-57.66694   3.39558
-57.66557   3.40113
-57.66029   3.40916
-57.65777   3.41391
-57.65331   3.42308
-57.65084   3.42749
-57.64918   3.43248
-57.64695   3.43723
-57.64139   3.44525
-57.63973   3.45029
-57.63721   3.45499
-57.63692   3.46112
-57.63807   3.46668
-57.64001   3.47138
-57.64225   3.47636
-57.64414   3.48083
-57.64637   3.48582
-57.64803   3.49057
-57.65026   3.49556
-57.65193   3.50083
-57.65222   3.50696
-57.65331   3.51332
-57.65445   3.51859
-57.65640   3.52335
-57.66196   3.53137
-57.66861   3.53836
-57.67387   3.54054
-57.67834   3.54248
-57.68333   3.54472
-57.68808   3.54667
-57.69307   3.54890
-57.69748   3.55056
-57.70252   3.55308
-57.70997   3.55887
-57.71473   3.56804
-57.71639   3.57331
-57.71776   3.57944
-57.71891   3.58471
-57.72086   3.58998
-57.72303   3.59445
-57.72887   3.60247
-57.73472   3.61026
-57.74252   3.61502
-57.74693   3.61720
-57.75501   3.62276
-57.76056   3.62419
-57.76973   3.62860
-57.77443   3.63083
-57.77919   3.63278
-57.78389   3.63502
-57.78915   3.63696
-57.79334   3.63914
-57.80279   3.64361
-57.80721   3.64584
-57.81224   3.64779
-57.82113   3.65278
-57.82863   3.65862
-57.83585   3.66498
-57.84112   3.67363
-57.84278   3.67890
-57.84415   3.68418
-57.84554   3.68973
-57.84639   3.69558
-57.84639   3.70251
-57.84696   3.70887
-57.84696   3.71586
-57.84696   3.72251
-57.84777   3.72835
-57.84834   3.73471
-57.84914   3.74084
-57.85057   3.74611
-57.85252   3.75110
-57.85389   3.75666
-57.85614   3.76141
-57.85780   3.76640
-57.85946   3.77167
-57.86169   3.77636
-57.86610   3.78553
-57.86748   3.79086
-57.87000   3.79556
-57.87418   3.80444
-57.87665   3.80920
-57.88191   3.81722
-57.88776   3.82558
-57.89360   3.83332
-57.90002   3.84054
-57.90609   3.84833
-57.91222   3.85555
-57.91779   3.86391
-57.91973   3.86890
-57.92196   3.87331
-57.92752   3.88167
-57.92918   3.88666
-57.93474   3.89474
-57.94110   3.90224
-57.94695   3.90975
-57.95388   3.91668
-57.96167   3.92253
-57.96889   3.92917
-57.97697   3.93502
-57.98499   3.94029
-57.99221   3.94665
-58.00057   3.95221
-58.00888   3.95776
-58.01639   3.96361
-58.02252   3.97140
-58.02779   3.97942
-58.03415   3.98693
-58.04028   3.99472
-58.04526   4.00331
-58.04722   4.00836
-58.04778   4.01414
-58.04836   4.02056
-58.04945   4.02669
-58.04974   4.03276
-58.04974   4.03970
-58.04974   4.04669
-58.04974   4.05333
-58.04945   4.05946
-58.04836   4.06582
-58.04836   4.07253
-58.04945   4.07860
-58.05082   4.08387
-58.05197   4.08943
-58.05334   4.09499
-58.05529   4.09997
-58.05667   4.10530
-58.05890   4.11000
-58.06085   4.11498
-58.06308   4.11945
-58.06498   4.12444
-58.06612   4.12999
-58.06749   4.13555
-58.06916   4.14082
-58.06973   4.14695
-58.07140   4.15223
-58.07140   4.15916
-58.06973   4.16443
-58.06749   4.16970
-58.06555   4.17417
-58.06028   4.18110
-58.05804   4.18609
-58.05197   4.19331
-58.04722   4.20247
-58.04108   4.20975
-58.03415   4.21668
-58.02527   4.22167
-58.01696   4.22694
-58.00946   4.23307
-58.00275   4.23972
-57.99719   4.24808
-57.99083   4.25582
-57.98419   4.26252
-57.97697   4.26831
-57.97164   4.27140
-57.96694   4.27363
-57.95915   4.27942
-57.95388   4.28779
-57.95250   4.29306
-57.95193   4.29942
-57.95113   4.30526
-57.95055   4.31168
-57.94918   4.31724
-57.94918   4.32279
-57.94918   4.32944
-57.94861   4.33557
-57.94861   4.34222
-57.94861   4.34915
-57.94970   4.35471
-57.95193   4.35975
-57.95388   4.36416
-57.95612   4.36915
-57.95749   4.37470
-57.95915   4.37917
-57.96030   4.38553
-57.96058   4.39138
-57.96030   4.39779
-57.95886   4.40335
-57.95336   4.41137
-57.94695   4.41888
-57.94139   4.42696
-57.93474   4.43389
-57.92775   4.44054
-57.92249   4.44890
-57.92053   4.45389
-57.91836   4.45836
-57.91692   4.46334
-57.91555   4.46890
-57.91417   4.47446
-57.91222   4.47887
-57.91085   4.48443
-57.90862   4.48947
-57.90667   4.49388
-57.90443   4.49886
-57.90277   4.50362
-57.89779   4.51279
-57.89584   4.51720
-57.89447   4.52276
-57.89223   4.52780
-57.89085   4.53307
-57.88942   4.53863
-57.88776   4.54304
-57.88610   4.54860
-57.88415   4.55364
-57.88248   4.55914
-57.88083   4.56361
-57.87831   4.56859
-57.87722   4.57415
-57.87527   4.57862
-57.87303   4.58361
-57.86833   4.59220
-57.86473   4.59862
-57.85946   4.60692
-57.85389   4.61500
-57.85195   4.61970
-57.84696   4.62887
-57.84530   4.63334
-57.84387   4.63890
-57.84170   4.64388
-57.83997   4.64915
-57.83860   4.65471
-57.83831   4.66055
-57.83860   4.66697
-57.83997   4.67253
-57.84221   4.67694
-57.84415   4.68192
-57.85057   4.68943
-57.85636   4.69694
-57.86192   4.70530
-57.86748   4.71332
-57.87000   4.71808
-57.87389   4.72747
-57.87527   4.73303
-57.87584   4.73945
-57.87722   4.74501
-57.87831   4.75028
-57.88083   4.75498
-57.88248   4.76002
-57.88473   4.76443
-57.89085   4.77222
-57.89584   4.77388
-57.90025   4.77612
-57.90609   4.77749
-57.91222   4.77807
-57.91779   4.77944
-57.92334   4.78775
-57.92443   4.79308
-57.92609   4.79864
-57.92638   4.80500
-57.92609   4.81084
-57.92443   4.81640
-57.92334   4.82196
-57.92053   4.82665
-57.91836   4.83141
-57.91280   4.83943
-57.90724   4.84780
-57.90140   4.85553
-57.89498   4.86275
-57.88805   4.86945
-57.88191   4.87725
-57.87527   4.88418
-57.86891   4.89140
-57.86415   4.89638
-57.85888   4.90475
-57.85333   4.91277
-57.84696   4.91999
-57.84112   4.92778
-57.83195   4.93110
-57.82640   4.93110
-57.82113   4.92973
-57.81556   4.92835
-57.81081   4.92641
-57.80582   4.92417
-57.80027   4.92280
-57.79500   4.92136
-57.78915   4.92113
-57.78193   4.92113
-57.77666   4.92113
-57.77139   4.92280
-57.76720   4.92526
-57.75890   4.93053
-57.75334   4.93890
-57.75363   4.94474
-57.75609   4.94973
-57.75501   4.95557
-57.74973   4.96388
-57.74280   4.96915
-57.73472   4.97471
-57.72721   4.98112
-57.71942   4.98697
-57.71220   4.99333
-57.70419   4.99888
-57.69639   5.00473
-57.68808   5.01029
-57.68253   5.01166
-57.67640   5.01252
-57.67027   5.01166
-57.66557   5.00971
-57.66029   5.00834
-57.65503   5.00610
-57.64969   5.00473
-57.64414   5.00335
-57.63973   5.00169
-57.63417   5.00026
-57.62918   4.99808
-57.62443   4.99613
-57.61389   4.99253
-57.60804   4.99195
-57.60168   4.99253
-57.59584   4.99333
-57.59028   4.99470
-57.58530   4.99665
-57.58054   4.99888
-57.57527   5.00026
-57.56582   5.00473
-57.56054   5.00610
-57.55499   5.00748
-57.54943   5.00891
-57.54387   5.01029
-57.53860   5.01166
-57.53275   5.01252
-57.52639   5.01166
-57.52164   5.00971
-57.51334   5.00444
-57.50554   4.99808
-57.49694   4.99333
-57.49139   4.99195
-57.48669   4.98972
-57.48056   4.98914
-57.47363   4.98914
-57.46887   4.99109
-57.46309   4.99253
-57.45861   4.99470
-57.45306   4.99613
-57.44664   4.99665
-57.44223   4.99470
-57.43667   4.99333
-57.43169   4.99109
-57.42641   4.98972
-57.42028   4.98914
-57.41387   4.98972
-57.40945   4.99195
-57.40166   4.99808
-57.39336   5.00335
-57.38803   5.00473
-57.38224   5.00610
-57.37553   5.00610
-57.36998   5.00748
-57.36442   5.00891
-57.35915   5.01029
-57.35359   5.01166
-57.34889   5.01390
-57.34196   5.02083
-57.33308   5.02530
-57.32723   5.02610
-57.32082   5.02530
-57.31612   5.02335
-57.30695   5.01831
-57.30140   5.01693
-57.29555   5.01665
-57.28891   5.01665
-57.28472   5.02610
-57.28529   5.03194
-57.29137   5.03974
-57.29887   5.04581
-57.30363   5.04804
-57.30833   5.04971
-57.31360   5.05194
-57.32082   5.05807
-57.32197   5.06363
-57.32305   5.06970
-57.32197   5.07583
-57.32082   5.08225
-57.31944   5.08752
-57.31749   5.09222
-57.31194   5.10030
-57.30667   5.10861
-57.30140   5.11777
-57.29945   5.12224
-57.29836   5.12780
-57.29750   5.13387
-57.29693   5.14000
-57.29693   5.14665
-57.29693   5.15358
-57.29693   5.16029
-57.29475   5.16527
-57.28776   5.17220
-57.28334   5.17415
-57.27831   5.17639
-57.27223   5.17667
-57.26582   5.17776
-57.26003   5.17667
-57.25470   5.17530
-57.24639   5.17003
-57.24083   5.16166
-57.23860   5.15725
-57.23694   5.15169
-57.23585   5.14636
-57.22892   5.14081
-57.22279   5.14138
-57.21471   5.14665
-57.20806   5.15358
-57.20279   5.15582
-57.19832   5.15777
-57.19053   5.16418
-57.18864   5.16859
-57.18778   5.17501
-57.18864   5.18086
-57.19030   5.18641
-57.19196   5.19140
-57.19419   5.19581
-57.19609   5.20085
-57.19832   5.20555
-57.20027   5.21054
-57.20250   5.21500
-57.20806   5.22331
-57.21253   5.23225
-57.21889   5.23947
-57.22473   5.24720
-57.22863   5.25196
-57.23442   5.25947
-57.24221   5.26554
-57.24696   5.26777
-57.25224   5.26915
-57.25859   5.26972
-57.26306   5.26777
-57.26942   5.25998
-57.26942   5.25442
-57.26805   5.24915
-57.26169   5.24193
-57.25642   5.23363
-57.25499   5.22807
-57.25642   5.22280
-57.26112   5.22056
-57.26805   5.22056
-57.27361   5.22165
-57.27916   5.22331
-57.28638   5.22944
-57.29057   5.23918
-57.29137   5.24503
-57.29137   5.25053
-57.29137   5.25723
-57.29137   5.26416
-57.29057   5.27058
-57.28999   5.27637
-57.28942   5.28279
-57.28776   5.28834
-57.28638   5.29361
-57.28610   5.29974
-57.28529   5.30611
-57.28724   5.31057
-57.29194   5.31275
-57.29836   5.31195
-57.30363   5.31057
-57.30941   5.30914
-57.31388   5.30725
-57.31887   5.30502
-57.32442   5.30358
-57.33027   5.30473
-57.33554   5.31332
-57.33388   5.31860
-57.33165   5.32364
-57.32970   5.32834
-57.32442   5.33641
-57.31778   5.34415
-57.31194   5.35137
-57.30415   5.35779
-57.29945   5.35973
-57.29137   5.36500
-57.28638   5.36753
-57.27831   5.37280
-57.27223   5.38030
-57.27000   5.38500
-57.26862   5.39056
-57.26725   5.39612
-57.26582   5.40139
-57.26530   5.40752
-57.26415   5.41279
-57.26306   5.41915
-57.26169   5.42471
-57.26112   5.43055
-57.26054   5.43697
-57.25917   5.44253
-57.26003   5.44831
-57.26003   5.45530
-57.25917   5.46138
-57.25751   5.46693
-57.25304   5.47553
-57.25029   5.48332
-57.24891   5.48613
       NA        NA
-56.69165   2.02667
-56.69641   2.03583
-56.70111   2.04363
-56.70638   2.05165
-56.71136   2.06053
-56.71669   2.06861
-56.71887   2.07359
-56.72414   2.08196
-56.73056   2.08918
-56.73697   2.09697
-56.74305   2.10419
-56.74969   2.11112
-56.75668   2.11834
-56.76304   2.12527
-56.76889   2.13364
-56.77531   2.14086
-56.78086   2.14859
-56.78613   2.15667
-56.79169   2.16498
-56.79725   2.17363
-56.80275   2.18137
-56.81083   2.19277
-56.81220   2.19970
-56.81335   2.20554
-56.81220   2.21196
-56.81083   2.21889
-56.80945   2.22525
-56.80751   2.23224
-56.80498   2.23803
-56.80390   2.24445
-56.80693   2.25081
-56.81277   2.25499
-56.81942   2.25808
-56.82693   2.26141
-56.83334   2.26668
-56.83999   2.27275
-56.84778   2.27779
-56.85414   2.28278
-56.86113   2.28696
-56.86806   2.28862
-56.87391   2.29137
-56.87889   2.29750
-56.87889   2.30386
-56.87775   2.30971
-56.87609   2.31612
-56.87391   2.32334
-56.87248   2.32970
-56.87110   2.33612
-56.87082   2.34248
-56.87168   2.34833
-56.87586   2.35474
-56.88359   2.36139
-56.89030   2.36500
-56.89723   2.36781
-56.90416   2.37084
-56.91081   2.37583
-56.91722   2.37915
-56.92387   2.38557
-56.92834   2.39193
-56.92915   2.39720
-56.92502   2.40362
-56.92387   2.40975
-56.92554   2.41611
-56.92141   2.42138
-56.91780   2.42808
-56.92278   2.43444
-56.92971   2.43891
-56.93636   2.44418
-56.94169   2.45083
-56.94530   2.45747
-56.94444   2.46303
-56.94335   2.46945
-56.94335   2.47581
-56.94530   2.48280
-56.95109   2.48807
-56.95693   2.49168
-56.96387   2.49638
-56.97000   2.49999
-56.97584   2.50360
-56.98168   2.50640
-56.98500   2.51225
-56.98500   2.51918
-56.98415   2.52554
-56.98277   2.53138
-56.98363   2.53780
-56.98581   2.54388
-56.99085   2.55029
-56.99887   2.55585
-57.00500   2.56169
-57.01136   2.56805
-57.01778   2.57304
-57.02362   2.57888
-57.02781   2.58668
-57.03084   2.59303
-57.03331   2.59945
-57.03331   2.60581
-57.03027   2.61223
-57.02557   2.61859
-57.02305   2.62472
-57.02529   2.63137
-57.03113   2.63555
-57.03886   2.63417
-57.04499   2.63389
-57.05084   2.63389
-57.05720   2.63750
-57.06167   2.64472
-57.06138   2.65113
-57.06081   2.65778
-57.05943   2.66443
-57.06081   2.67113
-57.06305   2.67749
-57.06614   2.68391
-57.06946   2.68998
-57.07582   2.69749
-57.08167   2.70442
-57.08751   2.70998
-57.09335   2.71582
-57.09502   2.72333
-57.09415   2.72917
-57.09335   2.73553
-57.09502   2.74195
-57.09863   2.74917
-57.10556   2.75472
-57.11198   2.75696
-57.11942   2.75776
-57.12527   2.75919
-57.13111   2.76527
-57.13363   2.77168
-57.13197   2.77804
-57.13002   2.78526
-57.12750   2.79168
-57.13363   2.79666
-57.14085   2.79609
-57.14721   2.79443
-57.15414   2.79529
-57.16137   2.79666
-57.16835   2.79861
-57.17001   2.80446
-57.17363   2.81082
-57.18084   2.81305
-57.18778   2.81276
-57.19442   2.81443
-57.20193   2.82084
-57.20445   2.82720
-57.20193   2.83305
-57.19970   2.83946
-57.19970   2.84640
-57.20084   2.85276
-57.20336   2.85975
-57.20697   2.86611
-57.21167   2.87252
-57.21390   2.87888
-57.21109   2.88530
-57.20473   2.89029
-57.19832   2.89418
-57.19139   2.89808
-57.18446   2.90111
-57.17999   2.90805
-57.17918   2.91389
-57.18612   2.92501
-57.19276   2.92581
-57.19970   2.92386
-57.20502   2.92168
-57.21167   2.92804
-57.21167   2.93389
-57.20972   2.94002
-57.21029   2.94638
-57.21253   2.95280
-57.21556   2.96001
-57.21556   2.96637
-57.21528   2.97193
-57.21471   2.97915
-57.21556   2.98608
-57.21276   2.99250
-57.20668   2.99972
-57.20445   3.00556
-57.20502   3.01250
-57.20806   3.01834
-57.21029   3.02470
-57.21058   3.03530
-57.21390   3.04447
-57.21666   3.05220
-57.21860   3.05805
-57.22084   3.06446
-57.22668   3.07082
-57.23304   3.07558
-57.23946   3.07999
-57.24582   3.08446
-57.25166   3.09053
-57.25470   3.09638
-57.25527   3.10331
-57.25304   3.10973
-57.24862   3.11609
-57.24444   3.12193
-57.24221   3.12972
-57.24169   3.13752
-57.24862   3.13666
-57.25527   3.13471
-57.26221   3.13247
-57.26914   3.13247
-57.27584   3.13247
-57.28249   3.13752
-57.28558   3.14336
-57.28415   3.14915
-57.27945   3.15665
-57.27945   3.16307
-57.28334   3.16863
-57.28942   3.17390
-57.29057   3.18141
-57.28942   3.18862
-57.28891   3.19665
-57.28776   3.20415
-57.28610   3.21086
-57.28415   3.21916
-57.28334   3.22558
-57.28278   3.23223
-57.28334   3.24002
-57.28529   3.24638
-57.28833   3.25280
-57.29303   3.26391
-57.29303   3.27056
-57.29057   3.27669
-57.28776   3.28333
-57.28696   3.29027
-57.28833   3.29720
-57.28891   3.30362
-57.28558   3.30998
-57.28197   3.31639
-57.28140   3.32390
-57.28363   3.33026
-57.28942   3.33777
-57.29332   3.34447
-57.29612   3.35140
-57.29750   3.35776
-57.29887   3.36418
-57.29945   3.37083
-57.30140   3.37747
-57.30695   3.38280
-57.31388   3.37919
-57.31944   3.37220
-57.32609   3.36555
-57.33193   3.36137
-57.33807   3.35862
-57.34391   3.35581
-57.35027   3.35501
-57.35720   3.35501
-57.36362   3.35696
-57.37141   3.35919
-57.37914   3.36194
-57.38499   3.36555
-57.39192   3.37083
-57.39806   3.37558
-57.40390   3.37862
-57.41054   3.38251
-57.41668   3.37862
-57.41943   3.37220
-57.42166   3.36641
-57.42361   3.35919
-57.42527   3.35278
-57.42945   3.34722
-57.43581   3.34275
-57.44251   3.34000
-57.44859   3.33777
-57.45529   3.33444
-57.46360   3.33026
-57.46916   3.32751
-57.47500   3.32499
-57.48084   3.32390
-57.48778   3.32808
-57.49139   3.33444
-57.49305   3.34086
-57.49665   3.34779
-57.50336   3.35140
-57.51030   3.35140
-57.51723   3.34917
-57.52445   3.34722
-57.53081   3.34584
-57.53751   3.34584
-57.54445   3.34693
-57.55138   3.34584
-57.55860   3.34418
-57.56415   3.34418
-57.57108   3.34722
-57.57779   3.35083
-57.58472   3.35473
-57.59056   3.35696
-57.59945   3.35919
-57.60609   3.36057
-57.61193   3.36057
-57.61807   3.35942
-57.62500   3.35776
-57.63085   3.35696
-57.63692   3.35581
-57.64225   3.35581
       NA        NA
-56.47026   1.94445
-56.47221   1.95000
-56.47359   1.95556
-56.47639   1.95946
-56.47834   1.96444
-56.48109   1.96863
-56.48528   1.97109
-56.48917   1.97390
-56.49501   1.97527
-56.50029   1.97665
-56.50665   1.97751
-56.51111   1.97945
-56.51530   1.98220
-56.51942   1.98501
-56.52223   1.98919
-56.52555   1.99252
-56.52779   1.99722
-56.53139   2.00054
-56.53392   2.00472
-56.53724   2.00833
-56.54136   2.01085
-56.54555   2.01360
-56.54916   2.01721
-56.55363   2.01916
-56.55775   2.02197
-56.56279   2.02392
-56.56807   2.02529
-56.57362   2.02667
-56.57970   2.02753
-56.58583   2.02804
-56.59276   2.02804
-56.59975   2.02804
-56.60668   2.02804
-56.61361   2.02804
-56.61889   2.02804
-56.62582   2.02804
-56.63252   2.02804
-56.63946   2.02804
-56.64610   2.02804
-56.65109   2.02753
-56.65808   2.02753
-56.66415   2.02667
-56.67028   2.02609
-56.67693   2.02609
-56.68415   2.02609
-56.69085   2.02609
-56.69165   2.02667
