-63.13474  18.06834
-63.12889  18.06891
-63.12362  18.07029
-63.11835  18.07166
-63.11222  18.07224
-63.10666  18.07138
-63.10030  18.07000
-63.09503  18.07109
-63.09164  18.07499
-63.08861  18.07945
-63.08638  18.08473
-63.08471  18.09057
-63.08248  18.09584
-63.07916  18.09974
-63.07555  18.10335
-63.06942  18.10386
-63.06363  18.10443
-63.05916  18.10667
-63.05612  18.11114
-63.05137  18.11303
-63.04530  18.11360
-63.04501  18.11778
-63.04501  18.12140
-63.03916  18.12197
-63.03194  18.12082
-63.02553  18.11945
-63.01917  18.11778
-63.01613  18.11389
-63.01751  18.10919
-63.02112  18.10558
-63.02278  18.09945
-63.01974  18.09555
-63.01585  18.09223
-63.01109  18.08942
-63.00639  18.08696
-63.00668  18.08054
-63.00943  18.07613
-63.01167  18.07086
-63.01109  18.06530
-63.01058  18.05974
-63.01086  18.05333
-63.01029  18.04777
-63.01109  18.04084
-63.01224  18.03556
-63.01447  18.03029
-63.01665  18.02502
-63.01946  18.02055
-63.02364  18.01780
-63.02834  18.01557
-63.03332  18.01557
-63.03556  18.01998
-63.03779  18.02445
-63.04083  18.02835
-63.04638  18.03058
-63.05223  18.03001
-63.05641  18.02697
-63.06054  18.02416
-63.06724  18.02445
-63.07280  18.02502
-63.07916  18.02668
-63.08363  18.02944
-63.08861  18.03224
-63.09331  18.03499
-63.09973  18.03637
-63.10500  18.03860
-63.11056  18.04084
-63.11611  18.04279
-63.11749  18.04806
-63.11526  18.05333
-63.11056  18.05527
-63.10586  18.05751
-63.10723  18.06249
-63.11279  18.06473
-63.11863  18.06416
-63.12391  18.06278
-63.12803  18.05974
-63.13359  18.05831
-63.14000  18.05860
-63.14390  18.06192
-63.14614  18.06639
-63.14665  18.07195
-63.14224  18.07418
-63.13640  18.07195
-63.13474  18.06834
