-71.84776  21.85473
-71.84168  21.85278
-71.83693  21.85026
-71.83166  21.84780
-71.82697  21.84528
-71.82191  21.84304
-71.81613  21.84109
-71.81110  21.83863
-71.80553  21.83668
-71.79889  21.83554
-71.79138  21.83502
-71.78474  21.83502
-71.77861  21.83611
-71.77276  21.83697
-71.76669  21.83777
-71.75970  21.83777
-71.75248  21.83720
-71.74669  21.83554
-71.74085  21.83359
-71.73443  21.83250
-71.72778  21.83112
-71.72108  21.82998
-71.71443  21.82998
-71.70974  21.83250
-71.70692  21.83697
-71.70166  21.83863
-71.69501  21.83892
-71.68831  21.83777
-71.68166  21.83640
-71.67610  21.83445
-71.67026  21.83279
-71.66528  21.83027
-71.66109  21.82723
-71.65777  21.82333
-71.65611  21.81835
-71.65416  21.81330
-71.65221  21.80832
-71.64998  21.80420
-71.64723  21.79973
-71.64556  21.79474
-71.64275  21.79027
-71.64030  21.78609
-71.63777  21.78168
-71.63611  21.77669
-71.63359  21.77222
-71.63863  21.77194
-71.64442  21.77389
-71.64861  21.77692
-71.65112  21.78139
-71.65388  21.78586
-71.65553  21.79085
-71.65806  21.79503
-71.66138  21.79887
-71.66470  21.80248
-71.66585  21.80803
-71.66751  21.81308
-71.67084  21.81697
-71.67554  21.81583
-71.67667  21.81113
-71.67473  21.80609
-71.67249  21.80167
-71.67055  21.79669
-71.66888  21.79193
-71.66693  21.78695
-71.66693  21.78053
-71.66528  21.77555
-71.66333  21.77056
-71.65914  21.76753
-71.65501  21.76443
-71.65083  21.76140
-71.64751  21.75750
-71.64499  21.75332
-71.64304  21.74833
-71.64362  21.74415
-71.64889  21.74249
-71.65359  21.74002
-71.65891  21.73974
-71.66304  21.74306
-71.66636  21.74667
-71.66888  21.75114
-71.67169  21.75526
-71.67416  21.75974
-71.67748  21.76363
-71.68086  21.76724
-71.68613  21.76833
-71.68916  21.76443
-71.69197  21.75974
-71.69444  21.75526
-71.69891  21.75693
-71.70057  21.76054
-71.70194  21.76472
-71.70447  21.76919
-71.70692  21.77331
-71.70808  21.77916
-71.70974  21.78414
-71.71306  21.78775
-71.71890  21.78970
-71.72475  21.78890
-71.73168  21.78861
-71.73833  21.78832
-71.74417  21.79027
-71.75002  21.79222
-71.75724  21.79280
-71.76331  21.79193
-71.76943  21.79085
-71.77499  21.78947
-71.77998  21.78775
-71.78526  21.78609
-71.79138  21.78529
-71.79694  21.78363
-71.80222  21.78197
-71.80697  21.77944
-71.81110  21.77641
-71.81637  21.77475
-71.82307  21.77446
-71.82748  21.77641
-71.83000  21.78053
-71.83252  21.78500
-71.83527  21.78947
-71.83779  21.79359
-71.84112  21.79749
-71.84278  21.80248
-71.84386  21.80803
-71.84386  21.81417
-71.84278  21.82030
-71.84386  21.82608
-71.84559  21.83084
-71.84776  21.83525
-71.85057  21.83972
-71.85057  21.84585
-71.84776  21.85473
       NA        NA
-72.00498  21.95781
-71.99891  21.95723
-71.99169  21.95666
-71.98584  21.95609
-71.97971  21.95723
-71.97307  21.95723
-71.96642  21.95609
-71.95972  21.95471
-71.95307  21.95362
-71.94723  21.95305
-71.94138  21.95139
-71.93583  21.94944
-71.92918  21.94835
-71.92414  21.94721
-71.91750  21.94583
-71.91222  21.94331
-71.90890  21.93970
-71.90637  21.93529
-71.90694  21.92859
-71.90970  21.92389
-71.91193  21.91862
-71.91388  21.91306
-71.91445  21.90641
-71.91445  21.89999
-71.91417  21.89386
-71.91388  21.88750
-71.91280  21.88194
-71.91113  21.87696
-71.90947  21.87192
-71.90752  21.86693
-71.90500  21.86275
-71.90082  21.85971
-71.89670  21.85639
-71.89222  21.85336
-71.88919  21.84975
-71.88414  21.84722
-71.88082  21.84333
-71.87807  21.83915
-71.87223  21.83720
-71.86833  21.84029
-71.86221  21.84138
-71.85973  21.83697
-71.86306  21.83307
-71.86724  21.82998
-71.87108  21.82665
-71.87584  21.82442
-71.88197  21.82362
-71.88919  21.82419
-71.89497  21.82585
-71.90167  21.82723
-71.90580  21.83027
-71.90918  21.83387
-71.91331  21.83697
-71.91750  21.84029
-71.91835  21.84585
-71.92247  21.84888
-71.93027  21.84946
-71.93446  21.85250
-71.93915  21.85502
-71.94333  21.85805
-71.94665  21.86195
-71.95026  21.86556
-71.95358  21.86946
-71.95611  21.87364
-71.95863  21.87805
-71.96058  21.88304
-71.96223  21.88808
-71.95748  21.89025
-71.95502  21.89363
-71.95084  21.89667
-71.94832  21.90137
-71.94585  21.90612
-71.94442  21.91082
-71.94305  21.91695
-71.94110  21.92222
-71.94000  21.92835
-71.94029  21.93334
-71.94362  21.93695
-71.94780  21.93999
-71.95473  21.93999
-71.95696  21.93529
-71.95777  21.92973
-71.95885  21.92360
-71.96080  21.91833
-71.96556  21.91581
-71.96974  21.91277
-71.97444  21.91025
-71.97891  21.90807
-71.98447  21.90641
-71.98975  21.90475
-71.98779  21.90166
-71.98447  21.89805
-71.98642  21.89415
-71.99169  21.89249
-71.99834  21.89363
-72.00252  21.89667
-72.00664  21.89971
-72.01168  21.90223
-72.01833  21.90332
-72.02498  21.90332
-72.02916  21.90498
-72.02779  21.91111
-72.02527  21.91581
-72.02389  21.92194
-72.02332  21.92887
-72.02692  21.93248
-72.03415  21.93305
-72.03586  21.93804
-72.03334  21.94279
-72.03002  21.94669
-72.02664  21.94915
-72.02194  21.95139
-72.01724  21.95391
-72.01112  21.95471
-72.00498  21.95781
       NA        NA
-71.58581  21.74696
-71.58386  21.75252
-71.58276  21.75721
-71.57858  21.76031
-71.57360  21.76197
-71.56919  21.76002
-71.56501  21.75693
-71.56220  21.75418
-71.56111  21.75114
-71.55836  21.74696
-71.55332  21.74444
-71.54748  21.74249
-71.54278  21.74002
-71.53860  21.73693
-71.53333  21.73447
-71.52610  21.73389
-71.51945  21.73389
-71.51527  21.73086
-71.50943  21.72891
-71.50221  21.72834
-71.49557  21.72725
-71.48806  21.72668
-71.48164  21.72530
-71.47419  21.72473
-71.46669  21.72415
-71.46279  21.72083
-71.46084  21.71613
-71.45998  21.71058
-71.45832  21.70530
-71.45724  21.69975
-71.45638  21.69419
-71.45695  21.68720
-71.45832  21.68112
-71.45970  21.67499
-71.46084  21.66886
-71.46222  21.66279
-71.46474  21.65832
-71.46886  21.65500
-71.47362  21.65276
-71.47608  21.65723
-71.47637  21.66336
-71.47803  21.66835
-71.48084  21.67276
-71.48417  21.67637
-71.48720  21.68027
-71.49001  21.68445
-71.49252  21.68892
-71.49585  21.69253
-71.49832  21.69694
-71.50164  21.70055
-71.50502  21.70444
-71.51109  21.70639
-71.51751  21.70748
-71.52415  21.70891
-71.52747  21.71252
-71.53000  21.71693
-71.53498  21.71946
-71.54083  21.72112
-71.54668  21.72306
-71.55332  21.72415
-71.56054  21.72501
-71.56609  21.72668
-71.57137  21.72914
-71.57612  21.73166
-71.57973  21.73556
-71.58305  21.73917
-71.58334  21.74558
-71.58581  21.74696
       NA        NA
-72.32973  21.86000
-72.32389  21.85971
-72.31942  21.85639
-72.31725  21.85221
-72.31363  21.84975
-72.31026  21.85358
-72.30613  21.85055
-72.30418  21.84694
-72.30137  21.84276
-72.29913  21.83834
-72.29472  21.83525
-72.29054  21.83221
-72.28722  21.82832
-72.28304  21.82528
-72.27943  21.82167
-72.27611  21.81806
-72.27306  21.81417
-72.26860  21.81113
-72.26442  21.80803
-72.26029  21.80500
-72.25610  21.80196
-72.25193  21.79887
-72.24780  21.79554
-72.24110  21.79446
-72.23445  21.79474
-72.22947  21.79222
-72.22276  21.79085
-72.21526  21.79027
-72.20861  21.78918
-72.20420  21.79165
-72.19859  21.79331
-72.19417  21.79554
-72.18804  21.79640
-72.18414  21.79973
-72.17858  21.80139
-72.17418  21.80362
-72.17137  21.80832
-72.16942  21.81359
-72.16667  21.81835
-72.16335  21.82224
-72.15945  21.82557
-72.15418  21.82694
-72.14725  21.82723
-72.14220  21.82471
-72.13808  21.82167
-72.13470  21.81806
-72.13137  21.81417
-72.12639  21.81164
-72.12696  21.80637
-72.13000  21.80248
-72.13361  21.79864
-72.13693  21.79474
-72.14003  21.79085
-72.14415  21.78752
-72.14805  21.78443
-72.15086  21.77973
-72.15281  21.77446
-72.15641  21.77056
-72.16083  21.76942
-72.16248  21.77446
-72.16248  21.78082
-72.16277  21.78695
-72.16724  21.78861
-72.17252  21.78695
-72.17721  21.78471
-72.18249  21.78305
-72.18724  21.78053
-72.19136  21.77750
-72.18638  21.77497
-72.18140  21.77251
-72.17858  21.76804
-72.18277  21.76501
-72.18947  21.76501
-72.19611  21.76609
-72.20248  21.76724
-72.20947  21.76724
-72.21497  21.76890
-72.22058  21.76862
-72.22585  21.76695
-72.23164  21.76609
-72.23445  21.77056
-72.23611  21.77555
-72.24224  21.77446
-72.24557  21.77056
-72.24889  21.76667
-72.25221  21.76277
-72.25610  21.75974
-72.25891  21.75498
-72.26224  21.75114
-72.26751  21.74942
-72.27026  21.74501
-72.27416  21.74169
-72.28081  21.74306
-72.28722  21.74415
-72.29083  21.74776
-72.29415  21.75165
-72.29748  21.75526
-72.30086  21.75887
-72.30280  21.76392
-72.30137  21.76862
-72.29610  21.76919
-72.29192  21.76581
-72.28945  21.76168
-72.28613  21.75779
-72.28109  21.75555
-72.27530  21.75641
-72.27169  21.76031
-72.27193  21.76638
-72.27530  21.77028
-72.27892  21.77389
-72.28304  21.77692
-72.28722  21.78002
-72.29192  21.78248
-72.29724  21.78500
-72.30280  21.78666
-72.30779  21.78918
-72.31387  21.78832
-72.31581  21.78305
-72.31387  21.77807
-72.31054  21.77417
-72.31054  21.76804
-72.31444  21.76501
-72.31919  21.76248
-72.32526  21.76168
-72.33054  21.76002
-72.33724  21.75974
-72.33919  21.76472
-72.33999  21.77028
-72.34193  21.77331
-72.33752  21.77555
-72.33305  21.77389
-72.33083  21.77389
-72.32973  21.77858
-72.32835  21.78334
-72.32664  21.78724
-72.32332  21.79113
-72.32085  21.79446
-72.31890  21.79835
-72.31501  21.80167
-72.31306  21.80694
-72.31111  21.81222
-72.31191  21.81669
-72.31696  21.81417
-72.32000  21.81027
-72.32360  21.80637
-72.32750  21.80334
-72.33277  21.80167
-72.33891  21.80053
-72.34222  21.80442
-72.34164  21.80970
-72.33833  21.81359
-72.33558  21.81835
-72.33248  21.82224
-72.32973  21.82694
-72.32778  21.83221
-72.32641  21.83834
-72.32526  21.84442
-72.32613  21.84998
-72.32722  21.85582
-72.32973  21.86000
