-60.52526  11.34279
-60.52308  11.33832
-60.52113  11.33362
-60.52056  11.32749
-60.52113  11.32056
-60.52193  11.31443
-60.52417  11.30973
-60.52720  11.30583
-60.52944  11.30113
-60.52915  11.29609
-60.52669  11.29197
-60.52526  11.28641
-60.52502  11.28028
-60.52474  11.27386
-60.52554  11.26779
-60.52720  11.26252
-60.53111  11.25919
-60.53442  11.25725
-60.53946  11.25942
-60.54279  11.26303
-60.54668  11.26613
-60.55030  11.26280
-60.55196  11.25747
-60.55419  11.25278
-60.55751  11.24859
-60.56221  11.24693
-60.56863  11.24779
-60.57470  11.24888
-60.58170  11.24917
-60.58667  11.24751
-60.58971  11.24332
-60.59166  11.23805
-60.59389  11.23335
-60.59751  11.22997
-60.60249  11.22831
-60.60748  11.22636
-60.61223  11.22447
-60.61665  11.22195
-60.62111  11.21943
-60.62558  11.21697
-60.62891  11.21359
-60.63194  11.20975
-60.63584  11.20637
-60.63944  11.20304
-60.64414  11.20138
-60.65056  11.20081
-60.65640  11.19972
-60.66248  11.19943
-60.66890  11.19886
-60.67525  11.20001
-60.68139  11.20081
-60.68780  11.20195
-60.69193  11.19943
-60.69640  11.19668
-60.70001  11.19359
-60.70362  11.19027
-60.70723  11.18694
-60.71164  11.18442
-60.71611  11.18196
-60.72029  11.17944
-60.72665  11.17886
-60.73141  11.18110
-60.73639  11.18362
-60.74109  11.18167
-60.74556  11.17915
-60.74974  11.17669
-60.75415  11.17417
-60.75776  11.17084
-60.76223  11.16832
-60.76498  11.16414
-60.76888  11.16110
-60.77249  11.15778
-60.77530  11.15360
-60.77833  11.14970
-60.78137  11.14581
-60.78555  11.14334
-60.79197  11.14277
-60.79753  11.14168
-60.80331  11.14197
-60.80750  11.14500
-60.80973  11.14919
-60.81334  11.15280
-60.81947  11.15165
-60.82583  11.15113
-60.83305  11.15165
-60.83918  11.15251
-60.84474  11.15417
-60.84748  11.15835
-60.84835  11.16391
-60.84806  11.17084
-60.84720  11.17692
-60.84417  11.17886
-60.83947  11.17669
-60.83391  11.17503
-60.82692  11.17474
-60.82279  11.17583
-60.81833  11.17835
-60.81557  11.18225
-60.81305  11.18694
-60.81082  11.19164
-60.80778  11.19582
-60.80418  11.19886
-60.80056  11.20224
-60.79696  11.20556
-60.79334  11.20889
-60.78945  11.21192
-60.78446  11.21387
-60.78085  11.21720
-60.77724  11.22058
-60.77415  11.22447
-60.77054  11.22780
-60.76750  11.23169
-60.76447  11.23553
-60.76086  11.23891
-60.75667  11.24223
-60.75220  11.24470
-60.74779  11.24722
-60.74361  11.24974
-60.73914  11.25220
-60.73416  11.25415
-60.72997  11.25667
-60.72556  11.25919
-60.72109  11.26194
-60.71696  11.26447
-60.71279  11.26693
-60.70831  11.26945
-60.70419  11.27197
-60.70081  11.27581
-60.69864  11.28085
-60.69698  11.28612
-60.69445  11.29082
-60.69056  11.29334
-60.68528  11.29529
-60.67973  11.29638
-60.67417  11.29752
-60.66832  11.29861
-60.66277  11.29970
-60.65778  11.30136
-60.65280  11.30331
-60.64775  11.30526
-60.64277  11.30692
-60.63778  11.30887
-60.63280  11.31053
-60.62804  11.31248
-60.62363  11.31500
-60.61831  11.31695
-60.61361  11.31861
-60.60914  11.32113
-60.60415  11.32308
-60.59974  11.32554
-60.59418  11.32669
-60.58863  11.32778
-60.58170  11.32749
-60.57585  11.32583
-60.57362  11.32165
-60.57000  11.31804
-60.56525  11.31586
-60.55946  11.31695
-60.55556  11.31947
-60.55304  11.32417
-60.55275  11.33081
-60.55109  11.33637
-60.54749  11.33969
-60.54222  11.34141
-60.53723  11.34336
-60.53247  11.34502
-60.52669  11.34611
-60.52526  11.34279
