-61.07943  10.82415
-61.07558  10.82609
-61.07003  10.82724
-61.06446  10.82833
-61.05891  10.82942
-61.05364  10.83114
-61.04888  10.83303
-61.04390  10.83475
-61.03891  10.83669
-61.03387  10.83859
-61.02831  10.83973
-61.02275  10.84082
-61.01697  10.84197
-61.01112  10.84168
-61.00666  10.83944
-61.00167  10.83692
-60.99778  10.83417
-60.99222  10.83251
-60.98666  10.83223
-60.98168  10.83417
-60.97612  10.83526
-60.96970  10.83555
-60.96334  10.83475
-60.95721  10.83360
-60.95085  10.83417
-60.94580  10.83583
-60.94082  10.83778
-60.93446  10.83807
-60.92833  10.83859
-60.92278  10.83692
-60.91642  10.83583
-60.91085  10.83417
-60.90776  10.83085
-60.90805  10.82386
-60.91028  10.81916
-60.91332  10.81527
-60.91750  10.81252
-60.92112  10.80942
-60.92278  10.80386
-60.92306  10.79722
-60.92639  10.79304
-60.92999  10.78971
-60.93360  10.78668
-60.93721  10.78335
-60.94025  10.77917
-60.94249  10.77447
-60.94335  10.76834
-60.94443  10.76221
-60.94667  10.75751
-60.94918  10.75276
-60.95222  10.74892
-60.95583  10.74554
-60.95945  10.74250
-60.96305  10.73918
-60.96609  10.73499
-60.96970  10.73196
-60.97279  10.72778
-60.97692  10.72525
-60.98001  10.72142
-60.98362  10.71804
-60.98723  10.71471
-60.99027  10.71082
-60.99308  10.70692
-60.99554  10.70222
-61.00058  10.70027
-61.00694  10.70113
-61.01307  10.70222
-61.01805  10.70027
-61.02110  10.69638
-61.02390  10.69248
-61.02751  10.68916
-61.03055  10.68498
-61.03307  10.68056
-61.03530  10.67581
-61.03611  10.66973
-61.03725  10.66360
-61.03748  10.65667
-61.03725  10.65025
-61.03582  10.64470
-61.03502  10.63914
-61.03444  10.63307
-61.03387  10.62694
-61.03307  10.62138
-61.03249  10.61502
-61.03141  10.60975
-61.02946  10.60470
-61.02751  10.59972
-61.02585  10.59502
-61.02390  10.58998
-61.02275  10.58442
-61.02167  10.57886
-61.02058  10.57331
-61.02001  10.56723
-61.01834  10.56168
-61.01719  10.55612
-61.01582  10.55056
-61.01416  10.54558
-61.01307  10.54002
-61.01164  10.53446
-61.01221  10.52776
-61.01387  10.52220
-61.01805  10.51973
-61.02361  10.51859
-61.02917  10.51750
-61.03444  10.51555
-61.03863  10.51303
-61.04166  10.50919
-61.04390  10.50444
-61.04499  10.49831
-61.04585  10.49195
-61.04499  10.48639
-61.04304  10.48083
-61.04109  10.47613
-61.03942  10.47109
-61.03725  10.46611
-61.03639  10.46083
-61.03444  10.45585
-61.03249  10.45081
-61.03141  10.44525
-61.03026  10.43975
-61.02917  10.43419
-61.02779  10.42863
-61.02694  10.42308
-61.02637  10.41695
-61.02470  10.41196
-61.02333  10.40640
-61.02304  10.40027
-61.02195  10.39471
-61.02001  10.38973
-61.01719  10.38555
-61.01502  10.38136
-61.01141  10.37776
-61.00946  10.37277
-61.00694  10.36859
-61.00500  10.36360
-61.00333  10.35890
-61.00081  10.35472
-60.99806  10.35025
-60.99554  10.34613
-60.99222  10.34252
-60.98804  10.33971
-60.98334  10.33725
-60.97778  10.33553
-60.97165  10.33473
-60.96666  10.33249
-60.96415  10.32831
-60.96472  10.32138
-60.96890  10.31891
-60.97388  10.31697
-60.97886  10.31530
-60.98362  10.31336
-60.98723  10.30997
-60.99055  10.30614
-60.99330  10.30195
-60.99640  10.29806
-60.99806  10.29250
-60.99886  10.28637
-60.99778  10.28081
-60.99697  10.27525
-60.99502  10.27055
-60.99502  10.26362
-60.99502  10.25749
-60.99502  10.25056
-60.99525  10.24363
-60.99583  10.23692
-60.99720  10.23136
-60.99835  10.22529
-61.00081  10.22054
-61.00167  10.21446
-61.00276  10.20833
-61.00224  10.20220
-61.00109  10.19641
-61.00001  10.19109
-60.99944  10.18473
-61.00001  10.17808
-61.00109  10.17166
-61.00109  10.16502
-61.00081  10.15860
-60.99972  10.15304
-60.99778  10.14834
-60.99669  10.14279
-60.99697  10.13585
-61.00109  10.13333
-61.00471  10.13694
-61.00803  10.14055
-61.01336  10.14221
-61.01915  10.14112
-61.02419  10.13918
-61.02831  10.13665
-61.03278  10.13419
-61.03748  10.13224
-61.04195  10.12972
-61.04642  10.12697
-61.05054  10.12445
-61.05501  10.12193
-61.05943  10.11947
-61.06361  10.11695
-61.06779  10.11442
-61.07169  10.11110
-61.07530  10.10778
-61.07943  10.10526
-61.08360  10.10279
-61.08859  10.10085
-61.09386  10.09890
-61.09862  10.09723
-61.10303  10.09471
-61.10721  10.09196
-61.11219  10.09030
-61.11724  10.08835
-61.12165  10.08583
-61.12721  10.08474
-61.13196  10.08280
-61.13723  10.08114
-61.14222  10.07919
-61.14698  10.07724
-61.15224  10.07558
-61.15832  10.07500
-61.16531  10.07558
-61.17167  10.07500
-61.17723  10.07392
-61.18359  10.07363
-61.18863  10.07168
-61.19418  10.07053
-61.19975  10.06945
-61.20610  10.06887
-61.21304  10.06945
-61.21916  10.07031
-61.22472  10.07197
-61.23028  10.07363
-61.23498  10.07581
-61.24082  10.07753
-61.24696  10.07833
-61.25303  10.07947
-61.26001  10.07970
-61.26723  10.07999
-61.27331  10.07970
-61.27915  10.07861
-61.28391  10.07667
-61.28889  10.07472
-61.29388  10.07306
-61.30081  10.07334
-61.30723  10.07220
-61.31279  10.07111
-61.31777  10.06916
-61.32362  10.06807
-61.32832  10.06641
-61.33387  10.06498
-61.33971  10.06389
-61.34585  10.06498
-61.35278  10.06526
-61.35914  10.06498
-61.36555  10.06446
-61.37191  10.06418
-61.37805  10.06498
-61.38498  10.06526
-61.39220  10.06555
-61.39890  10.06612
-61.40527  10.06693
-61.41002  10.06916
-61.41557  10.07082
-61.42165  10.07168
-61.42807  10.07139
-61.43362  10.07031
-61.43998  10.06973
-61.44640  10.06945
-61.45248  10.06916
-61.45946  10.06945
-61.46582  10.06887
-61.47138  10.06779
-61.47779  10.06750
-61.48416  10.06693
-61.48972  10.06584
-61.49614  10.06555
-61.50220  10.06498
-61.50863  10.06475
-61.51498  10.06555
-61.52111  10.06664
-61.52667  10.06836
-61.53303  10.06916
-61.53974  10.06945
-61.54610  10.07031
-61.55165  10.06945
-61.55750  10.06807
-61.56306  10.06693
-61.56861  10.06584
-61.57417  10.06475
-61.57915  10.06303
-61.58414  10.06114
-61.58918  10.05919
-61.59417  10.05747
-61.60030  10.05696
-61.60666  10.05667
-61.61221  10.05472
-61.61806  10.05363
-61.62362  10.05249
-61.62723  10.05197
-61.63140  10.05501
-61.63749  10.05581
-61.64304  10.05747
-61.64831  10.05919
-61.65335  10.06137
-61.65805  10.06360
-61.66138  10.06721
-61.66556  10.07031
-61.67026  10.07248
-61.67443  10.07529
-61.67971  10.07695
-61.68664  10.07724
-61.69305  10.07695
-61.69999  10.07724
-61.70555  10.07890
-61.71248  10.07919
-61.71947  10.07947
-61.72641  10.07970
-61.73334  10.07999
-61.73970  10.07970
-61.74526  10.07861
-61.75110  10.07753
-61.75666  10.07609
-61.76222  10.07500
-61.76720  10.07334
-61.77224  10.07139
-61.77860  10.07111
-61.78336  10.07334
-61.78668  10.07695
-61.79080  10.07970
-61.79613  10.08136
-61.80336  10.08165
-61.80891  10.08056
-61.81361  10.07861
-61.81860  10.07695
-61.82364  10.07500
-61.82862  10.07334
-61.83361  10.07139
-61.83779  10.06887
-61.84306  10.06693
-61.84862  10.06584
-61.85360  10.06389
-61.85836  10.06223
-61.86197  10.05890
-61.86580  10.05558
-61.86947  10.05220
-61.87309  10.04888
-61.87669  10.04584
-61.88030  10.04252
-61.88609  10.04137
-61.89164  10.04028
-61.89720  10.03920
-61.90276  10.03805
-61.90918  10.03748
-61.91474  10.03920
-61.91806  10.04280
-61.92058  10.04693
-61.92304  10.05111
-61.92442  10.05529
-61.92419  10.06223
-61.92253  10.06779
-61.91886  10.07082
-61.91526  10.07414
-61.91027  10.07609
-61.90528  10.07775
-61.89972  10.07919
-61.89474  10.08085
-61.88918  10.08194
-61.88414  10.08389
-61.87916  10.08583
-61.87474  10.08835
-61.86919  10.08944
-61.86362  10.09053
-61.85778  10.09168
-61.85223  10.09277
-61.84666  10.09391
-61.84169  10.09586
-61.83750  10.09832
-61.83361  10.10165
-61.82999  10.10503
-61.82725  10.10887
-61.82473  10.11362
-61.82169  10.11752
-61.81945  10.12222
-61.81779  10.12777
-61.81303  10.12944
-61.80776  10.13138
-61.80221  10.13247
-61.79751  10.13442
-61.79304  10.13694
-61.78806  10.13889
-61.78307  10.14141
-61.77808  10.14307
-61.77247  10.14416
-61.76611  10.14473
-61.75975  10.14502
-61.75304  10.14473
-61.74720  10.14582
-61.74222  10.14777
-61.73666  10.14892
-61.73082  10.15000
-61.72612  10.15195
-61.72085  10.15361
-61.71609  10.15556
-61.71168  10.15808
-61.70664  10.15997
-61.70251  10.16249
-61.69833  10.16502
-61.69305  10.16696
-61.68888  10.16943
-61.68446  10.17224
-61.68085  10.17527
-61.67638  10.17779
-61.67249  10.18054
-61.66860  10.18364
-61.66498  10.18696
-61.66057  10.18942
-61.65639  10.19223
-61.65220  10.19470
-61.64779  10.19722
-61.64418  10.20054
-61.64058  10.20386
-61.63749  10.20776
-61.63445  10.21194
-61.63307  10.21721
-61.63250  10.22414
-61.63387  10.22970
-61.63582  10.23446
-61.63336  10.23916
-61.62975  10.24248
-61.62390  10.24363
-61.61806  10.24277
-61.61084  10.24248
-61.60391  10.24219
-61.59691  10.24168
-61.59055  10.24082
-61.58443  10.23973
-61.57887  10.23835
-61.57417  10.23612
-61.56776  10.23497
-61.56139  10.23389
-61.55555  10.23308
-61.54833  10.23280
-61.54220  10.23308
-61.53526  10.23280
-61.52805  10.23251
-61.52278  10.23222
-61.51722  10.23331
-61.51109  10.23446
-61.50639  10.23641
-61.50141  10.23835
-61.49693  10.24082
-61.49275  10.24334
-61.48972  10.24724
-61.48611  10.25056
-61.48249  10.25388
-61.47946  10.25778
-61.47665  10.26196
-61.47276  10.26528
-61.46863  10.26780
-61.46445  10.27027
-61.46141  10.27416
-61.45832  10.27835
-61.45666  10.28362
-61.45499  10.28918
-61.45471  10.29473
-61.45248  10.29915
-61.45362  10.30499
-61.45471  10.31026
-61.45723  10.31473
-61.45860  10.32029
-61.45969  10.32584
-61.45998  10.33192
-61.46056  10.33805
-61.46308  10.34252
-61.46553  10.34664
-61.46749  10.35169
-61.47029  10.35581
-61.47276  10.35999
-61.47614  10.36360
-61.47889  10.36779
-61.47918  10.37248
-61.47694  10.37753
-61.47499  10.38280
-61.47694  10.38778
-61.47889  10.39248
-61.48083  10.39752
-61.48278  10.40222
-61.48169  10.40721
-61.48026  10.40973
-61.48502  10.41196
-61.48972  10.41442
-61.48834  10.41918
-61.48668  10.42445
-61.48359  10.42863
-61.48278  10.43471
-61.48083  10.43998
-61.47918  10.44554
-61.47831  10.45167
-61.47665  10.45694
-61.47499  10.46250
-61.47333  10.46805
-61.47110  10.47252
-61.46944  10.47808
-61.46697  10.48278
-61.46553  10.48805
-61.46474  10.49447
-61.46553  10.50002
-61.46611  10.50610
-61.46502  10.51223
-61.46416  10.51836
-61.46193  10.52306
-61.45946  10.52776
-61.45860  10.53251
-61.46056  10.53750
-61.46083  10.54363
-61.46056  10.55056
-61.46027  10.55749
-61.46056  10.56362
-61.46250  10.56832
-61.46359  10.57388
-61.46553  10.57886
-61.46806  10.58305
-61.47081  10.58752
-61.47195  10.59279
-61.47361  10.59777
-61.47694  10.60138
-61.47889  10.60637
-61.48141  10.61055
-61.48697  10.61221
-61.49109  10.61502
-61.49304  10.62000
-61.49138  10.62527
-61.48972  10.63083
-61.49361  10.63387
-61.49780  10.63667
-61.50192  10.63971
-61.50667  10.64195
-61.51137  10.64418
-61.51722  10.64584
-61.52249  10.64750
-61.52581  10.65083
-61.52971  10.65444
-61.53252  10.65891
-61.53584  10.66252
-61.53974  10.66527
-61.54387  10.66836
-61.54862  10.67054
-61.55418  10.67082
-61.55973  10.67248
-61.56558  10.67392
-61.57085  10.67558
-61.57721  10.67667
-61.58334  10.67753
-61.58804  10.67970
-61.59222  10.68280
-61.59777  10.68446
-61.60471  10.68475
-61.60975  10.68280
-61.61473  10.68085
-61.61972  10.67919
-61.62614  10.67862
-61.63140  10.68028
-61.63776  10.68137
-61.64333  10.68028
-61.64888  10.67919
-61.65445  10.67804
-61.65942  10.68028
-61.66275  10.68389
-61.66195  10.69002
-61.66086  10.69609
-61.66109  10.70222
-61.66390  10.70640
-61.66223  10.70915
-61.65805  10.71168
-61.65387  10.71168
-61.64917  10.70915
-61.64333  10.71053
-61.63914  10.71305
-61.63553  10.71637
-61.63192  10.71947
-61.62889  10.72359
-61.62528  10.72692
-61.62195  10.73081
-61.61806  10.73333
-61.61416  10.73666
-61.60998  10.73918
-61.60585  10.74164
-61.59972  10.74279
-61.59446  10.74250
-61.58889  10.74113
-61.58391  10.73860
-61.57944  10.73637
-61.57222  10.73608
-61.56861  10.73946
-61.56414  10.74193
-61.56002  10.74445
-61.55498  10.74640
-61.54890  10.74697
-61.54168  10.74640
-61.53613  10.74749
-61.52971  10.74806
-61.52415  10.74915
-61.51917  10.75081
-61.51751  10.75362
-61.51332  10.75614
-61.50777  10.75614
-61.50364  10.75304
-61.49808  10.75138
-61.49195  10.75058
-61.48639  10.75029
-61.47997  10.75058
-61.47499  10.75253
-61.47001  10.75419
-61.46777  10.75889
-61.46749  10.76582
-61.46777  10.77195
-61.46359  10.77470
-61.45860  10.77390
-61.45666  10.76891
-61.45637  10.76250
-61.45390  10.75831
-61.45030  10.76169
-61.44720  10.76553
-61.44416  10.76972
-61.44056  10.77166
-61.43804  10.76719
-61.43666  10.76169
-61.43723  10.75499
-61.43248  10.75276
-61.42669  10.75390
-61.42250  10.75637
-61.42056  10.76169
-61.41832  10.76639
-61.41557  10.77029
-61.41031  10.77224
-61.40583  10.77000
-61.40388  10.76502
-61.39890  10.76278
-61.39472  10.76530
-61.39220  10.77000
-61.39083  10.77556
-61.38779  10.77946
-61.38280  10.78140
-61.37833  10.78387
-61.37415  10.78639
-61.37054  10.78971
-61.36750  10.79361
-61.36584  10.79917
-61.36361  10.80386
-61.36057  10.80776
-61.35501  10.80747
-61.35083  10.80472
-61.35335  10.80002
-61.34974  10.79779
-61.34418  10.79613
-61.33748  10.79584
-61.33221  10.79779
-61.32614  10.79808
-61.31972  10.79831
-61.31359  10.79750
-61.30723  10.79665
-61.30030  10.79613
-61.29388  10.79527
-61.28775  10.79418
-61.28139  10.79332
-61.27474  10.79304
-61.26833  10.79195
-61.26197  10.79109
-61.25497  10.79086
-61.24942  10.79057
-61.24248  10.79029
-61.23693  10.79137
-61.22971  10.79109
-61.22277  10.79086
-61.21584  10.79029
-61.20942  10.79086
-61.20335  10.78971
-61.19637  10.78942
-61.19057  10.79057
-61.18502  10.79166
-61.18026  10.79361
-61.17499  10.79556
-61.17081  10.79808
-61.16720  10.80111
-61.16359  10.80444
-61.15998  10.80776
-61.15637  10.81108
-61.15110  10.81280
-61.14611  10.81475
-61.14056  10.81584
-61.13362  10.81555
-61.12806  10.81664
-61.12222  10.81779
-61.11666  10.81888
-61.11030  10.81945
-61.10388  10.81974
-61.09776  10.82002
-61.09082  10.81974
-61.08498  10.82082
-61.07943  10.82197
-61.07530  10.82443
-61.07943  10.82415
