-53.37973 -33.74584
-53.38638 -33.74389
-53.39308 -33.74280
-53.39972 -33.74086
-53.40557 -33.73891
-53.41055 -33.73610
-53.41554 -33.73277
-53.41972 -33.72945
-53.42253 -33.72556
-53.42499 -33.72000
-53.42614 -33.71444
-53.42780 -33.70917
-53.42860 -33.70361
-53.42889 -33.69748
-53.43141 -33.69278
-53.43416 -33.68808
-53.43892 -33.68557
-53.44665 -33.68419
-53.45278 -33.68557
-53.45862 -33.68723
-53.46613 -33.68808
-53.47169 -33.68998
-53.47833 -33.69164
-53.48584 -33.69164
-53.49306 -33.69192
-53.50056 -33.69055
-53.50692 -33.68946
-53.51363 -33.68751
-53.51890 -33.68470
-53.52308 -33.68138
-53.52641 -33.67748
-53.52973 -33.67336
-53.53139 -33.66803
-53.53248 -33.66248
-53.53442 -33.65691
-53.53362 -33.65027
-53.53305 -33.64334
-53.53225 -33.63721
-53.53168 -33.63027
-53.53030 -33.62415
-53.52944 -33.61807
-53.52887 -33.61114
-53.52721 -33.60501
-53.52669 -33.59888
-53.52446 -33.59332
-53.52308 -33.58696
-53.52388 -33.58083
-53.52308 -33.57418
-53.52165 -33.56776
-53.52113 -33.56249
-53.51947 -33.55556
-53.51804 -33.54943
-53.51752 -33.54387
-53.51609 -33.53780
-53.51529 -33.53081
-53.51391 -33.52473
-53.51305 -33.51860
-53.51248 -33.51167
-53.51197 -33.50474
-53.51111 -33.49861
-53.50973 -33.49248
-53.50836 -33.48640
-53.50859 -33.47947
-53.50692 -33.47334
-53.50641 -33.46641
-53.50498 -33.46028
-53.50498 -33.45335
-53.50360 -33.44722
-53.50303 -33.44114
-53.50303 -33.43415
-53.50137 -33.42808
-53.50166 -33.42195
-53.50194 -33.41501
-53.50114 -33.40808
-53.50137 -33.40195
-53.50251 -33.39531
-53.50331 -33.38917
-53.50360 -33.38276
-53.50526 -33.37748
-53.50555 -33.37141
-53.50555 -33.36528
-53.50669 -33.35886
-53.50692 -33.35279
-53.50692 -33.34666
-53.50779 -33.34002
-53.50807 -33.33445
-53.50836 -33.32752
-53.50916 -33.32139
-53.51030 -33.31526
-53.51111 -33.30970
-53.51305 -33.30443
-53.51391 -33.29888
-53.51666 -33.29360
-53.51752 -33.28805
-53.51752 -33.28197
-53.51919 -33.27642
-53.51947 -33.27029
-53.52113 -33.26472
-53.52222 -33.25946
-53.52251 -33.25252
-53.52417 -33.24725
-53.52446 -33.24083
-53.52526 -33.23557
-53.52721 -33.23000
-53.52806 -33.22474
-53.52916 -33.21832
-53.53001 -33.21224
-53.53030 -33.20611
-53.53030 -33.19947
-53.52973 -33.19247
-53.52835 -33.18641
-53.52749 -33.17947
-53.52692 -33.17334
-53.52641 -33.16641
-53.52503 -33.16027
-53.52417 -33.15472
-53.52280 -33.14779
-53.52113 -33.14251
-53.51970 -33.13696
-53.51666 -33.13192
-53.51500 -33.12664
-53.51197 -33.12166
-53.51030 -33.11610
-53.50721 -33.11192
-53.50417 -33.10722
-53.50166 -33.10223
-53.49862 -33.09748
-53.49638 -33.09278
-53.49220 -33.08917
-53.48888 -33.08499
-53.48613 -33.08081
-53.48194 -33.07748
-53.47890 -33.07336
-53.47472 -33.06889
-53.47083 -33.06614
-53.46613 -33.06276
-53.46223 -33.05915
-53.45805 -33.05640
-53.45249 -33.05359
-53.44860 -33.04998
-53.44441 -33.04723
-53.43972 -33.04362
-53.43554 -33.04030
-53.43055 -33.03807
-53.42614 -33.03474
-53.42110 -33.03251
-53.41640 -33.02970
-53.41055 -33.02666
-53.40585 -33.02472
-53.40081 -33.02168
-53.39611 -33.01887
-53.39141 -33.01612
-53.38638 -33.01389
-53.38168 -33.01056
-53.37692 -33.00775
-53.37193 -33.00558
-53.36638 -33.00277
-53.36219 -32.99973
-53.35778 -32.99693
-53.35280 -32.99417
-53.34776 -32.99137
-53.34386 -32.98776
-53.33836 -32.98558
-53.33418 -32.98220
-53.32971 -32.97945
-53.32473 -32.97664
-53.31974 -32.97361
-53.31750 -32.97303
-53.31281 -32.96943
-53.30862 -32.96582
-53.30473 -32.96306
-53.30140 -32.95831
-53.29946 -32.95275
-53.29860 -32.94668
-53.29808 -32.93975
-53.29751 -32.93275
-53.29831 -32.92668
-53.29860 -32.92055
-53.29860 -32.91442
-53.29888 -32.90749
-53.29665 -32.90222
-53.29333 -32.89723
-53.29029 -32.89305
-53.28725 -32.88944
-53.28250 -32.88612
-53.27831 -32.88250
-53.27333 -32.88027
-53.26892 -32.87695
-53.26387 -32.87471
-53.25918 -32.87111
-53.25442 -32.86835
-53.25030 -32.86554
-53.24554 -32.86222
-53.24142 -32.85861
-53.23752 -32.85580
-53.23276 -32.85220
-53.22887 -32.84859
-53.22388 -32.84584
-53.21918 -32.84303
-53.21500 -32.84028
-53.21053 -32.83667
-53.20641 -32.83335
-53.20251 -32.83025
-53.19775 -32.82613
-53.19277 -32.82332
-53.18888 -32.82057
-53.18332 -32.81776
-53.17920 -32.81501
-53.17610 -32.81002
-53.17306 -32.80585
-53.17002 -32.80109
-53.16750 -32.79696
-53.16447 -32.79192
-53.16137 -32.78780
-53.15725 -32.78362
-53.15501 -32.77943
-53.15112 -32.77582
-53.14722 -32.77164
-53.14304 -32.76889
-53.13834 -32.76556
-53.13416 -32.76196
-53.12975 -32.75972
-53.12391 -32.75697
-53.11914 -32.75473
-53.11525 -32.75141
-53.11141 -32.74694
-53.10723 -32.74419
-53.10247 -32.74081
-53.09835 -32.73720
-53.09525 -32.73359
-53.09307 -32.72970
-53.09474 -32.72414
-53.09749 -32.71944
-53.10167 -32.71526
-53.10500 -32.71194
-53.10998 -32.70861
-53.11388 -32.70529
-53.11749 -32.70140
-53.12081 -32.69721
-53.12499 -32.69389
-53.12917 -32.69057
-53.13336 -32.68724
-53.13748 -32.68335
-53.14086 -32.68002
-53.14499 -32.67664
-53.14831 -32.67252
-53.15192 -32.66862
-53.15610 -32.66530
-53.15919 -32.66111
-53.16361 -32.65779
-53.16837 -32.65527
-53.17083 -32.65028
-53.17501 -32.64696
-53.18028 -32.64364
-53.18332 -32.64026
-53.18750 -32.63694
-53.19249 -32.63361
-53.19747 -32.63166
-53.20417 -32.62971
-53.21002 -32.62720
-53.21638 -32.62611
-53.22279 -32.62416
-53.22887 -32.62221
-53.23362 -32.61946
-53.23861 -32.61694
-53.24279 -32.61362
-53.24691 -32.61029
-53.25110 -32.60669
-53.25528 -32.60279
-53.26027 -32.60084
-53.26834 -32.60113
-53.27470 -32.60193
-53.28026 -32.60388
-53.28611 -32.60611
-53.29252 -32.60697
-53.29974 -32.60582
-53.30553 -32.60388
-53.31057 -32.60056
-53.31470 -32.59780
-53.31945 -32.59443
-53.32473 -32.59196
-53.32971 -32.58863
-53.33447 -32.58669
-53.34025 -32.58388
-53.34529 -32.58142
-53.35114 -32.57947
-53.35749 -32.57752
-53.36334 -32.57557
-53.37136 -32.57500
-53.37864 -32.57442
-53.38609 -32.57305
-53.39359 -32.57196
-53.40001 -32.57053
-53.40585 -32.56807
-53.41055 -32.56526
-53.41416 -32.56194
-53.41835 -32.55804
-53.42058 -32.55391
-53.42471 -32.55053
-53.42831 -32.54584
-53.43055 -32.54331
-53.43416 -32.53919
-53.43834 -32.53501
-53.44086 -32.53111
-53.44418 -32.52641
-53.44665 -32.52166
-53.45026 -32.51748
-53.45335 -32.51415
-53.45668 -32.50945
-53.46086 -32.50613
-53.46498 -32.50332
-53.47003 -32.50000
-53.47472 -32.49748
-53.48000 -32.49473
-53.48555 -32.49221
-53.49220 -32.49083
-53.49776 -32.48831
-53.50360 -32.48636
-53.50779 -32.48304
-53.51277 -32.48029
-53.51752 -32.47697
-53.52280 -32.47445
-53.52583 -32.47084
-53.53001 -32.46694
-53.53529 -32.46419
-53.53832 -32.46029
-53.54250 -32.45697
-53.54525 -32.45279
-53.55001 -32.44946
-53.55419 -32.44608
-53.55752 -32.44276
-53.56164 -32.43863
-53.56554 -32.43526
-53.56834 -32.43142
-53.57167 -32.42666
-53.57419 -32.42248
-53.57665 -32.41778
-53.57946 -32.41308
-53.58278 -32.40890
-53.58530 -32.40500
-53.58863 -32.40082
-53.59109 -32.39555
-53.59447 -32.39194
-53.59860 -32.38804
-53.60192 -32.38472
-53.60696 -32.38197
-53.61195 -32.37859
-53.61665 -32.37613
-53.62083 -32.37280
-53.62501 -32.36942
-53.62919 -32.36610
-53.63086 -32.36054
-53.63361 -32.35584
-53.63527 -32.35109
-53.63613 -32.34553
-53.63721 -32.33946
-53.63721 -32.33333
-53.63807 -32.32720
-53.64054 -32.32221
-53.64220 -32.31751
-53.64415 -32.31224
-53.64529 -32.30668
-53.64529 -32.29969
-53.64306 -32.29442
-53.64054 -32.28886
-53.63916 -32.28331
-53.63779 -32.27723
-53.63721 -32.27030
-53.63974 -32.26554
-53.64140 -32.26085
-53.64415 -32.25529
-53.64638 -32.25139
-53.64890 -32.24641
-53.65165 -32.24251
-53.65417 -32.23696
-53.65664 -32.23277
-53.65836 -32.22750
-53.65945 -32.22194
-53.66196 -32.21667
-53.66363 -32.21169
-53.66638 -32.20693
-53.66861 -32.20303
-53.67223 -32.19834
-53.67526 -32.19473
-53.68030 -32.19221
-53.68500 -32.18888
-53.69027 -32.18613
-53.69331 -32.18224
-53.69835 -32.17943
-53.70248 -32.17553
-53.70499 -32.17141
-53.70832 -32.16751
-53.71084 -32.16333
-53.71336 -32.15777
-53.71502 -32.15308
-53.71669 -32.14780
-53.71863 -32.14276
-53.72195 -32.13806
-53.72470 -32.13417
-53.72694 -32.12918
-53.72946 -32.12529
-53.73278 -32.12053
-53.73531 -32.11640
-53.73806 -32.11165
-53.74058 -32.10752
-53.74304 -32.10220
-53.74390 -32.09669
-53.74499 -32.09056
-53.74499 -32.08443
-53.74361 -32.07836
-53.74304 -32.07194
-53.74224 -32.06530
-53.74304 -32.05974
-53.74665 -32.05556
-53.75141 -32.05223
-53.75553 -32.04971
-53.76195 -32.04776
-53.76917 -32.04639
-53.77667 -32.04725
-53.78304 -32.04805
-53.79111 -32.04748
-53.79753 -32.04610
-53.80417 -32.04416
-53.80973 -32.04221
-53.81557 -32.03974
-53.81942 -32.03693
-53.82360 -32.03304
-53.82858 -32.03029
-53.83276 -32.02748
-53.83775 -32.02416
-53.84359 -32.02169
-53.84835 -32.01889
-53.85333 -32.01694
-53.85889 -32.01442
-53.86388 -32.01167
-53.86720 -32.00748
-53.87138 -32.00416
-53.87224 -31.99860
-53.87167 -31.99247
-53.87081 -31.98720
-53.87196 -31.98084
-53.87362 -31.97557
-53.87666 -31.97139
-53.87998 -31.96807
-53.88582 -31.96555
-53.89058 -31.96280
-53.89470 -31.95947
-53.89975 -31.95666
-53.90387 -31.95277
-53.90725 -31.94916
-53.91138 -31.94584
-53.91693 -31.94331
-53.92112 -31.94056
-53.92667 -31.93804
-53.93332 -31.93667
-53.93974 -31.93472
-53.94696 -31.93334
-53.95446 -31.93277
-53.96168 -31.93168
-53.96890 -31.93025
-53.97692 -31.93054
-53.98443 -31.92916
-53.99142 -31.92807
-53.99720 -31.92664
-54.00362 -31.92475
-54.00861 -31.92194
-54.01330 -31.91862
-54.01611 -31.91472
-54.01777 -31.90916
-54.01777 -31.90303
-54.02110 -31.89834
-54.02528 -31.89553
-54.03250 -31.89416
-54.03915 -31.89307
-54.04528 -31.89112
-54.04946 -31.88779
-54.05307 -31.88361
-54.05719 -31.88029
-54.06195 -31.87696
-54.06693 -31.87502
-54.07501 -31.87444
-54.08137 -31.87639
-54.08613 -31.87863
-54.09082 -31.88138
-54.09581 -31.88418
-54.09890 -31.88831
-54.10114 -31.89307
-54.10418 -31.89805
-54.10664 -31.90361
-54.11002 -31.90693
-54.11391 -31.91054
-54.11861 -31.91335
-54.12417 -31.91558
-54.13219 -31.91501
-54.13861 -31.91364
-54.14445 -31.91083
-54.14778 -31.90751
-54.15196 -31.90361
-54.15499 -31.89943
-54.15780 -31.89530
-54.16084 -31.89055
-54.16445 -31.88722
-54.16915 -31.88447
-54.17419 -31.88109
-54.17803 -31.87863
-54.18221 -31.87444
-54.18697 -31.87169
-54.19109 -31.86831
-54.19613 -31.86556
-54.20026 -31.86167
-54.20444 -31.85892
-54.20914 -31.85640
-54.21418 -31.85307
-54.21888 -31.85027
-54.22278 -31.84694
-54.22805 -31.84419
-54.23280 -31.84167
-54.23693 -31.83806
-54.24168 -31.83554
-54.24581 -31.83141
-54.24919 -31.82804
-54.25418 -31.82471
-54.25807 -31.82139
-54.26220 -31.81864
-54.26724 -31.81526
-54.27194 -31.81251
-54.27612 -31.80919
-54.28111 -31.80775
-54.28580 -31.80443
-54.29084 -31.80197
-54.29641 -31.79916
-54.30053 -31.79641
-54.30557 -31.79308
-54.31027 -31.79056
-54.31445 -31.78695
-54.31835 -31.78363
-54.32333 -31.78111
-54.32666 -31.77693
-54.33084 -31.77360
-54.33473 -31.77028
-54.33749 -31.76558
-54.34138 -31.76192
-54.34470 -31.75808
-54.34780 -31.75389
-54.35192 -31.75057
-54.35444 -31.74639
-54.35863 -31.74249
-54.36195 -31.73917
-54.36527 -31.73499
-54.36945 -31.73086
-54.37249 -31.72748
-54.37667 -31.72336
-54.37914 -31.71946
-54.38332 -31.71614
-54.38721 -31.71195
-54.39140 -31.70915
-54.39610 -31.70582
-54.40114 -31.70307
-54.40527 -31.69975
-54.41031 -31.69723
-54.41500 -31.69362
-54.41999 -31.69110
-54.42474 -31.68915
-54.43053 -31.68640
-54.43609 -31.68445
-54.44165 -31.68164
-54.44835 -31.67970
-54.45391 -31.67832
-54.45861 -31.67500
-54.46359 -31.67248
-54.46474 -31.66692
-54.46640 -31.66136
-54.46640 -31.65529
-54.46669 -31.64835
-54.46583 -31.64222
-54.46583 -31.63610
-54.46583 -31.63002
-54.46502 -31.62303
-54.46525 -31.61610
-54.46525 -31.61002
-54.46474 -31.60332
-54.46640 -31.59776
-54.46720 -31.59221
-54.46835 -31.58693
-54.47001 -31.58138
-54.47247 -31.57668
-54.47557 -31.57249
-54.47975 -31.56917
-54.48359 -31.56585
-54.48943 -31.56390
-54.49447 -31.56029
-54.49831 -31.55777
-54.50307 -31.55416
-54.50719 -31.55084
-54.51057 -31.54751
-54.51470 -31.54362
-54.51888 -31.54001
-54.52192 -31.53611
-54.52696 -31.53331
-54.53166 -31.53055
-54.53498 -31.52666
-54.53974 -31.52391
-54.54472 -31.52053
-54.54890 -31.51778
-54.55303 -31.51446
-54.55693 -31.51027
-54.56025 -31.50695
-54.56363 -31.50277
-54.56581 -31.49807
-54.56833 -31.49331
-54.56999 -31.48861
-54.57360 -31.48392
-54.57497 -31.47887
-54.57835 -31.47498
-54.58168 -31.47085
-54.58392 -31.46610
-54.58804 -31.46277
-54.59308 -31.46003
-54.59864 -31.45807
-54.60586 -31.45664
-54.61388 -31.45613
-54.62030 -31.45750
-54.62780 -31.45750
-54.63474 -31.45779
-54.64276 -31.45836
-54.64917 -31.45721
-54.65582 -31.45527
-54.66224 -31.45389
-54.66779 -31.45108
-54.67364 -31.44920
-54.67914 -31.44639
-54.68470 -31.44530
-54.69111 -31.44335
-54.69776 -31.44112
-54.70475 -31.44054
-54.71220 -31.43917
-54.72028 -31.43859
-54.72836 -31.43859
-54.73529 -31.43888
-54.74194 -31.43946
-54.74887 -31.44026
-54.75528 -31.44112
-54.76279 -31.44112
-54.77081 -31.44112
-54.77889 -31.44054
-54.78611 -31.43917
-54.79333 -31.43859
-54.80055 -31.43751
-54.80696 -31.43527
-54.81361 -31.43390
-54.81917 -31.43138
-54.82553 -31.43000
-54.83109 -31.42805
-54.83693 -31.42530
-54.84249 -31.42336
-54.84805 -31.42055
-54.85194 -31.41780
-54.85612 -31.41585
-54.86111 -31.41253
-54.86581 -31.40972
-54.86919 -31.40582
-54.87331 -31.40221
-54.87584 -31.39752
-54.87807 -31.39276
-54.88053 -31.38863
-54.88391 -31.38474
-54.88804 -31.38056
-54.89251 -31.37861
-54.90001 -31.37723
-54.90804 -31.37666
-54.91359 -31.37442
-54.91915 -31.37196
-54.92419 -31.36915
-54.92832 -31.36583
-54.93221 -31.36251
-54.93445 -31.35832
-54.93863 -31.35414
-54.94253 -31.35082
-54.94527 -31.34669
-54.94917 -31.34280
-54.95169 -31.33862
-54.95502 -31.33443
-54.95891 -31.33031
-54.96224 -31.32693
-54.96808 -31.32446
-54.97278 -31.32166
-54.97696 -31.31890
-54.98086 -31.31472
-54.98498 -31.31140
-54.98808 -31.30722
-54.99140 -31.30332
-54.99306 -31.29833
-54.99639 -31.29444
-54.99891 -31.28946
-55.00194 -31.28556
-55.00613 -31.28195
-55.00916 -31.27805
-55.01334 -31.27444
-55.01724 -31.27112
-55.02222 -31.26998
-55.02612 -31.26917
-55.03277 -31.26998
-55.03918 -31.27141
-55.04308 -31.27473
-55.04526 -31.28028
-55.04692 -31.28584
-55.04749 -31.29278
-55.04916 -31.29891
-55.04972 -31.30498
-55.05139 -31.31111
-55.05362 -31.31610
-55.05609 -31.32085
-55.05998 -31.32498
-55.06503 -31.32693
-55.07138 -31.32836
-55.07861 -31.32859
-55.08554 -31.32779
-55.09224 -31.32584
-55.09780 -31.32303
-55.10192 -31.32057
-55.10668 -31.31696
-55.11081 -31.31363
-55.11390 -31.31025
-55.11808 -31.30613
-55.12192 -31.30280
-55.12610 -31.29942
-55.13000 -31.29581
-55.13361 -31.29249
-55.13750 -31.28831
-55.14220 -31.28584
-55.14558 -31.28224
-55.15028 -31.27891
-55.15446 -31.27553
-55.15836 -31.27221
-55.16415 -31.27026
-55.17028 -31.26808
-55.17693 -31.26665
-55.18334 -31.26470
-55.18970 -31.26276
-55.19692 -31.26224
-55.20248 -31.26000
-55.20889 -31.25748
-55.21554 -31.25611
-55.22196 -31.25416
-55.22694 -31.25141
-55.23084 -31.24803
-55.23554 -31.24528
-55.23972 -31.24110
-55.24305 -31.23777
-55.24614 -31.23359
-55.24860 -31.22889
-55.25169 -31.22471
-55.25336 -31.22001
-55.25582 -31.21526
-55.25748 -31.21027
-55.26001 -31.20500
-55.26138 -31.20002
-55.26390 -31.19526
-55.26556 -31.19056
-55.26808 -31.18501
-55.26917 -31.17973
-55.27055 -31.17475
-55.27307 -31.16999
-55.27473 -31.16472
-55.27777 -31.15974
-55.28028 -31.15555
-55.28447 -31.15223
-55.28831 -31.14805
-55.29249 -31.14553
-55.29747 -31.14192
-55.30303 -31.14003
-55.30945 -31.13808
-55.31501 -31.13665
-55.32056 -31.13390
-55.32693 -31.13195
-55.33248 -31.13000
-55.33500 -31.12582
-55.33667 -31.11975
-55.33500 -31.11419
-55.33363 -31.10863
-55.33030 -31.10387
-55.32778 -31.09832
-55.32721 -31.09224
-55.32721 -31.08611
-55.32807 -31.08055
-55.32973 -31.07500
-55.33220 -31.07030
-55.33609 -31.06692
-55.33942 -31.06279
-55.34165 -31.05804
-55.34497 -31.05391
-55.34750 -31.04973
-55.35168 -31.04583
-55.35391 -31.04165
-55.35723 -31.03752
-55.36113 -31.03414
-55.36446 -31.03002
-55.36835 -31.02664
-55.37247 -31.02332
-55.37723 -31.02057
-55.38193 -31.01695
-55.38697 -31.01443
-55.39196 -31.01168
-55.39637 -31.00888
-55.40141 -31.00612
-55.40387 -31.00137
-55.40639 -30.99667
-55.40805 -30.99192
-55.41029 -30.98693
-55.41109 -30.98086
-55.41253 -30.97610
-55.41528 -30.97140
-55.41831 -30.96722
-55.42169 -30.96304
-55.42639 -30.96029
-55.43109 -30.95697
-55.43665 -30.95553
-55.44306 -30.95359
-55.44971 -30.95221
-55.45613 -30.95026
-55.46169 -30.94751
-55.46638 -30.94557
-55.47057 -30.94138
-55.47446 -30.93806
-55.47778 -30.93445
-55.48168 -30.93055
-55.48414 -30.92637
-55.48724 -30.92225
-55.49056 -30.91749
-55.49360 -30.91417
-55.49692 -30.90998
-55.50030 -30.90586
-55.50414 -30.90248
-55.50918 -30.89973
-55.51222 -30.89554
-55.51640 -30.89222
-55.52110 -30.88890
-55.52528 -30.88753
-55.53056 -30.88472
-55.53720 -30.88334
-55.54333 -30.88139
-55.54918 -30.87916
-55.55307 -30.87584
-55.55777 -30.87303
-55.56109 -30.86919
-55.56419 -30.86501
-55.56665 -30.86025
-55.56917 -30.85613
-55.57307 -30.85194
-55.57639 -30.84862
-55.58195 -30.84581
-55.58917 -30.84530
-55.59553 -30.84581
-55.60252 -30.84581
-55.61002 -30.84530
-55.61805 -30.84444
-55.62360 -30.84610
-55.62887 -30.84862
-55.63306 -30.85223
-55.63609 -30.85641
-55.63833 -30.86111
-55.63999 -30.86724
-55.64085 -30.87418
-55.64085 -30.88082
-55.64085 -30.88724
-55.64165 -30.89388
-55.63999 -30.89944
-55.63999 -30.90557
-55.63999 -30.91193
-55.63999 -30.91806
-55.63919 -30.92419
-55.63919 -30.93027
-55.64056 -30.93640
-55.64222 -30.94196
-55.64692 -30.94614
-55.65110 -30.94889
-55.65752 -30.95026
-55.66446 -30.95026
-55.67196 -30.94946
-55.67752 -30.94694
-55.68279 -30.94470
-55.68943 -30.94276
-55.69499 -30.94081
-55.70279 -30.94001
-55.71029 -30.94138
-55.71665 -30.94224
-55.72055 -30.94557
-55.72473 -30.94889
-55.72863 -30.95250
-55.73166 -30.95668
-55.73499 -30.96138
-55.73722 -30.96614
-55.73974 -30.97083
-55.74112 -30.97725
-55.74306 -30.98252
-55.74501 -30.98664
-55.74610 -30.99277
-55.74747 -30.99919
-55.75000 -31.00447
-55.75223 -31.00859
-55.75642 -31.01277
-55.75945 -31.01695
-55.76415 -31.01890
-55.76999 -31.02165
-55.77641 -31.02251
-55.78197 -31.02446
-55.78724 -31.02584
-55.79388 -31.02807
-55.79858 -31.03002
-55.80334 -31.03277
-55.80833 -31.03558
-55.81222 -31.03890
-55.81612 -31.04222
-55.81944 -31.04641
-55.82110 -31.05196
-55.82362 -31.05752
-55.82586 -31.06279
-55.82803 -31.06778
-55.83222 -31.07110
-55.83697 -31.07391
-55.84333 -31.07471
-55.85141 -31.07391
-55.85943 -31.07391
-55.86636 -31.07391
-55.87307 -31.07528
-55.87943 -31.07608
-55.88499 -31.07803
-55.89054 -31.07998
-55.89610 -31.08142
-55.90252 -31.08279
-55.91054 -31.08222
-55.91776 -31.08084
-55.92418 -31.07946
-55.93140 -31.07803
-55.93861 -31.07666
-55.94669 -31.07666
-55.95391 -31.07666
-55.96085 -31.07666
-55.96721 -31.07803
-55.97391 -31.07889
-55.98027 -31.08027
-55.98669 -31.08164
-55.99304 -31.08222
-56.00026 -31.08222
-56.00668 -31.08164
-56.01058 -31.07752
-56.01138 -31.07196
-56.01224 -31.06640
-56.01224 -31.05970
-56.01138 -31.05276
-56.01058 -31.04583
-56.00915 -31.03970
-56.00834 -31.03363
-56.00668 -31.02750
-56.00583 -31.02057
-56.00502 -31.01363
-56.00583 -31.00750
-56.00502 -31.00057
-56.00416 -30.99387
-56.00502 -30.98779
-56.00502 -30.98138
-56.00502 -30.97530
-56.00583 -30.96917
-56.00668 -30.96361
-56.00583 -30.95697
-56.00583 -30.95055
-56.00668 -30.94442
-56.00583 -30.93748
-56.00502 -30.93084
-56.00416 -30.92471
-56.00279 -30.91835
-56.00026 -30.91359
-55.99780 -30.90889
-55.99362 -30.90557
-55.99138 -30.90053
-55.98835 -30.89583
-55.98669 -30.89028
-55.98330 -30.88609
-55.98279 -30.88415
-55.98084 -30.87807
-55.97947 -30.87251
-55.97694 -30.86696
-55.97637 -30.86025
-55.97694 -30.85389
-55.97694 -30.84776
-55.97781 -30.84249
-55.98027 -30.83693
-55.98164 -30.83224
-55.98417 -30.82725
-55.98583 -30.82249
-55.98835 -30.81780
-55.99081 -30.81275
-55.99362 -30.80891
-55.99614 -30.80473
-56.00026 -30.80055
-56.00164 -30.79637
-56.00668 -30.79362
-56.01058 -30.78943
-56.01470 -30.78697
-56.01997 -30.78336
-56.02502 -30.78056
-56.02891 -30.77723
-56.03447 -30.77528
-56.03946 -30.77167
-56.04387 -30.76915
-56.04805 -30.76554
-56.05280 -30.76279
-56.05750 -30.75998
-56.06083 -30.75609
-56.06558 -30.75334
-56.07028 -30.75001
-56.07360 -30.74640
-56.07750 -30.74308
-56.08082 -30.73890
-56.08392 -30.73472
-56.08775 -30.73053
-56.09027 -30.72670
-56.09280 -30.72165
-56.09497 -30.71753
-56.09750 -30.71220
-56.09916 -30.70722
-56.10139 -30.70252
-56.10305 -30.69776
-56.10609 -30.69306
-56.10861 -30.68888
-56.11193 -30.68470
-56.11417 -30.68000
-56.11749 -30.67582
-56.12139 -30.67307
-56.12528 -30.66888
-56.12998 -30.66613
-56.13336 -30.66275
-56.13806 -30.65943
-56.14362 -30.65719
-56.14917 -30.65445
-56.15387 -30.65170
-56.15943 -30.64975
-56.16361 -30.64556
-56.16613 -30.64138
-56.16751 -30.63611
-56.16889 -30.63113
-56.16997 -30.62585
-56.17221 -30.62081
-56.17307 -30.61474
-56.17444 -30.60918
-56.17639 -30.60443
-56.18029 -30.60030
-56.18419 -30.59749
-56.19054 -30.59612
-56.19667 -30.59417
-56.20252 -30.59136
-56.20808 -30.58947
-56.21197 -30.58581
-56.21501 -30.58168
-56.21667 -30.57692
-56.21891 -30.57137
-56.22086 -30.56609
-56.22526 -30.56334
-56.23025 -30.55973
-56.23581 -30.55836
-56.24360 -30.55779
-56.25002 -30.55555
-56.25558 -30.55360
-56.25947 -30.55028
-56.26194 -30.54530
-56.26497 -30.54111
-56.26692 -30.53642
-56.27081 -30.53223
-56.27391 -30.52891
-56.27861 -30.52610
-56.28331 -30.52278
-56.28720 -30.51997
-56.29305 -30.51722
-56.29860 -30.51499
-56.30416 -30.51252
-56.31029 -30.51029
-56.31528 -30.50834
-56.32084 -30.50553
-56.32639 -30.50336
-56.33167 -30.50055
-56.33665 -30.49860
-56.34221 -30.49585
-56.34776 -30.49390
-56.35332 -30.49109
-56.35808 -30.48892
-56.36363 -30.48611
-56.36776 -30.48416
-56.37165 -30.47998
-56.37475 -30.47666
-56.37859 -30.47305
-56.38111 -30.46835
-56.38501 -30.46502
-56.38804 -30.46084
-56.39056 -30.45586
-56.39389 -30.45196
-56.39612 -30.44778
-56.39916 -30.44279
-56.40168 -30.43890
-56.40472 -30.43472
-56.40638 -30.43002
-56.40947 -30.42497
-56.41251 -30.42165
-56.41669 -30.41804
-56.42139 -30.41472
-56.42529 -30.41197
-56.43027 -30.40859
-56.43583 -30.40641
-56.44110 -30.40360
-56.44608 -30.40166
-56.45250 -30.39942
-56.45806 -30.39696
-56.46333 -30.39472
-56.46831 -30.39277
-56.47278 -30.38916
-56.47777 -30.38642
-56.48252 -30.38303
-56.48556 -30.37943
-56.49026 -30.37610
-56.49335 -30.37278
-56.49834 -30.37003
-56.50224 -30.36585
-56.50613 -30.36304
-56.51111 -30.35972
-56.51558 -30.35697
-56.51891 -30.35278
-56.52360 -30.34998
-56.52750 -30.34585
-56.53082 -30.34253
-56.53472 -30.33886
-56.53862 -30.33473
-56.54114 -30.33084
-56.54498 -30.32723
-56.54807 -30.32305
-56.55139 -30.31886
-56.55334 -30.31503
-56.55666 -30.30998
-56.55970 -30.30666
-56.56308 -30.30247
-56.56778 -30.29915
-56.57168 -30.29640
-56.57752 -30.29360
-56.58359 -30.29222
-56.59081 -30.29193
-56.59780 -30.29193
-56.60416 -30.29417
-56.61058 -30.29474
-56.61860 -30.29474
-56.62502 -30.29474
-56.62805 -30.29056
-56.62725 -30.28363
-56.62473 -30.27973
-56.62083 -30.27555
-56.61831 -30.27085
-56.61780 -30.26392
-56.61780 -30.25779
-56.61917 -30.25223
-56.62164 -30.24805
-56.62444 -30.24335
-56.62777 -30.23974
-56.63081 -30.23556
-56.63585 -30.23223
-56.63888 -30.22891
-56.64364 -30.22473
-56.64805 -30.22192
-56.65223 -30.21860
-56.65693 -30.21556
-56.66169 -30.21304
-56.66553 -30.20943
-56.67194 -30.20748
-56.67750 -30.20530
-56.68386 -30.20336
-56.68942 -30.20112
-56.69475 -30.19917
-56.70053 -30.19694
-56.70609 -30.19419
-56.71056 -30.19138
-56.71389 -30.18720
-56.71864 -30.18445
-56.72334 -30.18112
-56.72723 -30.17832
-56.73193 -30.17499
-56.73749 -30.17276
-56.74224 -30.17001
-56.74861 -30.16863
-56.75502 -30.16640
-56.76110 -30.16503
-56.76614 -30.16164
-56.76997 -30.15890
-56.77387 -30.15471
-56.77611 -30.15053
-56.77863 -30.14583
-56.77914 -30.14027
-56.78167 -30.13414
-56.78252 -30.12859
-56.78470 -30.12389
-56.78722 -30.11970
-56.79112 -30.11558
-56.79501 -30.11277
-56.80058 -30.11002
-56.80693 -30.10859
-56.81220 -30.10584
-56.81942 -30.10446
-56.82498 -30.10303
-56.83197 -30.10165
-56.83833 -30.10028
-56.84555 -30.09891
-56.85277 -30.09748
-56.86056 -30.09724
-56.86778 -30.09724
-56.87391 -30.09805
-56.87970 -30.09999
-56.88445 -30.10280
-56.88835 -30.10612
-56.89305 -30.10887
-56.89803 -30.11139
-56.90279 -30.11415
-56.91058 -30.11334
-56.91556 -30.11002
-56.91946 -30.10721
-56.92416 -30.10389
-56.92805 -30.10028
-56.93447 -30.09833
-56.94141 -30.09891
-56.94696 -30.10028
-56.95418 -30.09999
-56.96111 -30.10085
-56.96862 -30.10085
-56.97555 -30.10057
-56.98277 -30.10137
-56.98890 -30.10194
-56.99612 -30.10332
-57.00248 -30.10389
-57.00804 -30.10526
-57.01308 -30.10807
-57.01749 -30.11054
-57.02248 -30.11334
-57.02637 -30.11529
-57.03193 -30.11667
-57.03835 -30.11724
-57.04362 -30.11529
-57.04861 -30.11168
-57.05336 -30.10887
-57.05886 -30.10693
-57.06585 -30.10750
-57.07164 -30.10945
-57.07611 -30.11220
-57.08029 -30.11500
-57.08419 -30.11890
-57.08809 -30.12251
-57.09307 -30.12526
-57.09696 -30.12859
-57.10109 -30.13111
-57.10498 -30.13529
-57.10751 -30.13999
-57.11054 -30.14503
-57.11306 -30.14887
-57.11472 -30.15500
-57.11724 -30.16055
-57.11971 -30.16525
-57.12447 -30.16863
-57.12836 -30.17138
-57.13335 -30.17419
-57.13804 -30.17694
-57.14137 -30.18084
-57.14526 -30.18502
-57.14693 -30.19058
-57.14859 -30.19585
-57.14859 -30.20221
-57.14693 -30.20834
-57.14721 -30.21390
-57.14641 -30.21997
-57.14584 -30.22610
-57.14641 -30.23303
-57.14807 -30.23917
-57.15054 -30.24335
-57.15472 -30.24724
-57.15804 -30.25137
-57.16251 -30.25418
-57.16669 -30.25750
-57.17001 -30.26168
-57.17471 -30.26414
-57.17804 -30.26833
-57.18279 -30.27251
-57.18612 -30.27584
-57.19001 -30.28002
-57.19419 -30.28334
-57.19803 -30.28609
-57.20359 -30.28861
-57.20863 -30.29085
-57.21390 -30.29279
-57.22026 -30.29331
-57.22749 -30.29388
-57.23390 -30.29331
-57.23860 -30.28970
-57.24083 -30.28500
-57.24387 -30.28139
-57.24777 -30.27721
-57.25332 -30.27526
-57.25974 -30.27584
-57.26387 -30.27916
-57.26776 -30.28248
-57.27108 -30.28666
-57.27418 -30.29085
-57.27916 -30.29417
-57.28529 -30.29331
-57.28999 -30.28999
-57.29332 -30.28638
-57.29721 -30.28305
-57.30031 -30.27887
-57.30415 -30.27526
-57.30890 -30.27194
-57.31279 -30.26919
-57.31916 -30.26695
-57.32723 -30.26695
-57.33279 -30.26833
-57.33749 -30.27165
-57.34225 -30.27360
-57.34860 -30.27308
-57.35640 -30.27280
-57.36139 -30.27475
-57.36694 -30.27750
-57.37084 -30.28031
-57.37387 -30.28443
-57.37640 -30.28832
-57.38000 -30.29251
-57.38390 -30.29583
-57.38803 -30.29915
-57.39249 -30.30196
-57.39891 -30.30110
-57.40527 -30.29915
-57.40917 -30.29554
-57.41221 -30.29085
-57.41387 -30.28529
-57.41444 -30.27973
-57.41668 -30.27497
-57.42166 -30.27222
-57.42807 -30.27085
-57.43581 -30.26999
-57.44389 -30.26919
-57.44916 -30.26724
-57.45558 -30.26501
-57.46194 -30.26558
-57.46612 -30.26890
-57.47002 -30.27308
-57.47305 -30.27641
-57.47890 -30.27916
-57.48446 -30.28053
-57.49168 -30.28111
-57.49947 -30.28031
-57.49947 -30.27944
-57.50720 -30.27670
-57.51471 -30.27584
-57.52164 -30.27526
-57.52805 -30.27389
-57.53333 -30.27165
-57.53917 -30.27028
-57.54530 -30.26753
-57.55000 -30.26472
-57.55556 -30.26249
-57.56026 -30.25974
-57.56415 -30.25693
-57.56805 -30.25280
-57.56805 -30.24581
-57.56725 -30.24025
-57.56610 -30.23418
-57.56364 -30.22891
-57.56306 -30.22249
-57.56278 -30.21585
-57.56415 -30.21029
-57.56667 -30.20553
-57.57057 -30.20192
-57.57447 -30.19860
-57.57916 -30.19556
-57.58472 -30.19362
-57.59000 -30.19138
-57.59584 -30.18943
-57.60139 -30.18720
-57.60862 -30.18502
       NA        NA
-57.60862 -30.18502
-57.61497 -30.18582
-57.62225 -30.18611
-57.62947 -30.18611
-57.63526 -30.18777
-57.64030 -30.19001
-57.64391 -30.19390
-57.64609 -30.19946
-57.64414 -30.20444
-57.64225 -30.20914
-57.63973 -30.21361
-57.63612 -30.21751
-57.63417 -30.22221
-57.63222 -30.22725
-57.63142 -30.23281
-57.62947 -30.23779
-57.62832 -30.24363
-57.62752 -30.24919
-57.62637 -30.25475
-57.62558 -30.26025
-57.62529 -30.26638
-57.62414 -30.27194
-57.62500 -30.27887
-57.62580 -30.28586
-57.62804 -30.29113
-57.62999 -30.29640
-57.63279 -30.30110
-57.63583 -30.30557
-57.63944 -30.30947
-57.64305 -30.31330
-57.64666 -30.31720
-57.64947 -30.32196
-57.65222 -30.32637
-57.65525 -30.33113
-57.65835 -30.33554
-57.66029 -30.34081
-57.66333 -30.34556
-57.66614 -30.34998
-57.66889 -30.35473
-57.67336 -30.35777
-57.67777 -30.36086
-57.68195 -30.36419
-57.68694 -30.36636
-57.69141 -30.36946
-57.69502 -30.37335
-57.69914 -30.37639
-57.70275 -30.38029
-57.70665 -30.38418
-57.71083 -30.38722
-57.71501 -30.39025
-57.71891 -30.39415
-57.72303 -30.39725
-57.72750 -30.40028
-57.73169 -30.40360
-57.73610 -30.40664
-57.73890 -30.40973
-57.74252 -30.41363
-57.74612 -30.41753
-57.75053 -30.42056
-57.75415 -30.42446
-57.75753 -30.42836
-57.76194 -30.43139
-57.76641 -30.43443
-57.77139 -30.43695
-57.77638 -30.43919
-57.78136 -30.44165
-57.78669 -30.44388
-57.79224 -30.44555
-57.79666 -30.44864
-57.80164 -30.45110
-57.80611 -30.45414
-57.81030 -30.45723
-57.81471 -30.46027
-57.81918 -30.46331
-57.82359 -30.46640
-57.82748 -30.46944
-57.83195 -30.47276
-57.83637 -30.47585
-57.84084 -30.47889
-57.84502 -30.48193
-57.84943 -30.48502
-57.85389 -30.48806
-57.85808 -30.49109
-57.86250 -30.49442
-57.86581 -30.49803
-57.87029 -30.50141
-57.87469 -30.50444
-57.87831 -30.50834
-57.88140 -30.51275
-57.88415 -30.51751
-57.88725 -30.52192
-57.88862 -30.52805
-57.88942 -30.53498
-57.88919 -30.54111
-57.88919 -30.54747
-57.88890 -30.55360
-57.88890 -30.55973
-57.88862 -30.56609
-57.88862 -30.57223
-57.88833 -30.57836
-57.88919 -30.58529
-57.88999 -30.59222
-57.88999 -30.59835
-57.88971 -30.60443
-57.88696 -30.60889
-57.88415 -30.61331
-57.88003 -30.61640
-57.87527 -30.61944
-57.87000 -30.62196
-57.86553 -30.62528
-57.86111 -30.62832
-57.85665 -30.63141
-57.85304 -30.63502
-57.84863 -30.63834
-57.84582 -30.64253
-57.84307 -30.64694
-57.84192 -30.65250
-57.84112 -30.65806
-57.84084 -30.66447
-57.83974 -30.66997
-57.83803 -30.67501
-57.83556 -30.67943
-57.83252 -30.68361
-57.82915 -30.68750
-57.82611 -30.69169
-57.82278 -30.69553
-57.81998 -30.69971
-57.81803 -30.70469
-57.81556 -30.70916
-57.81362 -30.71415
-57.81224 -30.71833
-57.81138 -30.72389
-57.81030 -30.72973
-57.80863 -30.73472
-57.80749 -30.74027
-57.80640 -30.74583
-57.80640 -30.75196
-57.80445 -30.75695
-57.80330 -30.76251
-57.80251 -30.76835
-57.80141 -30.77390
-57.80056 -30.77946
-57.80027 -30.78554
-57.79947 -30.79110
-57.79832 -30.79665
-57.79832 -30.80307
-57.79752 -30.80863
-57.79723 -30.81470
-57.79723 -30.82112
-57.79781 -30.82776
-57.79860 -30.83470
-57.79832 -30.84083
-57.79832 -30.84724
-57.79752 -30.85280
-57.79723 -30.85888
-57.79723 -30.86529
-57.79694 -30.87137
-57.79586 -30.87692
-57.79666 -30.88392
-57.79804 -30.88999
-57.80113 -30.89446
-57.80330 -30.90001
-57.80697 -30.90363
-57.80972 -30.90832
-57.81362 -30.91222
-57.81832 -30.91445
-57.82416 -30.91611
-57.83081 -30.91692
-57.83889 -30.91640
-57.84582 -30.91503
-57.85389 -30.91445
-57.86026 -30.91526
-57.86610 -30.91692
-57.87195 -30.91864
-57.87722 -30.92081
-57.88277 -30.92248
-57.88862 -30.92471
-57.89447 -30.92637
-57.89973 -30.92861
-57.90472 -30.93164
-57.90999 -30.93416
-57.91280 -30.93863
-57.91280 -30.94499
-57.91165 -30.95055
-57.90890 -30.95473
-57.90529 -30.95863
-57.90083 -30.96166
-57.89721 -30.96556
-57.89360 -30.96917
-57.88999 -30.97307
-57.88639 -30.97668
-57.88277 -30.98057
-57.88003 -30.98470
-57.87807 -30.98974
-57.87555 -30.99415
-57.87275 -30.99862
-57.87000 -31.00280
-57.86725 -31.00722
-57.86444 -31.01168
-57.86250 -31.01667
-57.86003 -31.02085
-57.85808 -31.02584
-57.85614 -31.03082
-57.85418 -31.03581
-57.85223 -31.04085
-57.85138 -31.04641
-57.85138 -31.05276
-57.85195 -31.05947
-57.85361 -31.06554
-57.85585 -31.07081
-57.85780 -31.07637
-57.86003 -31.08164
-57.86307 -31.08611
-57.86581 -31.09081
-57.86971 -31.09471
-57.87332 -31.09860
-57.87613 -31.10307
-57.88003 -31.10697
-57.88363 -31.11081
-57.88725 -31.11470
-57.89085 -31.11831
-57.89447 -31.12221
-57.89807 -31.12610
-57.90197 -31.13000
-57.90529 -31.13390
-57.90752 -31.13917
-57.90971 -31.14444
-57.91114 -31.15057
-57.91280 -31.15664
-57.91194 -31.16220
-57.91056 -31.16805
-57.91056 -31.17418
-57.90971 -31.17973
-57.90862 -31.18529
-57.90776 -31.19085
-57.90667 -31.19669
-57.90581 -31.20225
-57.90558 -31.20832
-57.90558 -31.21474
-57.90638 -31.22139
-57.90695 -31.22832
-57.90776 -31.23502
-57.90999 -31.24058
-57.91137 -31.24665
-57.91360 -31.25193
-57.91498 -31.25806
-57.91721 -31.26333
-57.91945 -31.26860
-57.92249 -31.27335
-57.92443 -31.27863
-57.92752 -31.28333
-57.93056 -31.28779
-57.93417 -31.29169
-57.93692 -31.29610
-57.94053 -31.30000
-57.94442 -31.30389
-57.94861 -31.30693
-57.95308 -31.31002
-57.95749 -31.31335
-57.96196 -31.31638
-57.96637 -31.31942
-57.97084 -31.32251
-57.97502 -31.32555
-57.97806 -31.33031
-57.98081 -31.33472
-57.98253 -31.34085
-57.98224 -31.34721
-57.98224 -31.35334
-57.98224 -31.35947
-57.98109 -31.36503
-57.98081 -31.37139
-57.98167 -31.37803
-57.98253 -31.38502
-57.98390 -31.39110
-57.98637 -31.39637
-57.98860 -31.40164
-57.99141 -31.40639
-57.99502 -31.41029
-57.99891 -31.41419
-58.00252 -31.41780
-58.00751 -31.42026
-58.01192 -31.42336
-58.01748 -31.42502
-58.02304 -31.42719
-58.02859 -31.42891
-58.03363 -31.43109
-58.03890 -31.43361
-58.04389 -31.43585
-58.04836 -31.43888
-58.05334 -31.44140
-58.05890 -31.44444
-58.06360 -31.44667
-58.06836 -31.44971
-58.07248 -31.45281
-58.07609 -31.45664
-58.07918 -31.46140
-58.08085 -31.46747
-58.08165 -31.47418
-58.08056 -31.48002
-58.07752 -31.48415
-58.07414 -31.48804
-58.06944 -31.49114
-58.06526 -31.49417
-58.05890 -31.49612
-58.05248 -31.49807
-58.04722 -31.50053
-58.04280 -31.50363
-58.03724 -31.50609
-58.03278 -31.50947
-58.02831 -31.51250
-58.02389 -31.51554
-58.01914 -31.51864
-58.01501 -31.52196
-58.01112 -31.52557
-58.00665 -31.52861
-58.00304 -31.53250
-57.99942 -31.53611
-57.99668 -31.54058
-57.99306 -31.54419
-57.99026 -31.54860
-57.98665 -31.55250
-57.98499 -31.55749
-57.98195 -31.56166
-57.97915 -31.56614
-57.97834 -31.57169
-57.97720 -31.57725
-57.97697 -31.58361
-57.97806 -31.59026
-57.97778 -31.59667
-57.97863 -31.60332
-57.97915 -31.61025
-57.98081 -31.61639
-57.98253 -31.62252
-57.98390 -31.62859
-57.98613 -31.63391
-57.98831 -31.63919
-57.98975 -31.64526
-57.99192 -31.65053
-57.99416 -31.65609
-57.99639 -31.66136
-57.99863 -31.66669
-58.00109 -31.67196
-58.00304 -31.67752
-58.00470 -31.68330
-58.00751 -31.68886
-58.00974 -31.69419
-58.01192 -31.69946
-58.01415 -31.70473
-58.01667 -31.71001
-58.01805 -31.71614
-58.02029 -31.72169
-58.02166 -31.72777
-58.02304 -31.73361
-58.02446 -31.73859
-58.02527 -31.74530
-58.02613 -31.75223
-58.02750 -31.75831
-58.02916 -31.76444
-58.03140 -31.76971
-58.03278 -31.77584
-58.03501 -31.78111
-58.03724 -31.78638
-58.04028 -31.79114
-58.04389 -31.79498
-58.04693 -31.79944
-58.05054 -31.80334
-58.05500 -31.80638
-58.05941 -31.80947
-58.06360 -31.81251
-58.06887 -31.81503
-58.07392 -31.81721
-58.07918 -31.81973
-58.08417 -31.82196
-58.08944 -31.82443
-58.09557 -31.82586
-58.10055 -31.82832
-58.10640 -31.82970
-58.11304 -31.83056
-58.11969 -31.83141
-58.12611 -31.83250
-58.13276 -31.83308
-58.13860 -31.83474
-58.14531 -31.83554
-58.15109 -31.83720
-58.15636 -31.83944
-58.16221 -31.84110
-58.16639 -31.84419
-58.17086 -31.84723
-58.17447 -31.85113
-58.17888 -31.85416
-58.18249 -31.85806
-58.18639 -31.86253
-58.19028 -31.86637
-58.19389 -31.87083
-58.19693 -31.87553
-58.20002 -31.88000
-58.20220 -31.88556
-58.20363 -31.89169
-58.20249 -31.89725
-58.20002 -31.90166
-58.19693 -31.90584
-58.19446 -31.91026
-58.19057 -31.91415
-58.18695 -31.91776
-58.18364 -31.92166
-58.18002 -31.92527
-58.17641 -31.92916
-58.17252 -31.93277
-58.16891 -31.93667
-58.16530 -31.94028
-58.16249 -31.94475
-58.16054 -31.94973
-58.15860 -31.95472
-58.15694 -31.95970
-58.15613 -31.96526
-58.15418 -31.97030
-58.15224 -31.97528
-58.15029 -31.98027
-58.14834 -31.98525
-58.14639 -31.99030
-58.14553 -31.99585
-58.14610 -32.00250
-58.14720 -32.00943
-58.14862 -32.01556
-58.14943 -32.02250
-58.15029 -32.02777
-58.15086 -32.03470
-58.15166 -32.04169
-58.15166 -32.04776
-58.15138 -32.05389
-58.15138 -32.06026
-58.15109 -32.06639
-58.15195 -32.07332
-58.15275 -32.08002
-58.15361 -32.08696
-58.15499 -32.09303
-58.15722 -32.09836
-58.16112 -32.10220
-58.16473 -32.10609
-58.16833 -32.10999
-58.17138 -32.11446
-58.17447 -32.11916
-58.17722 -32.12362
-58.17945 -32.12889
-58.18111 -32.13503
-58.18249 -32.14110
-58.18335 -32.14803
-58.18415 -32.15502
-58.18306 -32.16058
-58.18140 -32.16556
-58.17945 -32.17055
-58.17664 -32.17473
-58.17390 -32.17914
-58.17224 -32.18419
-58.16833 -32.18780
-58.16553 -32.19221
-58.16278 -32.19667
-58.15917 -32.20057
-58.15556 -32.20418
-58.15109 -32.20722
-58.14806 -32.21169
-58.14553 -32.21610
-58.14192 -32.21971
-58.13803 -32.22360
-58.13442 -32.22721
-58.13000 -32.23054
-58.12554 -32.23363
-58.12084 -32.23667
-58.11637 -32.23970
-58.11196 -32.24309
-58.10720 -32.24612
-58.10388 -32.25002
-58.10084 -32.25414
-58.09918 -32.25919
-58.09889 -32.26554
-58.09889 -32.27168
-58.09861 -32.27781
-58.09861 -32.28417
-58.09781 -32.28972
-58.09752 -32.29586
-58.09752 -32.30279
-58.09752 -32.30915
-58.09803 -32.31585
-58.09889 -32.32278
-58.10113 -32.32805
-58.10474 -32.33195
-58.10835 -32.33585
-58.11304 -32.33888
-58.11751 -32.34192
-58.12193 -32.34501
-58.12611 -32.34805
-58.13081 -32.35109
-58.13528 -32.35418
-58.13889 -32.35808
-58.14250 -32.36197
-58.14610 -32.36581
-58.15029 -32.36971
-58.15304 -32.37418
-58.15665 -32.37807
-58.15974 -32.38277
-58.16335 -32.38667
-58.16639 -32.39114
-58.17028 -32.39498
-58.17390 -32.39944
-58.17664 -32.40414
-58.18002 -32.40861
-58.18220 -32.41389
-58.18444 -32.41944
-58.18639 -32.42471
-58.18862 -32.42999
-58.19194 -32.43474
-58.19418 -32.44001
-58.19693 -32.44442
-58.20002 -32.44832
       NA        NA
-58.20002 -32.44832
-58.19807 -32.45336
-58.19807 -32.45972
-58.19859 -32.46637
-58.19859 -32.47279
-58.19779 -32.47834
-58.19664 -32.48390
-58.19469 -32.48888
-58.19280 -32.49387
-58.19114 -32.49891
-58.18834 -32.50390
-58.18639 -32.50888
-58.18444 -32.51387
-58.18249 -32.51891
-58.18083 -32.52389
-58.17888 -32.52888
-58.17693 -32.53386
-58.17613 -32.53942
-58.17498 -32.54498
-58.17418 -32.55053
-58.17224 -32.55581
-58.17028 -32.56056
-58.16833 -32.56555
-58.16639 -32.57053
-58.16387 -32.57500
-58.16112 -32.57947
-58.15831 -32.58360
-58.15556 -32.58806
-58.15361 -32.59305
-58.15166 -32.59803
-58.15058 -32.60359
-58.14972 -32.60943
-58.14972 -32.61556
-58.14862 -32.62112
-58.14748 -32.62668
-58.14748 -32.63304
-58.14639 -32.63860
-58.14553 -32.64415
-58.14444 -32.64972
-58.14359 -32.65556
-58.14250 -32.66111
-58.14169 -32.66668
-58.14055 -32.67223
-58.14140 -32.67916
-58.14026 -32.68472
-58.13946 -32.69028
-58.13917 -32.69641
-58.13917 -32.70277
-58.13803 -32.70833
-58.13803 -32.71446
-58.13803 -32.72082
-58.13780 -32.72695
-58.13780 -32.73331
-58.13831 -32.74001
-58.13917 -32.74694
-58.13917 -32.75307
-58.13917 -32.75943
-58.13803 -32.76499
-58.13803 -32.77113
-58.13694 -32.77668
-58.13614 -32.78252
-58.13499 -32.78809
-58.13305 -32.79307
-58.13195 -32.79863
-58.13000 -32.80361
-58.12806 -32.80859
-58.12554 -32.81306
-58.12279 -32.81725
-58.11918 -32.82108
-58.11609 -32.82555
-58.11167 -32.82859
-58.10777 -32.83220
-58.10359 -32.83558
-58.09889 -32.83862
-58.09414 -32.84165
-58.08973 -32.84497
-58.08417 -32.84750
-58.07970 -32.85054
-58.07529 -32.85443
-58.07168 -32.85804
-58.06778 -32.86193
-58.06417 -32.86554
-58.06056 -32.86916
-58.05753 -32.87363
-58.05500 -32.87804
-58.05305 -32.88308
-58.05111 -32.88807
-58.04945 -32.89305
-58.04750 -32.89803
-58.04641 -32.90359
-58.04612 -32.90972
-58.04526 -32.91557
-58.04526 -32.92164
-58.04498 -32.92777
-58.04555 -32.93470
-58.04778 -32.93997
-58.04945 -32.94610
-58.05168 -32.95138
-58.05392 -32.95693
-58.05610 -32.96221
-58.05941 -32.96667
-58.06137 -32.97223
-58.06389 -32.97808
-58.06612 -32.98363
-58.06916 -32.98804
-58.07140 -32.99332
-58.07363 -32.99859
-58.07581 -33.00415
-58.07752 -33.01028
-58.07804 -33.01692
-58.07918 -33.02391
-58.07775 -33.02947
-58.07695 -33.03503
-58.07861 -33.04110
-58.08165 -33.04586
-58.08445 -33.05027
-58.08778 -33.05502
-58.09139 -33.05886
-58.09500 -33.06247
-58.09947 -33.06585
-58.10388 -33.06889
-58.10835 -33.07193
-58.11276 -33.07502
-58.11751 -33.07806
-58.12193 -33.08109
-58.12554 -33.08499
-58.12943 -33.08889
-58.13390 -33.09192
-58.13751 -33.09582
-58.14221 -33.09891
-58.14639 -33.10195
-58.15166 -33.10447
-58.15636 -33.10751
-58.16140 -33.10974
-58.16668 -33.11192
-58.17252 -33.11364
-58.17831 -33.11530
-58.18444 -33.11696
-58.19057 -33.11834
-58.19664 -33.12000
-58.20306 -33.12086
-58.20971 -33.12166
-58.21807 -33.12109
-58.22528 -33.12109
-58.23360 -33.12057
-58.24168 -33.11971
-58.24889 -33.11834
-58.25692 -33.11776
-58.26529 -33.11725
-58.27336 -33.11639
-58.28167 -33.11581
-58.28975 -33.11501
-58.29805 -33.11444
-58.30614 -33.11387
-58.31358 -33.11387
-58.32029 -33.11473
-58.32693 -33.11553
-58.33444 -33.11553
-58.34028 -33.11725
-58.34641 -33.11862
-58.35083 -33.12194
-58.35529 -33.12498
-58.35919 -33.12859
-58.36194 -33.13335
-58.36360 -33.13862
-58.36498 -33.14475
-58.36664 -33.15082
-58.36750 -33.15775
-58.36750 -33.16388
-58.36641 -33.16973
-58.36612 -33.17586
-58.36526 -33.18136
-58.36360 -33.18641
-58.36251 -33.19196
-58.36136 -33.19752
-58.36028 -33.20336
-58.35942 -33.20887
-58.35833 -33.21442
-58.35747 -33.21998
-58.35747 -33.22639
-58.35724 -33.23252
-58.35804 -33.23946
-58.35891 -33.24611
-58.35776 -33.25166
-58.35581 -33.25694
-58.35220 -33.26054
-58.34973 -33.26501
-58.34750 -33.26862
-58.34641 -33.27418
-58.34750 -33.28111
-58.34888 -33.28696
-58.35025 -33.29303
-58.35140 -33.30002
-58.35277 -33.30609
-58.35363 -33.31308
-58.35529 -33.31916
-58.35804 -33.32362
-58.36028 -33.32890
-58.36360 -33.33360
-58.36721 -33.33720
-58.37111 -33.34110
-58.37558 -33.34414
-58.38136 -33.34586
-58.38669 -33.34803
-58.39196 -33.35056
-58.39638 -33.35359
-58.40027 -33.35749
-58.40331 -33.36196
-58.40554 -33.36723
-58.40691 -33.37336
-58.40944 -33.37886
-58.41167 -33.38419
-58.41420 -33.38946
-58.41637 -33.39473
-58.41780 -33.40086
-58.41946 -33.40693
-58.41637 -33.41140
-58.41391 -33.41582
-58.40640 -33.41696
-58.39918 -33.41833
-58.39362 -33.41943
-58.38887 -33.42252
-58.38612 -33.42693
-58.38331 -33.43140
-58.38057 -33.43581
-58.37970 -33.44137
-58.37947 -33.44750
-58.37947 -33.45386
-58.38084 -33.45999
-58.38251 -33.46612
-58.38474 -33.47139
-58.38778 -33.47586
-58.39082 -33.48056
-58.39443 -33.48417
-58.39832 -33.48807
-58.40221 -33.49196
-58.40612 -33.49586
-58.40972 -33.49970
-58.41362 -33.50331
-58.41637 -33.50806
-58.42027 -33.51196
-58.42336 -33.51637
-58.42640 -33.52112
-58.42863 -33.52640
-58.43167 -33.53081
-58.43390 -33.53637
-58.43557 -33.54250
-58.43694 -33.54863
-58.43860 -33.55447
-58.43860 -33.56083
-58.43860 -33.56696
-58.43860 -33.57332
-58.43637 -33.57831
-58.43637 -33.58443
-58.43442 -33.58942
-58.43361 -33.59498
-58.43167 -33.60002
-58.42972 -33.60501
-58.42777 -33.60999
-58.42611 -33.61497
-58.42502 -33.62053
-58.42416 -33.62638
-58.42279 -33.63194
-58.42387 -33.63864
-58.42359 -33.64500
-58.42525 -33.65113
-58.42668 -33.65691
-58.42835 -33.66304
-58.43138 -33.66780
-58.43390 -33.67308
-58.43665 -33.67777
-58.43831 -33.68390
-58.43917 -33.69055
-58.43889 -33.69697
-58.43809 -33.70252
-58.43694 -33.70808
-58.43613 -33.71364
-58.43499 -33.71914
-58.43419 -33.72498
-58.43304 -33.73054
-58.43304 -33.73667
-58.43224 -33.74223
-58.43195 -33.74859
-58.43195 -33.75472
-58.43247 -33.76165
-58.43247 -33.76778
-58.43247 -33.77414
-58.43247 -33.78027
-58.43247 -33.78640
-58.43138 -33.79225
-58.43224 -33.79889
-58.43110 -33.80445
-58.43110 -33.81081
-58.43081 -33.81694
-58.43081 -33.82336
-58.43081 -33.82943
-58.43001 -33.83499
-58.42892 -33.84055
-58.42697 -33.84554
-58.42502 -33.85057
-58.42308 -33.85556
-58.42027 -33.85997
-58.41832 -33.86501
-58.41557 -33.86943
-58.41442 -33.87498
-58.41276 -33.88003
-58.41248 -33.88610
-58.41167 -33.89166
-58.41167 -33.89808
-58.41058 -33.90363
-58.41030 -33.90970
-58.40944 -33.91555
-58.40778 -33.92053
-58.40583 -33.92558
-58.40279 -33.92970
-58.40055 -33.93193
-58.40055 -33.93136
-58.39695 -33.93503
-58.39225 -33.93835
-58.38778 -33.94139
-58.38308 -33.94442
-58.37947 -33.94832
-58.37472 -33.95142
-58.37111 -33.95525
-58.36641 -33.95835
-58.36194 -33.96167
-58.35724 -33.96471
-58.35168 -33.96723
-58.34613 -33.96975
-58.34056 -33.97221
-58.33501 -33.97474
-58.33025 -33.97806
-58.32499 -33.98058
-58.32029 -33.98362
-58.31553 -33.98665
-58.31169 -33.99055
-58.30808 -33.99416
-58.30447 -33.99805
-58.30086 -34.00167
-58.29777 -34.00613
-58.29611 -34.01112
-58.29416 -34.01611
-58.29221 -34.02109
-58.29141 -34.02665
-58.28946 -34.03169
-58.28637 -34.03610
-58.28276 -34.03971
-58.27915 -34.04361
-58.27336 -34.04613
-58.26889 -34.04916
-58.26419 -34.05220
-58.25944 -34.05558
-58.25502 -34.05862
-58.25113 -34.06251
-58.24861 -34.06664
-58.24666 -34.07168
-58.24363 -34.07609
-58.24082 -34.08056
-58.23806 -34.08474
-58.23446 -34.08864
-58.23085 -34.09225
-58.22775 -34.09666
-58.22500 -34.10113
-58.22111 -34.10474
-58.21859 -34.10915
-58.21555 -34.11362
-58.21360 -34.11861
-58.21085 -34.12307
-58.21057 -34.12915
-58.21057 -34.13528
-58.21136 -34.14221
-58.21223 -34.14914
-58.21114 -34.15470
-58.20861 -34.15917
-58.20277 -34.16169
-58.19664 -34.16364
-58.18919 -34.16473
-58.18169 -34.16610
-58.17361 -34.16668
-58.16610 -34.16805
-58.15860 -34.16914
-58.15029 -34.17000
-58.14307 -34.17109
-58.13470 -34.17195
-58.12669 -34.17252
-58.11918 -34.17390
-58.11196 -34.17498
-58.10554 -34.17693
-58.09889 -34.17888
-58.09362 -34.18140
-58.08887 -34.18444
-58.08331 -34.18696
-58.07970 -34.19085
-58.07558 -34.19447
-58.07363 -34.19945
-58.07196 -34.20443
-58.07082 -34.21028
-58.06973 -34.21584
-58.06887 -34.22139
-58.06583 -34.22580
-58.06222 -34.22942
-58.05862 -34.23331
-58.05305 -34.23583
-58.04750 -34.23835
-58.04166 -34.24082
-58.03638 -34.24334
-58.03168 -34.24637
-58.02613 -34.24890
-58.02137 -34.25193
-58.01748 -34.25583
-58.01307 -34.25972
-58.00917 -34.26333
-58.00665 -34.26780
-58.00304 -34.27141
-58.00000 -34.27583
-57.99697 -34.28029
-57.99335 -34.28390
-57.98975 -34.28780
-57.98585 -34.29141
-57.98109 -34.29445
-57.97749 -34.29834
-57.97279 -34.30138
-57.96917 -34.30527
-57.96442 -34.30832
-57.96167 -34.31278
-57.95778 -34.31639
-57.95416 -34.32029
-57.95055 -34.32390
-57.94666 -34.32751
-57.94276 -34.33140
-57.93835 -34.33444
-57.93446 -34.33834
-57.93165 -34.34251
-57.92804 -34.34641
-57.92500 -34.35083
-57.92110 -34.35443
-57.91750 -34.35833
-57.91388 -34.36194
-57.91085 -34.36641
-57.90724 -34.37002
-57.90414 -34.37443
-57.90140 -34.37890
-57.89859 -34.38308
-57.89664 -34.38807
-57.89584 -34.39363
-57.89389 -34.39861
-57.89194 -34.40359
-57.88999 -34.40863
-57.88805 -34.41362
-57.88610 -34.41861
-57.88415 -34.42359
-57.88191 -34.42863
-57.88003 -34.43362
-57.87917 -34.43917
-57.87722 -34.44416
-57.87527 -34.44915
-57.87223 -34.45362
-57.86862 -34.45722
-57.86307 -34.45975
-57.85636 -34.46169
-57.85195 -34.46473
-57.84806 -34.46862
-57.84719 -34.47419
-57.84696 -34.48026
-57.84696 -34.48668
-57.84387 -34.49086
-57.84026 -34.49469
-57.83361 -34.49527
-57.82668 -34.49447
-57.82084 -34.49281
-57.81556 -34.49028
-57.81001 -34.48805
-57.80502 -34.48553
-57.79889 -34.48415
-57.79276 -34.48249
-57.78749 -34.48003
-57.78136 -34.47859
-57.77471 -34.47779
-57.76778 -34.47665
-57.76027 -34.47665
-57.75277 -34.47665
-57.74527 -34.47636
-57.73862 -34.47556
-57.73169 -34.47470
-57.72556 -34.47304
-57.71942 -34.47137
-57.71364 -34.47000
-57.70665 -34.46914
-57.70058 -34.46748
-57.69444 -34.46582
-57.68860 -34.46416
-57.68195 -34.46336
-57.67502 -34.46249
-57.66832 -34.46169
-57.66225 -34.45998
-57.65525 -34.45860
-57.64947 -34.45694
-57.64333 -34.45528
-57.63721 -34.45362
-57.63194 -34.45138
-57.62609 -34.44972
-57.62001 -34.44806
-57.61389 -34.44582
-57.60775 -34.44416
-57.60168 -34.44250
-57.59584 -34.44084
-57.58891 -34.43998
-57.58197 -34.43917
-57.57447 -34.43917
-57.56610 -34.43975
-57.55888 -34.44084
-57.55333 -34.44336
-57.54943 -34.44720
-57.54473 -34.45029
-57.54112 -34.45390
-57.53723 -34.45779
-57.53253 -34.46083
-57.52697 -34.46336
-57.51946 -34.46444
-57.51276 -34.46358
-57.50692 -34.46221
-57.50142 -34.45975
-57.49528 -34.45808
-57.49030 -34.45585
-57.48503 -34.45333
-57.47947 -34.45109
-57.47443 -34.44863
-57.46887 -34.44611
-57.46360 -34.44387
-57.45776 -34.44221
-57.45031 -34.44221
-57.44446 -34.44473
-57.43999 -34.44777
-57.43335 -34.44972
-57.42613 -34.45081
-57.41776 -34.45138
-57.41083 -34.45058
-57.40418 -34.44972
-57.39748 -34.44892
-57.39141 -34.44720
-57.38448 -34.44640
-57.37834 -34.44473
-57.37192 -34.44387
-57.36499 -34.44307
-57.35749 -34.44416
-57.35112 -34.44611
-57.34557 -34.44863
-57.33807 -34.44972
-57.33056 -34.44972
-57.32305 -34.44943
-57.31555 -34.44943
-57.30775 -34.44915
-57.30031 -34.44915
-57.29303 -34.44892
-57.28529 -34.44892
-57.27779 -34.44863
-57.27028 -34.44863
-57.26278 -34.44834
-57.25499 -34.44834
-57.24696 -34.44892
-57.23917 -34.44863
-57.23252 -34.44777
-57.22473 -34.44777
-57.21751 -34.44748
-57.21001 -34.44748
-57.20250 -34.44720
-57.19471 -34.44697
-57.18640 -34.44777
-57.17999 -34.44943
-57.17529 -34.45253
-57.16973 -34.45499
-57.16417 -34.45751
-57.15753 -34.45946
-57.15025 -34.46055
-57.14194 -34.46112
-57.13363 -34.46192
-57.12613 -34.46169
-57.11776 -34.46221
-57.11140 -34.46416
-57.10470 -34.46610
-57.10109 -34.46972
-57.09725 -34.47332
-57.09335 -34.47722
-57.08974 -34.48083
-57.08665 -34.48530
-57.08304 -34.48891
-57.08000 -34.49332
-57.07720 -34.49750
-57.07336 -34.50140
-57.06946 -34.50501
-57.06556 -34.50891
-57.06195 -34.51251
-57.05806 -34.51612
-57.05525 -34.52053
-57.05336 -34.52558
-57.05027 -34.52971
-57.04832 -34.53474
-57.04637 -34.53973
-57.04442 -34.54471
-57.04248 -34.54970
-57.03944 -34.55417
-57.03554 -34.55778
-57.03113 -34.56081
-57.02918 -34.56110
-57.02362 -34.56362
-57.01807 -34.56586
-57.01251 -34.56832
-57.00609 -34.57027
-57.00053 -34.57279
-56.99498 -34.57525
-56.98919 -34.57777
-56.98363 -34.58001
-56.97887 -34.58305
-56.97418 -34.58637
-56.96942 -34.58946
-56.96558 -34.59307
-56.96192 -34.59697
-56.95808 -34.60058
-56.95332 -34.60361
-56.94943 -34.60722
-56.94473 -34.61055
-56.94083 -34.61415
-56.93636 -34.61719
-56.93058 -34.61972
-56.92611 -34.62275
-56.92026 -34.62527
-56.91585 -34.62831
-56.91195 -34.63192
-56.90720 -34.63530
-56.90416 -34.63942
-56.90141 -34.64389
-56.90027 -34.64945
-56.89918 -34.65501
-56.89723 -34.65999
-56.89333 -34.66360
-56.88778 -34.66612
-56.88142 -34.66807
-56.87391 -34.66916
-56.86641 -34.67025
-56.85999 -34.67220
-56.85529 -34.67529
-56.84973 -34.67775
-56.84475 -34.68085
-56.83999 -34.68388
-56.83558 -34.68692
-56.82973 -34.68945
-56.82332 -34.69139
-56.81667 -34.69305
-56.81026 -34.69500
-56.80361 -34.69666
-56.79725 -34.69861
-56.79083 -34.70056
-56.78418 -34.70222
-56.77748 -34.70417
-56.77112 -34.70583
-56.76471 -34.70778
-56.75806 -34.70973
-56.75142 -34.71139
-56.74419 -34.71247
-56.73749 -34.71442
-56.73027 -34.71557
-56.72363 -34.71752
-56.71640 -34.71861
-56.70861 -34.71970
-56.70139 -34.72113
-56.69389 -34.72222
-56.68753 -34.72417
-56.68002 -34.72525
-56.67252 -34.72640
-56.66501 -34.72777
-56.65779 -34.72886
-56.65109 -34.73058
-56.64387 -34.73196
-56.63722 -34.73362
-56.62971 -34.73499
-56.62336 -34.73666
-56.61665 -34.73917
-56.61110 -34.74164
-56.60554 -34.74416
-56.59975 -34.74668
-56.59528 -34.74972
-56.59138 -34.75333
-56.58749 -34.75694
-56.58279 -34.75997
-56.57889 -34.76387
-56.57414 -34.76696
-56.56944 -34.77000
-56.56388 -34.77252
-56.55638 -34.77361
-56.54973 -34.77419
-56.54222 -34.77390
-56.53472 -34.77361
-56.52779 -34.77275
-56.52108 -34.77195
-56.51415 -34.77086
-56.50722 -34.77000
-56.50057 -34.76914
-56.49364 -34.76805
-56.48693 -34.76725
-56.48029 -34.76639
-56.47278 -34.76610
-56.46585 -34.76668
-56.45943 -34.76834
-56.45388 -34.77086
-56.44889 -34.77390
-56.44723 -34.77390
-56.44247 -34.77693
-56.43692 -34.77946
-56.43142 -34.78192
-56.42471 -34.78364
-56.41835 -34.78553
-56.41165 -34.78748
-56.40414 -34.78862
-56.39612 -34.78914
-56.38833 -34.79028
-56.38111 -34.79137
-56.37360 -34.79252
-56.36724 -34.79446
-56.36581 -34.79859
-56.37028 -34.80169
-56.37555 -34.80415
-56.38083 -34.80667
-56.38696 -34.80833
-56.39280 -34.80999
-56.39807 -34.81223
-56.40363 -34.81475
-56.40724 -34.81859
-56.41027 -34.82335
-56.41417 -34.82724
-56.41778 -34.83114
-56.42225 -34.83417
-56.42609 -34.83807
-56.42557 -34.84305
-56.42001 -34.84529
-56.41331 -34.84724
-56.40609 -34.84832
-56.40030 -34.85085
-56.39475 -34.85331
-56.38999 -34.85640
-56.38529 -34.85944
-56.38139 -34.86305
-56.37664 -34.86609
-56.37280 -34.86998
-56.36805 -34.87308
-56.36220 -34.87525
-56.35664 -34.87777
-56.35028 -34.88029
-56.34473 -34.88276
-56.34083 -34.88637
-56.33693 -34.88998
-56.33390 -34.89445
-56.33109 -34.89886
-56.32805 -34.90304
-56.32531 -34.90751
-56.32026 -34.91055
-56.31304 -34.91169
-56.30611 -34.91084
-56.30084 -34.90831
-56.29391 -34.90751
-56.28554 -34.90780
-56.27998 -34.91026
-56.27334 -34.91221
-56.26612 -34.91336
-56.25998 -34.91169
-56.25558 -34.90860
-56.25111 -34.90528
-56.24669 -34.90224
-56.24280 -34.89834
-56.23833 -34.89502
-56.23363 -34.89193
-56.22779 -34.89027
-56.22086 -34.88947
-56.21335 -34.89055
-56.20859 -34.89359
-56.20390 -34.89668
-56.20280 -34.90224
-56.20584 -34.90694
-56.20859 -34.91169
-56.21083 -34.91697
-56.20693 -34.92057
-56.19942 -34.92029
-56.19249 -34.91943
-56.18499 -34.91914
-56.18224 -34.92361
-56.18029 -34.92860
-56.17639 -34.93221
-56.16860 -34.93192
-56.16253 -34.93026
-56.15834 -34.92722
-56.15279 -34.92470
-56.14780 -34.92223
-56.14224 -34.92000
-56.13611 -34.91806
-56.13084 -34.91582
-56.12420 -34.91473
-56.11806 -34.91307
-56.11193 -34.91140
-56.10586 -34.90974
-56.09916 -34.90889
-56.09332 -34.90723
-56.08724 -34.90556
-56.08111 -34.90390
-56.07526 -34.90224
-56.06919 -34.90058
-56.06306 -34.89863
-56.05693 -34.89697
-56.05000 -34.89611
-56.04416 -34.89445
-56.03722 -34.89336
-56.03138 -34.89164
-56.02444 -34.89083
-56.01917 -34.88832
-56.01304 -34.88666
-56.00777 -34.88442
-56.00279 -34.88196
-55.99723 -34.87944
-55.99304 -34.87640
-55.98749 -34.87388
-55.98307 -34.87056
-55.97781 -34.86832
-55.97276 -34.86586
-55.96807 -34.86276
-55.96360 -34.85944
-55.95832 -34.85692
-55.95391 -34.85388
-55.94944 -34.85085
-55.94474 -34.84752
-55.94056 -34.84443
-55.93581 -34.84111
-55.93053 -34.83887
-55.92612 -34.83554
-55.92085 -34.83331
-55.91558 -34.83085
-55.91025 -34.82833
-55.90418 -34.82667
-55.89668 -34.82638
-55.89003 -34.82558
-55.88223 -34.82529
-55.87553 -34.82443
-55.86975 -34.82248
-55.86419 -34.82031
-55.85915 -34.81779
-55.85387 -34.81526
-55.84860 -34.81280
-55.84333 -34.81057
-55.83777 -34.80804
-55.83279 -34.80558
-55.82752 -34.80306
-55.82225 -34.80082
-55.81692 -34.79831
-55.81165 -34.79584
-55.80557 -34.79418
-55.79973 -34.79252
-55.79360 -34.79086
-55.78753 -34.78891
-55.78002 -34.78891
-55.77251 -34.78862
-55.76415 -34.78914
-55.75665 -34.78891
-55.74834 -34.78942
-55.74083 -34.78914
-55.73527 -34.78667
-55.73029 -34.78415
-55.72416 -34.78249
-55.71888 -34.77997
-55.71275 -34.77831
-55.70668 -34.77665
-55.69998 -34.77585
-55.69333 -34.77470
-55.68554 -34.77447
-55.67889 -34.77499
-55.67167 -34.77613
-55.66503 -34.77779
-55.65833 -34.77974
-55.65197 -34.78140
-55.64446 -34.78249
-55.63609 -34.78307
-55.62836 -34.78278
-55.62194 -34.78169
-55.61501 -34.78083
-55.60750 -34.78054
-55.59971 -34.78169
-55.59249 -34.78278
-55.58693 -34.78530
-55.58028 -34.78696
-55.57364 -34.78891
-55.56808 -34.79108
-55.56252 -34.79361
-55.55668 -34.79613
-55.55112 -34.79831
-55.54528 -34.80082
-55.53972 -34.80335
-55.53336 -34.80558
-55.52586 -34.80667
-55.51915 -34.80581
-55.51308 -34.80415
-55.50529 -34.80386
-55.49887 -34.80558
-55.49222 -34.80747
-55.48391 -34.80776
-55.47555 -34.80833
-55.46804 -34.80804
-55.46111 -34.80724
-55.45447 -34.80610
-55.44748 -34.80529
-55.44083 -34.80415
-55.43332 -34.80386
-55.42473 -34.80444
-55.41751 -34.80415
-55.40892 -34.80472
-55.40141 -34.80444
-55.39419 -34.80558
-55.38554 -34.80610
-55.37803 -34.80724
-55.37167 -34.80891
-55.36502 -34.81057
-55.35947 -34.81303
-55.35391 -34.81555
-55.34778 -34.81779
-55.34331 -34.82082
-55.33861 -34.82392
-55.33363 -34.82695
-55.33082 -34.83114
-55.32693 -34.83475
-55.32303 -34.83858
-55.31919 -34.84225
-55.31530 -34.84586
-55.30945 -34.84832
-55.30470 -34.85136
-55.30166 -34.85555
-55.30137 -34.86168
-55.29747 -34.86557
-55.29111 -34.86723
-55.28613 -34.87027
-55.28332 -34.87474
-55.28304 -34.88081
-55.28332 -34.88780
-55.28223 -34.89336
-55.27668 -34.89553
-55.26917 -34.89668
-55.26447 -34.89972
-55.26058 -34.90333
-55.25668 -34.90723
-55.24889 -34.90803
-55.24081 -34.90860
-55.23307 -34.90831
-55.22694 -34.90665
-55.22029 -34.90556
-55.21359 -34.90471
-55.20752 -34.90304
-55.20139 -34.90110
-55.19555 -34.89943
-55.18947 -34.89777
-55.18248 -34.89611
-55.17641 -34.89445
-55.17057 -34.89250
-55.16386 -34.89164
-55.15693 -34.89055
-55.15028 -34.88975
-55.14415 -34.88803
-55.13722 -34.88694
-55.13000 -34.88666
-55.12307 -34.88557
-55.11556 -34.88528
-55.10777 -34.88499
-55.10026 -34.88470
-55.09167 -34.88528
-55.08359 -34.88585
-55.07608 -34.88694
-55.06863 -34.88803
-55.06193 -34.88975
-55.05557 -34.89141
-55.04972 -34.89388
-55.04417 -34.89611
-55.03947 -34.89915
-55.03724 -34.90419
-55.03753 -34.90889
-55.03833 -34.90889
-55.03918 -34.91582
-55.03695 -34.92086
-55.03305 -34.92447
-55.02526 -34.92418
-55.01862 -34.92304
-55.01111 -34.92275
-55.00332 -34.92252
-54.99696 -34.92447
-54.99026 -34.92613
-54.98361 -34.92780
-54.97805 -34.93026
-54.97249 -34.93249
-54.96665 -34.93501
-54.96086 -34.93725
-54.95610 -34.94028
-54.95307 -34.94447
-54.95026 -34.94888
-54.95055 -34.95581
-54.95278 -34.96114
-54.95473 -34.96641
-54.95554 -34.97335
-54.95250 -34.97775
-54.94499 -34.97861
-54.94058 -34.97558
-54.93611 -34.97220
-54.93250 -34.96836
-54.92860 -34.96446
-54.92500 -34.96057
-54.92059 -34.95747
-54.91611 -34.95415
-54.91164 -34.95111
-54.90638 -34.94831
-54.90110 -34.94613
-54.89612 -34.94361
-54.88998 -34.94166
-54.88472 -34.93943
-54.87859 -34.93748
-54.87331 -34.93501
-54.86753 -34.93335
-54.86140 -34.93169
-54.85555 -34.93003
-54.84862 -34.92888
-54.84249 -34.92722
-54.83641 -34.92527
-54.83057 -34.92361
-54.82364 -34.92252
-54.81751 -34.92086
-54.81252 -34.91834
-54.80639 -34.91668
-54.80141 -34.91416
-54.79585 -34.91169
-54.79081 -34.90917
-54.78554 -34.90665
-54.78027 -34.90419
-54.77528 -34.90166
-54.77058 -34.89863
-54.76525 -34.89611
-54.76027 -34.89359
-54.75500 -34.89112
-54.74973 -34.88860
-54.74445 -34.88614
-54.73919 -34.88362
-54.73414 -34.88138
-54.72887 -34.87886
-54.72446 -34.87554
-54.71890 -34.87308
-54.71392 -34.87056
-54.70859 -34.86803
-54.70332 -34.86557
-54.69833 -34.86305
-54.69220 -34.86081
-54.68613 -34.85887
-54.67914 -34.85807
-54.67249 -34.85692
-54.66499 -34.85669
-54.65748 -34.85640
-54.64889 -34.85669
-54.64138 -34.85640
-54.63554 -34.85474
-54.62946 -34.85308
-54.62500 -34.84970
-54.62058 -34.84666
-54.61611 -34.84334
-54.61250 -34.83944
-54.60775 -34.83612
-54.60420 -34.83222
-54.59915 -34.82970
-54.59388 -34.82724
-54.58861 -34.82472
-54.58277 -34.82306
-54.57669 -34.82139
-54.57165 -34.81887
-54.56558 -34.81693
-54.55945 -34.81526
-54.55332 -34.81360
-54.54833 -34.81114
-54.54220 -34.80919
-54.53613 -34.80747
-54.53028 -34.80581
-54.52415 -34.80386
-54.51831 -34.80220
-54.51304 -34.79974
-54.50697 -34.79808
-54.50169 -34.79556
-54.49665 -34.79303
-54.49138 -34.79057
-54.48611 -34.78805
-54.48083 -34.78553
-54.47585 -34.78307
-54.47058 -34.78054
-54.46445 -34.77808
-54.45918 -34.77556
-54.45305 -34.77390
-54.44807 -34.77138
-54.44279 -34.76891
-54.43752 -34.76639
-54.43248 -34.76387
-54.42721 -34.76141
-54.42194 -34.75889
-54.41667 -34.75636
-54.41168 -34.75390
-54.40555 -34.75224
-54.40028 -34.74972
-54.39501 -34.74720
-54.39002 -34.74474
-54.38469 -34.74221
-54.37943 -34.73975
-54.37415 -34.73723
-54.36831 -34.73557
-54.36304 -34.73304
-54.35696 -34.73110
-54.35112 -34.72943
-54.34499 -34.72777
-54.33915 -34.72583
-54.33387 -34.72330
-54.32946 -34.72027
-54.32499 -34.71695
-54.32058 -34.71362
-54.31611 -34.71053
-54.31027 -34.70887
-54.30413 -34.70692
-54.29915 -34.70445
-54.29308 -34.70279
-54.28775 -34.70027
-54.28277 -34.69775
-54.27916 -34.69391
-54.27692 -34.68835
-54.27669 -34.68280
-54.27778 -34.67862
-54.28001 -34.67392
-54.28391 -34.67002
-54.28724 -34.66584
-54.28999 -34.66166
-54.29388 -34.65805
-54.29692 -34.65363
-54.30081 -34.65002
-54.30557 -34.64693
-54.31141 -34.64470
-54.31777 -34.64303
-54.32471 -34.64389
-54.32419 -34.65025
-54.32391 -34.65638
-54.32585 -34.66194
-54.33164 -34.65942
-54.33640 -34.65638
-54.33972 -34.65220
-54.34253 -34.64808
-54.34585 -34.64361
-54.34499 -34.63667
-54.34304 -34.63140
-54.33863 -34.62831
-54.33250 -34.62636
-54.32751 -34.62389
-54.32304 -34.62086
-54.31944 -34.61668
-54.31503 -34.61359
-54.31055 -34.61026
-54.30557 -34.60780
-54.30001 -34.60528
-54.29417 -34.60361
-54.28804 -34.60167
-54.28363 -34.59863
-54.28168 -34.59307
-54.28225 -34.58832
-54.28609 -34.58471
-54.29084 -34.58167
-54.29669 -34.57915
-54.30225 -34.57697
-54.30780 -34.57474
-54.31359 -34.57222
-54.31944 -34.56998
-54.32499 -34.56752
-54.32557 -34.56276
-54.31944 -34.56110
-54.31113 -34.56139
-54.30557 -34.56247
-54.29944 -34.56471
-54.29388 -34.56694
-54.28918 -34.56998
-54.28529 -34.57359
-54.28053 -34.57669
-54.27497 -34.57887
-54.26804 -34.57806
-54.26197 -34.57611
-54.25360 -34.57669
-54.24805 -34.57887
-54.24249 -34.58138
-54.24025 -34.58614
-54.23888 -34.59193
-54.24083 -34.59719
-54.24529 -34.60058
-54.24971 -34.60361
-54.25280 -34.60831
-54.25475 -34.61359
-54.25446 -34.62000
-54.25303 -34.62556
-54.25166 -34.63111
-54.25057 -34.63667
-54.24862 -34.64166
-54.24638 -34.64642
-54.24306 -34.65083
-54.24025 -34.65501
-54.23693 -34.65942
-54.23418 -34.66360
-54.23613 -34.66779
-54.24197 -34.66945
-54.24638 -34.67248
-54.25166 -34.67529
-54.25526 -34.67918
-54.25807 -34.68388
-54.25693 -34.68945
-54.25028 -34.69110
-54.24501 -34.68858
-54.24002 -34.68612
-54.23470 -34.68360
-54.22942 -34.68114
-54.22335 -34.67918
-54.21665 -34.67833
-54.20914 -34.67804
-54.20169 -34.67752
-54.19419 -34.67724
-54.18639 -34.67695
-54.17889 -34.67667
-54.17138 -34.67638
-54.16445 -34.67529
-54.15804 -34.67414
-54.15110 -34.67306
-54.14503 -34.67139
-54.14056 -34.66807
-54.13861 -34.66280
-54.13890 -34.65638
-54.14113 -34.65168
-54.14331 -34.64664
-54.14388 -34.64057
-54.14084 -34.63581
-54.13723 -34.63192
-54.13363 -34.62779
-54.13001 -34.62389
-54.12555 -34.62057
-54.12114 -34.61748
-54.11753 -34.61359
-54.11391 -34.60946
-54.10973 -34.60637
-54.10583 -34.60224
-54.10165 -34.59915
-54.09776 -34.59525
-54.09363 -34.59193
-54.08916 -34.58860
-54.08470 -34.58556
-54.08028 -34.58224
-54.07501 -34.57972
-54.07055 -34.57640
-54.06613 -34.57336
-54.06166 -34.56998
-54.05805 -34.56609
-54.05359 -34.56276
-54.04946 -34.55973
-54.04585 -34.55583
-54.04138 -34.55251
-54.03777 -34.54861
-54.03416 -34.54443
-54.02975 -34.54139
-54.02614 -34.53721
-54.02167 -34.53417
-54.01806 -34.52999
-54.01445 -34.52609
-54.00998 -34.52306
-54.00637 -34.51888
-54.00196 -34.51584
-53.99749 -34.51251
-53.99417 -34.50862
-53.98970 -34.50529
-53.98890 -34.50386
-53.98443 -34.50082
-53.98001 -34.49750
-53.97555 -34.49418
-53.97056 -34.49166
-53.96581 -34.48862
-53.96053 -34.48610
-53.95555 -34.48364
-53.95114 -34.48026
-53.94610 -34.47779
-53.94168 -34.47447
-53.93641 -34.47195
-53.93223 -34.46891
-53.92776 -34.46553
-53.92249 -34.46307
-53.91808 -34.45975
-53.91361 -34.45665
-53.90834 -34.45419
-53.90416 -34.45081
-53.89888 -34.44834
-53.89390 -34.44582
-53.88834 -34.44336
-53.88336 -34.44084
-53.87803 -34.43832
-53.87305 -34.43585
-53.86806 -34.43333
-53.86250 -34.43081
-53.85752 -34.42835
-53.85225 -34.42583
-53.84720 -34.42307
-53.84193 -34.42056
-53.83586 -34.41890
-53.83082 -34.41637
-53.82555 -34.41391
-53.81942 -34.41196
-53.81363 -34.41030
-53.80750 -34.40835
-53.80165 -34.40669
-53.79581 -34.40503
-53.79082 -34.40250
-53.78527 -34.39970
-53.78028 -34.39724
-53.77581 -34.39414
-53.77140 -34.39082
-53.76808 -34.38692
-53.76447 -34.38308
-53.76086 -34.37890
-53.75943 -34.37277
-53.76086 -34.36721
-53.76470 -34.36361
-53.76859 -34.35999
-53.77278 -34.35638
-53.77553 -34.35220
-53.77776 -34.34721
-53.77834 -34.34085
-53.77696 -34.33472
-53.77581 -34.32859
-53.77306 -34.32390
-53.77003 -34.31943
-53.76722 -34.31473
-53.76447 -34.30997
-53.76303 -34.30390
-53.76195 -34.29777
-53.76086 -34.29141
-53.75943 -34.28528
-53.75834 -34.27915
-53.75696 -34.27308
-53.75502 -34.26780
-53.75307 -34.26225
-53.75026 -34.25749
-53.74722 -34.25279
-53.74390 -34.24890
-53.74029 -34.24500
-53.73668 -34.24110
-53.73307 -34.23692
-53.72946 -34.23308
-53.72665 -34.22833
-53.72390 -34.22363
-53.72081 -34.21887
-53.71835 -34.21418
-53.71525 -34.20971
-53.71164 -34.20558
-53.70832 -34.20168
-53.70528 -34.19693
-53.70196 -34.19304
-53.69749 -34.18971
-53.69388 -34.18581
-53.68947 -34.18249
-53.68500 -34.17859
-53.68053 -34.17527
-53.67640 -34.17224
-53.67113 -34.16971
-53.66666 -34.16639
-53.66168 -34.16387
-53.65641 -34.16141
-53.65223 -34.15808
-53.64776 -34.15470
-53.64249 -34.15224
-53.63807 -34.14914
-53.63446 -34.14502
-53.63028 -34.14192
-53.62667 -34.13780
-53.62220 -34.13471
-53.61860 -34.13058
-53.61527 -34.12669
-53.61166 -34.12279
-53.60891 -34.11803
-53.60530 -34.11419
-53.60221 -34.10944
-53.59888 -34.10526
-53.59528 -34.10136
-53.59167 -34.09752
-53.58748 -34.09414
-53.58307 -34.09082
-53.57860 -34.08778
-53.57419 -34.08446
-53.56834 -34.08251
-53.56308 -34.07999
-53.55723 -34.07753
-53.55196 -34.07500
-53.54692 -34.07248
-53.54165 -34.07002
-53.53723 -34.06612
-53.53442 -34.06137
-53.53168 -34.05667
-53.53053 -34.05054
-53.52916 -34.04446
-53.52887 -34.03748
-53.52835 -34.03083
-53.52806 -34.02390
-53.52749 -34.01696
-53.52721 -34.00998
-53.52583 -34.00390
-53.52388 -33.99863
-53.52113 -33.99387
-53.51833 -33.98917
-53.51558 -33.98442
-53.51277 -33.97972
-53.51082 -33.97445
-53.50887 -33.96889
-53.50669 -33.96362
-53.50555 -33.95749
-53.50331 -33.95113
-53.50303 -33.94442
-53.50166 -33.93835
-53.50137 -33.93136
-53.50114 -33.92443
-53.50056 -33.91778
-53.49999 -33.91085
-53.49890 -33.90472
-53.49833 -33.89779
-53.49638 -33.89223
-53.49443 -33.88696
-53.49249 -33.88169
-53.49054 -33.87613
-53.48916 -33.87000
-53.48641 -33.86530
-53.48447 -33.85975
-53.48252 -33.85441
-53.47971 -33.84972
-53.47747 -33.84444
-53.47472 -33.83974
-53.47220 -33.83499
-53.46917 -33.83029
-53.46664 -33.82554
-53.46390 -33.82084
-53.46029 -33.81694
-53.45748 -33.81224
-53.45387 -33.80835
-53.45026 -33.80417
-53.44665 -33.80027
-53.44304 -33.79609
-53.43972 -33.79225
-53.43531 -33.78887
-53.43169 -33.78497
-53.42831 -33.78113
-53.42442 -33.77724
-53.42029 -33.77391
-53.41668 -33.76973
-53.41222 -33.76669
-53.40803 -33.76332
-53.40362 -33.75999
-53.39915 -33.75695
-53.39417 -33.75443
-53.38998 -33.75111
-53.38471 -33.74859
-53.37973 -33.74584
