-61.16336  13.14359
-61.16502  13.13832
-61.16806  13.13443
-61.17304  13.13248
-61.17860  13.13139
-61.18444  13.13030
-61.19057  13.13110
-61.19470  13.13414
-61.19808  13.13775
-61.20278  13.13998
-61.20696  13.14279
-61.21275  13.14445
-61.21945  13.14503
-61.22364  13.14778
-61.22696  13.15139
-61.23108  13.15419
-61.23664  13.15586
-61.24363  13.15609
-61.24638  13.16055
-61.24804  13.16525
-61.25085  13.16943
-61.25331  13.17390
-61.25835  13.17614
-61.26305  13.17832
-61.26558  13.18250
-61.26695  13.18806
-61.26861  13.19275
-61.27113  13.19722
-61.27474  13.20083
-61.27887  13.20358
-61.28139  13.20777
-61.28030  13.21390
-61.27915  13.22003
-61.27835  13.22610
-61.27721  13.23223
-61.27778  13.23859
-61.27835  13.24472
-61.27807  13.25028
-61.27503  13.25418
-61.27193  13.25807
-61.26947  13.26277
-61.26723  13.26753
-61.26558  13.27308
-61.26609  13.27916
-61.26586  13.28586
-61.26082  13.28775
-61.25497  13.28752
-61.24890  13.28804
-61.24443  13.29056
-61.24139  13.29445
-61.23836  13.29835
-61.23693  13.30391
-61.23446  13.30861
-61.23280  13.31388
-61.23086  13.31944
-61.22890  13.32419
-61.22581  13.32803
-61.22335  13.33279
-61.22168  13.33806
-61.22083  13.34419
-61.21859  13.34888
-61.21664  13.35444
-61.21390  13.35834
-61.21137  13.36304
-61.20891  13.36779
-61.20530  13.37083
-61.20054  13.37278
-61.19613  13.37530
-61.19167  13.37776
-61.18668  13.37971
-61.18250  13.38223
-61.17723  13.38418
-61.17253  13.38303
-61.16835  13.38028
-61.16445  13.37725
-61.15803  13.37639
-61.15224  13.37610
-61.14749  13.37805
-61.14388  13.37833
-61.14113  13.37415
-61.13947  13.36945
-61.13752  13.36447
-61.13695  13.35834
-61.13609  13.35278
-61.13414  13.34780
-61.13053  13.34442
-61.12806  13.34000
-61.12554  13.33582
-61.12360  13.33112
-61.12222  13.32557
-61.12194  13.31915
-61.12084  13.31388
-61.12028  13.30752
-61.12084  13.30081
-61.12113  13.29388
-61.12194  13.28775
-61.12222  13.28082
-61.12331  13.27474
-61.12388  13.26804
-61.12388  13.26111
-61.12360  13.25498
-61.12331  13.24890
-61.12417  13.24277
-61.12611  13.23722
-61.12692  13.23109
-61.12835  13.22581
-61.13002  13.22026
-61.13247  13.21556
-61.13414  13.21029
-61.13586  13.20473
-61.13803  13.19997
-61.13998  13.19470
-61.14165  13.18943
-61.14307  13.18387
-61.14474  13.17860
-61.14640  13.17304
-61.14806  13.16777
-61.14777  13.16164
-61.15030  13.15694
-61.15499  13.15500
-61.15946  13.15248
-61.16164  13.14778
-61.16336  13.14359
