-65.01306  18.36582
-65.00917  18.36530
-65.00447  18.36611
-65.00057  18.36777
-64.99667  18.37057
-64.99192  18.37275
-64.98722  18.37499
-64.98195  18.37636
-64.97668  18.37779
-64.96946  18.37693
-64.96304  18.37556
-64.95668  18.37527
-64.94998  18.37527
-64.94500  18.37252
-64.94052  18.36971
-64.93640  18.36668
-64.93085  18.36444
-64.92558  18.36250
-64.92334  18.36639
-64.92637  18.37029
-64.93056  18.37332
-64.93359  18.37722
-64.93668  18.38112
-64.93973  18.38501
-64.93864  18.38834
-64.93307  18.38639
-64.92918  18.38306
-64.92500  18.37974
-64.92225  18.37584
-64.91835  18.37252
-64.91446  18.36943
-64.90947  18.36668
-64.90392  18.36473
-64.89750  18.36307
-64.89028  18.36221
-64.88580  18.35946
-64.88168  18.35613
-64.87693  18.35361
-64.87303  18.35029
-64.86805  18.34748
-64.86278  18.34554
-64.85722  18.34336
-64.85252  18.34084
-64.84696  18.33860
-64.84221  18.33528
-64.83831  18.33224
-64.83442  18.32886
-64.83195  18.32445
-64.83304  18.31752
-64.83585  18.31305
-64.84169  18.31248
-64.84805  18.31391
-64.85390  18.31609
-64.85831  18.31861
-64.86220  18.32193
-64.86696  18.31970
-64.86913  18.31442
-64.87280  18.31082
-64.87807  18.31053
-64.88248  18.31334
-64.88638  18.31666
-64.89360  18.31752
-64.90031  18.31780
-64.90609  18.31832
-64.90999  18.32164
-64.91308  18.32554
-64.91612  18.32944
-64.91915  18.33333
-64.92305  18.33637
-64.92861  18.33860
-64.93526  18.33860
-64.94052  18.33723
-64.94528  18.33499
-64.95055  18.33362
-64.95668  18.33305
-64.96224  18.33528
-64.96613  18.33832
-64.96998  18.34164
-64.97473  18.34445
-64.97943  18.34697
-64.98585  18.34863
-64.99306  18.34943
-64.99891  18.34892
-65.00527  18.34892
-65.01197  18.34915
-65.01833  18.35058
-65.02223  18.35390
-65.02612  18.35694
-65.02692  18.36278
-65.02418  18.36719
-65.01833  18.36639
-65.01306  18.36582
       NA        NA
-64.64030  18.44500
-64.63503  18.44277
-64.62861  18.44139
-64.62391  18.44363
-64.62002  18.44637
-64.61583  18.44947
-64.61165  18.45251
-64.60587  18.45308
-64.59836  18.45222
-64.59389  18.44947
-64.58776  18.44999
-64.58414  18.45388
-64.58025  18.45669
-64.57498  18.45806
-64.56776  18.45720
-64.56220  18.45526
-64.55830  18.45193
-64.55693  18.44695
-64.55693  18.44053
-64.55974  18.43612
-64.56277  18.43165
-64.56191  18.42581
-64.56364  18.42140
-64.56747  18.41836
-64.57223  18.41612
-64.57693  18.41389
-64.58363  18.41418
-64.58971  18.41555
-64.59446  18.41836
-64.59944  18.42111
-64.60471  18.42306
-64.60889  18.42031
-64.61308  18.41721
-64.61027  18.41418
-64.60999  18.40862
-64.61388  18.40558
-64.62030  18.40581
-64.62637  18.40501
-64.63113  18.40277
-64.63503  18.40002
-64.63914  18.39693
-64.64333  18.39418
-64.64803  18.39194
-64.65221  18.38891
-64.65611  18.38581
-64.66080  18.38387
-64.66723  18.38387
-64.67387  18.38553
-64.67915  18.38748
-64.68556  18.38891
-64.69278  18.39000
-64.69913  18.39137
-64.70029  18.39556
-64.69724  18.40025
-64.69386  18.40249
-64.68917  18.40472
-64.68447  18.40696
-64.68000  18.40919
-64.67582  18.41194
-64.67193  18.41498
-64.66831  18.41887
-64.66831  18.42500
-64.66831  18.42833
-64.66361  18.43056
-64.65891  18.43280
-64.65553  18.43641
-64.65250  18.44110
-64.64751  18.44248
-64.64030  18.44500
       NA        NA
-64.40722  18.74197
-64.40137  18.74110
-64.39610  18.74248
-64.38997  18.74334
-64.38419  18.74391
-64.37777  18.74363
-64.37112  18.74363
-64.36442  18.74334
-64.35720  18.74248
-64.35141  18.74305
-64.34586  18.74443
-64.34052  18.74580
-64.33525  18.74724
-64.32969  18.74861
-64.32362  18.74861
-64.31698  18.74833
-64.31136  18.74609
-64.30804  18.74248
-64.30500  18.73858
-64.30111  18.73526
-64.29641  18.73251
-64.29251  18.72919
-64.28752  18.72667
-64.28306  18.72392
-64.27836  18.72111
-64.27526  18.71721
-64.27194  18.71332
-64.26971  18.70891
-64.26919  18.70335
-64.27000  18.69641
-64.27526  18.69498
-64.27807  18.69195
-64.28306  18.69332
-64.28752  18.69664
-64.29136  18.70003
-64.29527  18.70335
-64.29865  18.70724
-64.30248  18.71057
-64.30637  18.71360
-64.31113  18.71641
-64.31583  18.71916
-64.32225  18.72054
-64.32861  18.72220
-64.33503  18.72363
-64.34167  18.72392
-64.34803  18.72392
-64.35387  18.72334
-64.36058  18.72363
-64.36723  18.72363
-64.37444  18.72443
-64.38109  18.72472
-64.38808  18.72558
-64.39444  18.72724
-64.40028  18.72919
-64.40418  18.73251
-64.40807  18.73583
-64.40722  18.74197
       NA        NA
-64.73197  18.37195
-64.72693  18.36943
-64.72108  18.37000
-64.71530  18.37057
-64.70859  18.37057
-64.70470  18.36719
-64.70086  18.36387
-64.69530  18.36192
-64.68831  18.36083
-64.68447  18.35780
-64.67944  18.35499
-64.67474  18.35224
-64.66831  18.35081
-64.66442  18.34748
-64.66138  18.34359
-64.65835  18.33975
-64.66109  18.33528
-64.66528  18.33224
-64.67026  18.33081
-64.67531  18.33362
-64.67748  18.33803
-64.68253  18.33946
-64.68860  18.34084
-64.69192  18.34473
-64.69335  18.34972
-64.69805  18.35253
-64.70223  18.34943
-64.70137  18.34525
-64.70000  18.34027
-64.69834  18.33528
-64.69862  18.32886
-64.70057  18.32359
-64.70223  18.31752
-64.70304  18.31225
-64.70447  18.30749
-64.71026  18.30835
-64.71472  18.31082
-64.71804  18.31471
-64.72195  18.31803
-64.72779  18.31752
-64.73363  18.31803
-64.73753  18.32141
-64.74251  18.32279
-64.74693  18.32055
-64.75197  18.31832
-64.75695  18.31695
-64.76250  18.31557
-64.76916  18.31586
-64.77471  18.31780
-64.77861  18.32113
-64.78330  18.32359
-64.78806  18.32640
-64.79029  18.33081
-64.79002  18.33694
-64.78611  18.33998
-64.78194  18.34307
-64.77724  18.34525
-64.77196  18.34668
-64.76720  18.34892
-64.76279  18.35081
-64.75804  18.35304
-64.75305  18.35528
-64.74915  18.35831
-64.74641  18.36335
-64.74418  18.36863
-64.73919  18.37086
-64.73363  18.37000
-64.73197  18.37195
       NA        NA
-64.86198  17.77086
-64.85779  17.76891
-64.85390  17.76696
-64.84971  17.76387
-64.84444  17.76169
-64.83808  17.76026
-64.83195  17.76083
-64.82697  17.76221
-64.82278  17.76530
-64.81860  17.76805
-64.81557  17.77195
-64.81138  17.77470
-64.80777  17.77859
-64.80444  17.78220
-64.80026  17.78530
-64.79694  17.78891
-64.79224  17.79108
-64.78692  17.79252
-64.77970  17.79166
-64.77333  17.79000
-64.76944  17.78696
-64.76640  17.78306
-64.76417  17.77859
-64.76193  17.77418
-64.75861  17.77166
-64.75334  17.77304
-64.74721  17.77361
-64.74137  17.77418
-64.73581  17.77223
-64.73277  17.76834
-64.72974  17.76444
-64.72584  17.76112
-64.72195  17.75808
-64.71552  17.75636
-64.70917  17.75499
-64.70470  17.75224
-64.70057  17.74891
-64.69667  17.74553
-64.68974  17.74473
-64.68722  17.75000
-64.68390  17.75390
-64.67915  17.75585
-64.67445  17.75808
-64.67026  17.76112
-64.66723  17.76473
-64.66304  17.76777
-64.65778  17.76914
-64.65141  17.76777
-64.64420  17.76668
-64.63806  17.76530
-64.63084  17.76444
-64.62420  17.76416
-64.61720  17.76335
-64.60999  17.76221
-64.60362  17.76221
-64.59692  17.76192
-64.59028  17.76192
-64.58334  17.76112
-64.57664  17.76083
-64.57028  17.75946
-64.56501  17.75722
-64.56083  17.75390
-64.56025  17.74834
-64.56416  17.74530
-64.57085  17.74553
-64.57807  17.74639
-64.58414  17.74805
-64.59057  17.74943
-64.59584  17.74943
-64.60053  17.74720
-64.60391  17.74359
-64.60724  17.73975
-64.61085  17.73614
-64.61475  17.73304
-64.61887  17.73029
-64.62363  17.72806
-64.62804  17.72582
-64.63360  17.72445
-64.63863  17.72307
-64.64420  17.72164
-64.64860  17.71946
-64.65416  17.71752
-64.65891  17.71528
-64.66361  17.71305
-64.66831  17.71081
-64.67416  17.71030
-64.68000  17.70972
-64.68584  17.70887
-64.69192  17.70835
-64.69696  17.70692
-64.70275  17.70640
-64.70837  17.70503
-64.71415  17.70417
-64.72085  17.70445
-64.72641  17.70526
-64.73277  17.70669
-64.73890  17.70806
-64.74446  17.70669
-64.74888  17.70445
-64.75305  17.70165
-64.75775  17.69947
-64.76308  17.69804
-64.77030  17.69889
-64.77695  17.69918
-64.78279  17.69832
-64.78864  17.69781
-64.79391  17.69637
-64.79918  17.69500
-64.80444  17.69362
-64.81030  17.69276
-64.81557  17.69168
-64.81946  17.68864
-64.82307  17.68474
-64.82835  17.68331
-64.83361  17.68331
-64.83808  17.68612
-64.84306  17.68887
-64.84776  17.68669
-64.85223  17.68446
-64.85860  17.68583
-64.86249  17.68916
-64.86805  17.68973
-64.87223  17.68692
-64.87750  17.68554
-64.88197  17.68331
-64.88696  17.68113
-64.89165  17.67890
-64.89612  17.67666
-64.89584  17.67947
-64.89194  17.68251
-64.88890  17.68692
-64.88747  17.69305
-64.88529  17.69832
-64.88364  17.70417
-64.88197  17.71030
-64.88111  17.71723
-64.88002  17.72388
-64.88168  17.72886
-64.88306  17.73390
-64.88558  17.73832
-64.88833  17.74221
-64.89085  17.74668
-64.89165  17.75252
-64.88999  17.75831
-64.88638  17.76221
-64.88248  17.76501
-64.87974  17.76971
-64.87556  17.77252
-64.87086  17.77470
-64.86443  17.77447
-64.86198  17.77086
