   -46.7310070     -2.4166440
   -46.7144860     -2.4313210
   -46.6915920     -2.4348950
   -46.6763110     -2.4420060
   -46.6725390     -2.4404540
   -46.6682860     -2.4495430
   -46.6617510     -2.4542810
   -46.6496200     -2.4614420
   -46.6408540     -2.4614650
   -46.6378140     -2.4675210
   -46.6408470     -2.4690090
   -46.6342860     -2.4747940
   -46.6289020     -2.4728020
   -46.6123690     -2.4804780
   -46.6010850     -2.4783790
   -46.5960890     -2.4881520
   -46.5891200     -2.4897810
   -46.5864830     -2.4869780
   -46.5710650     -2.4960740
   -46.5444830     -2.4965070
   -46.5406720     -2.4976970
   -46.5413970     -2.5042380
   -46.5352550     -2.5031980
   -46.5310680     -2.4981070
   -46.5214550     -2.5076400
   -46.5145100     -2.5065600
   -46.5035430     -2.4951900
   -46.4946470     -2.4950510
   -46.4898110     -2.5060340
   -46.4869760     -2.5049600
   -46.4796190     -2.4816310
   -46.4529530     -2.4636300
   -46.4448120     -2.4640320
   -46.4350960     -2.4718190
   -46.4379540     -2.4815830
   -46.4283680     -2.4938650
   -46.4359100     -2.5091720
   -46.4353990     -2.5115400
   -46.4338770     -2.5148430
   -46.4156750     -2.5246150
   -46.4163410     -2.5294240
   -46.4661450     -2.5436280
   -46.4797600     -2.5417520
   -46.4831470     -2.5326450
   -46.4920260     -2.5357420
   -46.4954220     -2.5394910
   -46.5018080     -2.5560220
   -46.4897340     -2.5627040
   -46.4873270     -2.5701340
   -46.4907840     -2.5814410
   -46.5000880     -2.5788160
   -46.5091700     -2.5894840
   -46.5049560     -2.6149380
   -46.5403140     -2.6228230
   -46.5551220     -2.6307870
   -46.5636780     -2.6270240
   -46.5747270     -2.6287830
   -46.5847330     -2.6369970
   -46.5892860     -2.6602130
   -46.5937010     -2.6653910
   -46.6059260     -2.6391490
   -46.6110680     -2.6438350
   -46.6218710     -2.6445440
   -46.6196740     -2.6625690
   -46.6205830     -2.6662050
   -46.6337250     -2.6731310
   -46.6329800     -2.6820220
   -46.6359490     -2.6864430
   -46.6489520     -2.6791590
   -46.6506770     -2.6821380
   -46.6469230     -2.6890850
   -46.6638940     -2.6942200
   -46.6718430     -2.7110330
   -46.6663670     -2.7247080
   -46.6701770     -2.7307930
   -46.6680330     -2.7340450
   -46.6528080     -2.7294600
   -46.6529240     -2.7362670
   -46.6570060     -2.7388930
   -46.6508140     -2.7569760
   -46.6453890     -2.7576270
   -46.6402360     -2.7505420
   -46.6358650     -2.7545890
   -46.6319040     -2.7671680
   -46.6375310     -2.7811600
   -46.6365920     -2.7937020
   -46.6273430     -2.8044500
   -46.6113780     -2.7998670
   -46.6095390     -2.7943100
   -46.6077090     -2.7887580
   -46.6022910     -2.7892160
   -46.5989220     -2.7957050
   -46.6005320     -2.8131180
   -46.5970130     -2.8176330
   -46.5930950     -2.8157340
   -46.5903710     -2.8181020
   -46.5893930     -2.8231530
   -46.5942840     -2.8252290
   -46.5904810     -2.8318070
   -46.5829270     -2.8275700
   -46.5810130     -2.8304550
   -46.5841970     -2.8339630
   -46.5757600     -2.8414090
   -46.5817830     -2.8402740
   -46.5878460     -2.8449660
   -46.6007660     -2.8344480
   -46.6138920     -2.8289710
   -46.6184800     -2.8359230
   -46.6130900     -2.8400430
   -46.6120460     -2.8422750
   -46.6103750     -2.8550130
   -46.6180600     -2.8592950
   -46.6366150     -2.8512160
   -46.6403910     -2.8529340
   -46.6357580     -2.8587030
   -46.6412890     -2.8643500
   -46.6403960     -2.8692370
   -46.6349670     -2.8703150
   -46.6348140     -2.8740320
   -46.6417660     -2.8773640
   -46.6408130     -2.8812640
   -46.6463740     -2.8844430
   -46.6545740     -2.8784440
   -46.6685870     -2.8758440
   -46.6795990     -2.8817540
   -46.6806480     -2.8925000
   -46.6725680     -2.8927530
   -46.6625130     -2.9043130
   -46.6655620     -2.9056350
   -46.6631230     -2.9167320
   -46.6563730     -2.9232360
   -46.6537560     -2.9310790
   -46.6672330     -2.9360970
   -46.6716200     -2.9471440
   -46.6662320     -2.9543210
   -46.6556710     -2.9558480
   -46.6479880     -2.9617170
   -46.6478920     -2.9717640
   -46.6618150     -2.9731650
   -46.6619840     -2.9767340
   -46.6520350     -2.9792100
   -46.6489840     -2.9835650
   -46.6520350     -2.9965380
   -46.6691790     -2.9932170
   -46.6725930     -2.9972670
   -46.6727570     -3.0037740
   -46.6643400     -3.0100140
   -46.6741450     -3.0205580
   -46.6690630     -3.0311440
   -46.6789200     -3.0355610
   -46.6800350     -3.0541570
   -46.6756180     -3.0663340
   -46.6842850     -3.0775340
   -46.6798140     -3.0935610
   -46.6910930     -3.0921160
   -46.7067870     -3.0981900
   -46.7051780     -3.1201470
   -46.7104790     -3.1283680
   -46.7163730     -3.1261640
   -46.7165670     -3.1112190
   -46.7196920     -3.1088990
   -46.7243730     -3.1109920
   -46.7307430     -3.1238280
   -46.7349320     -3.1203930
   -46.7400440     -3.1228890
   -46.7477680     -3.1208990
   -46.7453460     -3.1335440
   -46.7323680     -3.1263550
   -46.7320130     -3.1385900
   -46.7237280     -3.1511730
   -46.7268140     -3.1589080
   -46.7372820     -3.1601140
   -46.7466200     -3.1611870
   -46.7488170     -3.1643850
   -46.7463960     -3.1788460
   -46.7523990     -3.1873060
   -46.7655870     -3.1750080
   -46.7737050     -3.1757830
   -46.7596020     -3.1864200
   -46.7571260     -3.1941960
   -46.7708740     -3.2009130
   -46.7571040     -3.2086980
   -46.7560960     -3.2161170
   -46.7594530     -3.2181930
   -46.7613450     -3.2114240
   -46.7793110     -3.2150320
   -46.7810320     -3.2209510
   -46.7785020     -3.2277130
   -46.7821740     -3.2408930
   -46.7889290     -3.2423310
   -46.7959790     -3.2362980
   -46.8073950     -3.2418710
   -46.8039810     -3.2637960
   -46.8100370     -3.2677250
   -46.8162930     -3.2649790
   -46.8190960     -3.2637480
   -46.8239830     -3.2692410
   -46.8094600     -3.2792670
   -46.8277890     -3.2926180
   -46.8116110     -3.3019240
   -46.8133230     -3.3095610
   -46.8219110     -3.3129050
   -46.8301610     -3.3114410
   -46.8399430     -3.3241340
   -46.8496320     -3.3184640
   -46.8516760     -3.3294470
   -46.8484150     -3.3356440
   -46.8579190     -3.3417220
   -46.8675850     -3.3268550
   -46.8728970     -3.3277970
   -46.8674320     -3.3331710
   -46.8683660     -3.3386950
   -46.8764800     -3.3432860
   -46.8789760     -3.3446960
   -46.8778230     -3.3423600
   -46.8877910     -3.3354950
   -46.8899680     -3.3413760
   -46.9044040     -3.3510440
   -46.9003180     -3.3523520
   -46.8992120     -3.3571130
   -46.9055890     -3.3585650
   -46.9042630     -3.3644090
   -46.9073720     -3.3671570
   -46.9155920     -3.3617470
   -46.9171790     -3.3651650
   -46.9237900     -3.3642580
   -46.9213220     -3.3684520
   -46.9237110     -3.3747670
   -46.9336250     -3.3767550
   -46.9384220     -3.3716020
   -46.9424290     -3.3752730
   -46.9366450     -3.3895360
   -46.9370410     -3.3933190
   -46.9438400     -3.3902290
   -46.9489520     -3.3926720
   -46.9446170     -3.3969070
   -46.9488290     -3.4069100
   -46.9417610     -3.4160200
   -46.9437100     -3.4228460
   -46.9468960     -3.4188050
   -46.9475550     -3.4235090
   -46.9558420     -3.4236640
   -46.9512110     -3.4369760
   -46.9478190     -3.4367100
   -46.9409230     -3.4479570
   -46.9431490     -3.4509270
   -46.9517370     -3.4485320
   -46.9472020     -3.4585410
   -46.9523160     -3.4564720
   -46.9565440     -3.4617250
   -46.9555890     -3.4651120
   -46.9492140     -3.4663160
   -46.9488380     -3.4772580
   -46.9692570     -3.4738750
   -46.9607850     -3.4951310
   -46.9671560     -3.4938730
   -46.9676050     -3.4928790
   -46.9686210     -3.4906290
   -46.9787290     -3.4916460
   -46.9834330     -3.4971410
   -46.9703760     -3.5148790
   -46.9807100     -3.5181700
   -46.9770130     -3.5260590
   -46.9904870     -3.5296090
   -46.9928960     -3.5357490
   -47.0057640     -3.5349930
   -47.0099260     -3.5452310
   -47.0184570     -3.5469100
   -47.0193980     -3.5630060
   -47.0232310     -3.5641730
   -47.0295950     -3.5601730
   -47.0367920     -3.5615720
   -47.0381390     -3.5618340
   -47.0373300     -3.5639700
   -47.0521990     -3.5694920
   -47.0578150     -3.5671810
   -47.0655410     -3.5920330
   -47.0707920     -3.5983620
   -47.0829520     -3.6033460
   -47.0958520     -3.6231820
   -47.1121790     -3.6230470
   -47.1158440     -3.6270040
   -47.1162840     -3.6185570
   -47.1231530     -3.6242670
   -47.1274330     -3.6180240
   -47.1333680     -3.6162350
   -47.1357610     -3.6214340
   -47.1413430     -3.6185500
   -47.1468970     -3.6194800
   -47.1475990     -3.6234640
   -47.1537320     -3.6226480
   -47.1536820     -3.6270130
   -47.1606290     -3.6158130
   -47.1606250     -3.6063910
   -47.1736450     -3.5841470
   -47.1900660     -3.5676280
   -47.1945110     -3.5570300
   -47.2051200     -3.5451330
   -47.2283170     -3.5264960
   -47.1931270     -3.5125090
   -47.2019570     -3.4861350
   -47.2078960     -3.4488710
   -47.2195400     -3.4560120
   -47.2542880     -3.4513740
   -47.2698590     -3.4557380
   -47.2991480     -3.4566410
   -47.3041260     -3.4519940
   -47.3184620     -3.4496870
   -47.3420640     -3.4519370
   -47.3459020     -3.4556830
   -47.3431560     -3.4623390
   -47.3525960     -3.4729620
   -47.3754580     -3.4783840
   -47.3889000     -3.4929250
   -47.4236800     -3.5130170
   -47.4752090     -3.5335570
   -47.4813720     -3.5424430
   -47.4913480     -3.5442710
   -47.5016810     -3.5365930
   -47.5168150     -3.5512640
   -47.5397270     -3.5596580
   -47.5712130     -3.5649540
   -47.5943330     -3.5732870
   -47.6356780     -3.5733350
   -47.6513020     -3.5780660
   -47.6598810     -3.5839400
   -47.6624380     -3.6009280
   -47.6757940     -3.6100830
   -47.6805610     -3.6357240
   -47.6850010     -3.6423510
   -47.6902610     -3.6443780
   -47.7085420     -3.6661430
   -47.7132330     -3.6774730
   -47.7423100     -3.7018690
   -47.7524340     -3.7026280
   -47.7757560     -3.6873460
   -47.7917950     -3.6891950
   -47.8003800     -3.6849100
   -47.8076260     -3.6872710
   -47.8207690     -3.6815910
   -47.8284300     -3.6855270
   -47.8375940     -3.6970370
   -47.8607910     -3.7022610
   -47.8739830     -3.7145980
   -47.8823700     -3.7318030
   -47.8889040     -3.7349090
   -47.9093430     -3.7346180
   -47.9203220     -3.7389500
   -47.9318090     -3.7352130
   -47.9442760     -3.7362720
   -47.9575430     -3.7304360
   -47.9561570     -3.7342580
   -47.9590760     -3.7349890
   -47.9580740     -3.7380960
   -47.9616240     -3.7374260
   -47.9605210     -3.7411060
   -47.9625700     -3.7390070
   -47.9680130     -3.7459340
   -47.9739610     -3.7464240
   -47.9726830     -3.7520710
   -47.9836270     -3.7608620
   -47.9835430     -3.7643060
   -47.9940380     -3.7701840
   -47.9985080     -3.7877010
   -48.0208160     -3.7965670
   -48.0277450     -3.8013100
   -48.0287060     -3.8064450
   -48.0326010     -3.8057860
   -48.0334010     -3.8096060
   -48.0289340     -3.8137580
   -48.0323210     -3.8222500
   -48.0424610     -3.8171540
   -48.0447380     -3.8201990
   -48.0488240     -3.8152010
   -48.0516820     -3.8168950
   -48.0609560     -3.8129970
   -48.0647620     -3.8079970
   -48.0783190     -3.8068210
   -48.0853840     -3.7970840
   -48.0891580     -3.7980600
   -48.0889050     -3.8018640
   -48.0946800     -3.8021640
   -48.0942880     -3.7990760
   -48.0990750     -3.7946390
   -48.1052120     -3.7944910
   -48.1047130     -3.7888470
   -48.1093440     -3.7868620
   -48.1128540     -3.7872020
   -48.1164670     -3.7960790
   -48.1338220     -3.7953430
   -48.1360470     -3.7922980
   -48.1449080     -3.8010960
   -48.1598250     -3.8045690
   -48.1618470     -3.8020730
   -48.1718450     -3.8039030
   -48.1731530     -3.8010340
   -48.1801250     -3.8039790
   -48.1856340     -3.8004600
   -48.1905180     -3.8038330
   -48.1985750     -3.7986390
   -48.2070740     -3.8027090
   -48.2111060     -3.7950790
   -48.2188230     -3.7975040
   -48.2198800     -3.7942650
   -48.2283750     -3.7930710
   -48.2328190     -3.7882590
   -48.2435720     -3.7969160
   -48.2544090     -3.7974010
   -48.2531810     -3.8035500
   -48.2558750     -3.8046900
   -48.2601550     -3.7944340
   -48.2626230     -3.7969340
   -48.2687950     -3.7951490
   -48.2769320     -3.8037510
   -48.2830970     -3.8024240
   -48.2898290     -3.8139000
   -48.3081580     -3.8096350
   -48.3159140     -3.8146910
   -48.3192710     -3.8091360
   -48.3239890     -3.8211150
   -48.3291100     -3.8233900
   -48.3336870     -3.8199370
   -48.3348190     -3.8265850
   -48.3387070     -3.8269390
   -48.3409340     -3.8319730
   -48.3542100     -3.8286050
   -48.3524030     -3.8226700
   -48.3622100     -3.8250470
   -48.3694030     -3.8183010
   -48.3722680     -3.8196890
   -48.3710210     -3.8228660
   -48.3862390     -3.8253390
   -48.3886910     -3.8373270
   -48.3985780     -3.8274100
   -48.4036560     -3.8302250
   -48.4017990     -3.8196820
   -48.4190740     -3.8221870
   -48.4240180     -3.8139380
   -48.4295720     -3.8165050
   -48.4481580     -3.8087010
   -48.4429940     -3.8049880
   -48.4534030     -3.8080810
   -48.4582550     -3.8044370
   -48.4642400     -3.8083930
   -48.4649900     -3.8115840
   -48.4580770     -3.8103560
   -48.4565500     -3.8131410
   -48.4616240     -3.8163250
   -48.4677700     -3.8163540
   -48.4689050     -3.8098540
   -48.4723290     -3.8099110
   -48.4733090     -3.8161970
   -48.4814160     -3.8198780
   -48.4880180     -3.8139000
   -48.4869080     -3.8216280
   -48.4956350     -3.8241580
   -48.4991840     -3.8223260
   -48.4934650     -3.8185810
   -48.4949670     -3.8158010
   -48.5133510     -3.8160260
   -48.5164910     -3.8082220
   -48.5288540     -3.8075610
   -48.5315520     -3.8038330
   -48.5342710     -3.8062830
   -48.5319330     -3.8131700
   -48.5355560     -3.8148570
   -48.5414050     -3.8071630
   -48.5475490     -3.8095060
   -48.5523310     -3.8039650
   -48.5714690     -3.8086300
   -48.5705750     -3.8117230
   -48.5760790     -3.8112540
   -48.5783270     -3.8145110
   -48.5814920     -3.8090660
   -48.5897980     -3.8090450
   -48.5970770     -3.8037690
   -48.5978770     -3.8008650
   -48.5949140     -3.7999650
   -48.5986000     -3.7934240
   -48.6061550     -3.7886010
   -48.6037190     -3.7855250
   -48.6120440     -3.7866820
   -48.6220180     -3.7769570
   -48.6351320     -3.7773700
   -48.6444350     -3.7813450
   -48.6418850     -3.7728300
   -48.6439360     -3.7686480
   -48.6507920     -3.7676360
   -48.6470720     -3.7611100
   -48.6537660     -3.7597380
   -48.6575810     -3.7648030
   -48.6610800     -3.7640690
   -48.6643250     -3.7582640
   -48.6617730     -3.7518270
   -48.6638490     -3.7494590
   -48.6753200     -3.7507020
   -48.6779410     -3.7535090
   -48.6759600     -3.7560530
   -48.6814920     -3.7590230
   -48.6855510     -3.7592030
   -48.6873290     -3.7507680
   -48.6918530     -3.7530170
   -48.6986920     -3.7490950
   -48.7096300     -3.7553330
   -48.7061930     -3.7443610
   -48.7009350     -3.7408690
   -48.7145510     -3.7392690
   -48.7138280     -3.7350050
   -48.7202420     -3.7317190
   -48.7247660     -3.7378790
   -48.7308510     -3.7229850
   -48.7319790     -3.7269740
   -48.7384610     -3.7288650
   -48.7471010     -3.7213080
   -48.7611890     -3.7213650
   -48.7637440     -3.7322410
   -48.7667130     -3.7321430
   -48.7659630     -3.7222580
   -48.7841300     -3.7208520
   -48.7815820     -3.7130800
   -48.7952160     -3.7151970
   -48.7978280     -3.7091190
   -48.8208590     -3.7114910
   -48.8230740     -3.7068670
   -48.8126060     -3.7021770
   -48.8215170     -3.6973470
   -48.8196030     -3.6877360
   -48.8374940     -3.6900450
   -48.8445890     -3.6854160
   -48.8397090     -3.6801080
   -48.8394400     -3.6765360
   -48.8464510     -3.6729810
   -48.8554920     -3.6720350
   -48.8654410     -3.6762720
   -48.8710200     -3.6715400
   -48.8709110     -3.6613780
   -48.8605790     -3.6481680
   -48.8671050     -3.6326380
   -48.8709380     -3.6472360
   -48.8862990     -3.6474570
   -48.8899070     -3.6444620
   -48.8901600     -3.6366540
   -48.8796580     -3.6296110
   -48.8745280     -3.6318080
   -48.8726880     -3.6274550
   -48.8757470     -3.6198250
   -48.8826030     -3.6185370
   -48.8788900     -3.6055910
   -48.8869240     -3.5942180
   -48.8699080     -3.5838370
   -48.8838430     -3.5679740
   -48.8791890     -3.5609500
   -48.8612450     -3.5699840
   -48.8507470     -3.5626640
   -48.8521600     -3.5505960
   -48.8578540     -3.5471310
   -48.8681320     -3.5470180
   -48.8725520     -3.5407450
   -48.8547450     -3.5365450
   -48.8466380     -3.5377350
   -48.8473510     -3.5335980
   -48.8591340     -3.5276060
   -48.8592190     -3.5234580
   -48.8568530     -3.5214730
   -48.8466110     -3.5265760
   -48.8404390     -3.5210650
   -48.8427470     -3.4971930
   -48.8468890     -3.4876570
   -48.8308570     -3.4880630
   -48.8310740     -3.4842550
   -48.8367740     -3.4686220
   -48.8416030     -3.4645060
   -48.8503800     -3.4636170
   -48.8472740     -3.4575910
   -48.8311010     -3.4579400
   -48.8216080     -3.4688020
   -48.8178820     -3.4687540
   -48.8122090     -3.4526270
   -48.8159900     -3.4396060
   -48.8102830     -3.4377720
   -48.8053580     -3.4449240
   -48.7990220     -3.4469340
   -48.7891580     -3.4258520
   -48.7796090     -3.4241040
   -48.7765430     -3.4263620
   -48.7722010     -3.4058930
   -48.7608790     -3.3952480
   -48.7528770     -3.3925970
   -48.7425840     -3.3978690
   -48.7379120     -3.3946730
   -48.7347710     -3.3808750
   -48.7302130     -3.3784690
   -48.7193410     -3.3849570
   -48.7106600     -3.3729260
   -48.6989930     -3.3868220
   -48.6867470     -3.3843150
   -48.6866310     -3.3778670
   -48.6976580     -3.3757380
   -48.7042420     -3.3705810
   -48.6965180     -3.3596520
   -48.7021520     -3.3432790
   -48.6996790     -3.3350650
   -48.6851840     -3.3358720
   -48.6766670     -3.3465110
   -48.6645510     -3.3528310
   -48.6672130     -3.3629270
   -48.6532440     -3.3548660
   -48.6382630     -3.3391400
   -48.6325660     -3.3529420
   -48.6229640     -3.3570400
   -48.6330150     -3.3235030
   -48.6255730     -3.3078130
   -48.6145400     -3.3151020
   -48.6103210     -3.3115010
   -48.6130490     -3.3328930
   -48.6100430     -3.3350150
   -48.6055260     -3.3318720
   -48.6045120     -3.3196990
   -48.5981640     -3.3190380
   -48.6046480     -3.3137340
   -48.5971840     -3.3126610
   -48.5938840     -3.3083530
   -48.5834570     -3.3088230
   -48.5815360     -3.3051400
   -48.5737110     -3.3095160
   -48.5708920     -3.3263930
   -48.5626300     -3.3251120
   -48.5600660     -3.2974890
   -48.5753480     -3.2944640
   -48.5761840     -3.2917160
   -48.5441560     -3.2781520
   -48.5186610     -3.2812220
   -48.5027920     -3.2597230
   -48.4968610     -3.2578520
   -48.4897800     -3.2603090
   -48.4741790     -3.2758480
   -48.4627110     -3.2770470
   -48.4612090     -3.2704120
   -48.4518510     -3.2675360
   -48.4449610     -3.2735580
   -48.4325990     -3.2701120
   -48.4307660     -3.2642040
   -48.4329380     -3.2622190
   -48.4410520     -3.2659070
   -48.4405390     -3.2592010
   -48.4289320     -3.2543920
   -48.4283480     -3.2605550
   -48.4242660     -3.2621620
   -48.4143220     -3.2542580
   -48.4104570     -3.2627870
   -48.4179920     -3.2690950
   -48.4167130     -3.2727140
   -48.4051010     -3.2799760
   -48.3953260     -3.2723790
   -48.3946030     -3.2617630
   -48.3909380     -3.2597890
   -48.3869070     -3.2627000
   -48.3829960     -3.2531570
   -48.3749390     -3.2611570
   -48.3721010     -3.2391020
   -48.3767690     -3.2320610
   -48.3716820     -3.2250390
   -48.3649110     -3.2257190
   -48.3597990     -3.2329280
   -48.3593790     -3.2402710
   -48.3643800     -3.2471130
   -48.3630210     -3.2500920
   -48.3563300     -3.2502220
   -48.3426250     -3.2371530
   -48.3522500     -3.2322990
   -48.3469350     -3.2254880
   -48.3362670     -3.2296620
   -48.3157430     -3.2243510
   -48.3177140     -3.2364280
   -48.3223840     -3.2414490
   -48.3178060     -3.2496450
   -48.3046230     -3.2505660
   -48.2930270     -3.2346850
   -48.2967650     -3.2281960
   -48.2925760     -3.2190910
   -48.2697680     -3.2300760
   -48.2652970     -3.2137190
   -48.2512390     -3.2081690
   -48.2409900     -3.2168030
   -48.2457350     -3.2326130
   -48.2312100     -3.2351410
   -48.2229050     -3.2228290
   -48.2263530     -3.1971060
   -48.2217670     -3.1943420
   -48.2041060     -3.2041880
   -48.1994020     -3.2146720
   -48.1997940     -3.2251100
   -48.1803550     -3.2197880
   -48.1611610     -3.2395920
   -48.1581340     -3.2209760
   -48.1625390     -3.2104030
   -48.1679050     -3.2068180
   -48.1504370     -3.2015170
   -48.1375400     -3.1890820
   -48.1219870     -3.1949480
   -48.1158260     -3.2075970
   -48.1121290     -3.2089240
   -48.0979620     -3.1957640
   -48.1018530     -3.1821390
   -48.0953480     -3.1854030
   -48.0919680     -3.1837390
   -48.0900770     -3.1804710
   -48.0863520     -3.1819770
   -48.0759890     -3.1926050
   -48.0710180     -3.1823220
   -48.0827670     -3.1681750
   -48.0949860     -3.1619210
   -48.0990970     -3.1537940
   -48.0966270     -3.1467010
   -48.0792120     -3.1368600
   -48.0715750     -3.1435150
   -48.0689970     -3.1416870
   -48.0687640     -3.1327980
   -48.0631870     -3.1328370
   -48.0597960     -3.1276450
   -48.0556300     -3.1053120
   -48.0508730     -3.1019230
   -48.0393450     -3.0978360
   -48.0246240     -3.1140550
   -48.0131560     -3.1155000
   -48.0067060     -3.1229820
   -48.0012700     -3.1126870
   -48.0038750     -3.1017360
   -48.0096940     -3.0993360
   -48.0202070     -3.1032990
   -48.0218460     -3.1010540
   -48.0080940     -3.0920750
   -47.9916160     -3.0914430
   -47.9864880     -3.0697890
   -47.9655220     -3.0777590
   -47.9547870     -3.0690460
   -47.9493400     -3.0726560
   -47.9555890     -3.0771620
   -47.9564830     -3.0820030
   -47.9534080     -3.0853170
   -47.9389930     -3.0817910
   -47.9177220     -3.0706780
   -47.9155700     -3.0663140
   -47.9206620     -3.0372000
   -47.9044410     -3.0309670
   -47.9097330     -3.0070240
   -47.9022940     -3.0060830
   -47.8981780     -3.0189690
   -47.8895450     -3.0186480
   -47.8870580     -3.0299430
   -47.8768950     -3.0300870
   -47.8745340     -3.0294080
   -47.8757350     -3.0192540
   -47.8819960     -3.0102420
   -47.8775180     -2.9996260
   -47.8730500     -2.9984230
   -47.8493430     -3.0101530
   -47.8301660     -3.0008090
   -47.8212960     -2.9905960
   -47.8204570     -2.9820770
   -47.8218200     -2.9707700
   -47.8163250     -2.9656900
   -47.8109600     -2.9696330
   -47.8103220     -2.9790340
   -47.7987030     -2.9789320
   -47.7879750     -2.9714220
   -47.7909630     -2.9587220
   -47.8023790     -2.9497400
   -47.8007650     -2.9380100
   -47.8110170     -2.9467300
   -47.8159600     -2.9436480
   -47.8162320     -2.9369090
   -47.8110740     -2.9278220
   -47.7949380     -2.9146230
   -47.7753760     -2.9132540
   -47.7967950     -2.8861140
   -47.7975130     -2.8695920
   -47.8051760     -2.8626480
   -47.8043190     -2.8582830
   -47.7957920     -2.8559930
   -47.7971960     -2.8466780
   -47.8002140     -2.8437290
   -47.8213730     -2.8467670
   -47.8443540     -2.8586960
   -47.8535910     -2.8388990
   -47.8608870     -2.8480660
   -47.8643760     -2.8478580
   -47.8661130     -2.8360140
   -47.8513800     -2.8146540
   -47.8505170     -2.7949730
   -47.8423800     -2.7871540
   -47.8409920     -2.7796640
   -47.8500110     -2.7721640
   -47.8726700     -2.7797650
   -47.8869900     -2.7744500
   -47.8901670     -2.7672270
   -47.8803760     -2.7518730
   -47.8832400     -2.7474490
   -47.9047670     -2.7404790
   -47.9071080     -2.7376490
   -47.9032350     -2.7295330
   -47.8821080     -2.7028440
   -47.8948030     -2.6986570
   -47.8882360     -2.6834960
   -47.8944470     -2.6848870
   -47.8994060     -2.6701130
   -47.8795460     -2.6625850
   -47.8732650     -2.6507820
   -47.8646270     -2.6458290
   -47.8713500     -2.6118110
   -47.8520440     -2.6141510
   -47.8366210     -2.6224000
   -47.8230280     -2.6193660
   -47.8255580     -2.5980740
   -47.8305350     -2.5903070
   -47.8272100     -2.5856600
   -47.8100320     -2.5872940
   -47.8010530     -2.5843630
   -47.7950520     -2.5868150
   -47.7950060     -2.5948900
   -47.7905390     -2.5936850
   -47.7799040     -2.5824260
   -47.7786490     -2.5759510
   -47.7865250     -2.5676640
   -47.8008450     -2.5662010
   -47.8034590     -2.5636870
   -47.8022040     -2.5573690
   -47.7958260     -2.5530710
   -47.7738600     -2.5552200
   -47.7565550     -2.5399360
   -47.7563200     -2.5373950
   -47.7638250     -2.5387600
   -47.7646230     -2.5226530
   -47.7493020     -2.5217280
   -47.7374370     -2.5253900
   -47.7406530     -2.5303340
   -47.7377540     -2.5331780
   -47.7407880     -2.5355830
   -47.7411040     -2.5441590
   -47.7384720     -2.5464700
   -47.7294030     -2.5444190
   -47.7275440     -2.5516480
   -47.7313500     -2.5547870
   -47.7288180     -2.5626340
   -47.7241590     -2.5625450
   -47.7208450     -2.5677620
   -47.7135720     -2.5664650
   -47.7114370     -2.5767940
   -47.7058780     -2.5777740
   -47.7095410     -2.5903410
   -47.7037650     -2.6029080
   -47.7006520     -2.6020830
   -47.7014270     -2.6094310
   -47.6909950     -2.6255240
   -47.6933470     -2.6290710
   -47.6890670     -2.6356640
   -47.6916310     -2.6402000
   -47.6841850     -2.6465970
   -47.6841530     -2.6525180
   -47.6740750     -2.6644270
   -47.6735530     -2.6722880
   -47.6807710     -2.6762080
   -47.6784370     -2.6824160
   -47.6798480     -2.6997900
   -47.6824830     -2.7014950
   -47.6820730     -2.7167740
   -47.6892400     -2.7197870
   -47.6862750     -2.7224850
   -47.6822960     -2.7372520
   -47.6675410     -2.7412750
   -47.6638990     -2.7449120
   -47.6624420     -2.7566570
   -47.6452100     -2.7753040
   -47.6374810     -2.7778500
   -47.6308220     -2.7972390
   -47.6121560     -2.8060770
   -47.5805390     -2.8278450
   -47.5659320     -2.8436380
   -47.5388450     -2.8509080
   -47.5297010     -2.8602050
   -47.5186540     -2.8611570
   -47.4986800     -2.8744060
   -47.4648370     -2.8756270
   -47.4346090     -2.8855030
   -47.4242320     -2.8868390
   -47.4112360     -2.8964380
   -47.3919140     -2.8897670
   -47.0572270     -2.6188580
   -47.0558160     -2.6046950
   -47.0451480     -2.5738150
   -47.0509530     -2.5543380
   -47.0479900     -2.5459530
   -47.0500960     -2.5320040
   -47.0430710     -2.5287890
   -47.0276260     -2.4984600
   -47.0110080     -2.4874950
   -47.0048680     -2.4877050
   -46.9753440     -2.4752240
   -46.9092020     -2.4222960
   -46.8868300     -2.4174940
   -46.8650320     -2.4198000
   -46.8599540     -2.4172340
   -46.8391800     -2.4236320
   -46.8302000     -2.4185650
   -46.8283150     -2.4178630
   -46.7745660     -2.4105680
   -46.7310070     -2.4166440
