   -54.7193830     -2.0804960
   -54.7013250     -2.0826820
   -54.6055310     -2.0782900
   -54.5518000     -2.0885070
   -54.5152080     -2.1093000
   -54.5122140     -2.1093910
   -54.4713400     -2.1744950
   -54.3646690     -2.3405620
   -54.3285520     -2.3991950
   -54.2901070     -2.4064950
   -54.2658530     -2.4154360
   -54.2600550     -2.4252130
   -54.2565240     -2.4463480
   -54.2372400     -2.4610500
   -54.2346040     -2.4673250
   -54.2262640     -2.4818730
   -54.2321060     -2.5065050
   -54.2427970     -2.5152410
   -54.2414640     -2.5320180
   -54.2503840     -2.5584520
   -54.2537730     -2.5825880
   -54.2493590     -2.5897260
   -54.2117760     -2.6167750
   -54.1923780     -2.6224200
   -54.1813010     -2.6314180
   -54.1789200     -2.6354980
   -54.1784640     -2.6403200
   -54.1849710     -2.6515980
   -54.1822430     -2.6594220
   -54.1700740     -2.6640530
   -54.1634150     -2.6717340
   -54.1661570     -2.6885450
   -54.1483540     -2.7015790
   -54.1509640     -2.7125670
   -54.1606590     -2.7160860
   -54.1587970     -2.7229210
   -54.1368560     -2.7344010
   -54.1115530     -2.7546240
   -54.1121570     -2.8865190
   -54.1029630     -2.8865540
   -54.1024360     -2.9206290
   -54.0887110     -2.9610340
   -54.0781090     -2.9725160
   -54.0546890     -2.9873600
   -54.0459890     -2.9987900
   -54.0453530     -3.0484980
   -54.0489430     -3.0787650
   -54.0601880     -3.0870150
   -54.0699150     -3.1143900
   -54.1028900     -3.1322760
   -54.0965470     -3.1567310
   -54.0996900     -3.1634410
   -54.1140210     -3.1724300
   -54.1572720     -3.1902210
   -54.1926040     -3.1983190
   -54.2022740     -3.2037710
   -54.2078560     -3.2091240
   -54.2159420     -3.2365880
   -54.2426670     -3.2645050
   -54.2568500     -3.2706110
   -54.2597970     -3.2765890
   -54.2571900     -3.2902730
   -54.2640270     -3.3103110
   -54.2570480     -3.3342350
   -54.2557680     -3.3553420
   -54.2889400     -3.3782130
   -54.2859230     -3.4023950
   -54.3228330     -3.3947480
   -54.3436900     -3.3768300
   -54.3703850     -3.3711570
   -54.3892470     -3.3706170
   -54.4297450     -3.3772310
   -54.4552150     -3.3905870
   -54.4861900     -3.3931030
   -54.4977180     -3.3946440
   -54.5166670     -3.3705960
   -54.5325780     -3.3606850
   -54.5570560     -3.3615390
   -54.5725510     -3.3668470
   -54.5734630     -3.3847410
   -54.5986090     -3.4047520
   -54.6023060     -3.4115840
   -54.6201120     -3.4119880
   -54.6438020     -3.4175720
   -54.6676420     -3.4399120
   -54.6811860     -3.4480300
   -54.6963040     -3.4683390
   -54.7082850     -3.4754440
   -54.7123540     -3.4878510
   -54.6992490     -3.5227790
   -54.7408110     -3.5258150
   -54.7586750     -3.5206520
   -54.7620840     -3.5290120
   -54.7799460     -3.5228130
   -54.8028600     -3.5275670
   -54.8130640     -3.5362990
   -54.8239970     -3.5535470
   -54.8336720     -3.5561480
   -54.8342510     -3.2828700
   -54.8329660     -2.9531700
   -54.8323870     -2.6552370
   -54.7995490     -2.6454100
   -54.8092190     -2.6401490
   -54.8068880     -2.6218390
   -54.8136360     -2.6067920
   -54.8301350     -2.5941270
   -54.8300210     -2.5705860
   -54.8827710     -2.5706360
   -54.9582750     -2.5707040
   -54.9551430     -2.5504930
   -54.9747460     -2.5474870
   -55.0583310     -2.5493580
   -55.0872150     -2.7183240
   -55.0936580     -2.7493270
   -55.1011650     -2.8128920
   -55.1269690     -2.9008420
   -55.1455760     -2.9431060
   -55.1702180     -3.0065000
   -55.1865000     -3.0907090
   -55.2060100     -3.1575020
   -55.2338110     -3.2419420
   -55.2958900     -3.2398680
   -55.3161970     -3.2266140
   -55.3285000     -3.2273300
   -55.3357500     -3.2216340
   -55.3439710     -3.2211970
   -55.3580010     -3.2350590
   -55.5047270     -3.2401460
   -56.3445660     -3.2648150
   -55.9467020     -2.5921460
   -55.8654190     -2.4550790
   -55.8310350     -2.3969500
   -55.8189990     -2.3765990
   -55.8185320     -2.3687270
   -55.8141400     -2.3394290
   -55.8114170     -2.3302100
   -55.7943390     -2.3254140
   -55.7884130     -2.3201590
   -55.7738950     -2.2975980
   -55.7558350     -2.2921230
   -55.7466730     -2.2975860
   -55.7372010     -2.2839960
   -55.7196950     -2.2775590
   -55.7134750     -2.2701430
   -55.7014160     -2.2689920
   -55.6921950     -2.2623420
   -55.6867530     -2.2425950
   -55.6727790     -2.2325210
   -55.6658440     -2.2217050
   -55.6596560     -2.1971630
   -55.6477040     -2.1941450
   -55.6321670     -2.1948590
   -55.6211660     -2.1905580
   -55.6186680     -2.1831230
   -55.6215780     -2.1583290
   -55.5940240     -2.1538480
   -55.5891080     -2.1558860
   -55.5898030     -2.1656060
   -55.5871610     -2.1685370
   -55.5765310     -2.1703380
   -55.5702130     -2.1667460
   -55.5414690     -2.1625000
   -55.5236390     -2.1551770
   -55.5033800     -2.1409850
   -55.4688330     -2.1317430
   -55.4018100     -2.1302500
   -55.3775260     -2.1339330
   -55.3706930     -2.1375750
   -55.3600840     -2.1538410
   -55.3591110     -2.1740780
   -55.3209150     -2.1928440
   -55.3110010     -2.2044580
   -55.2881770     -2.2152160
   -55.2416600     -2.2168730
   -55.1976660     -2.2268400
   -55.1856070     -2.2349420
   -55.1762510     -2.2463880
   -55.1481060     -2.2608650
   -55.1317170     -2.2635310
   -55.1095000     -2.2590350
   -55.0824740     -2.2451800
   -55.0816760     -2.2447100
   -55.0698250     -2.2312520
   -55.0744450     -2.2147260
   -55.0932150     -2.1805780
   -55.0948340     -2.1669690
   -54.9887470     -2.1616610
   -54.9394650     -2.1323400
   -54.9144290     -2.1277660
   -54.8879750     -2.1290780
   -54.8428520     -2.1416300
   -54.8277510     -2.1400730
   -54.8119930     -2.1244450
   -54.7874150     -2.1187970
   -54.7644110     -2.1071480
   -54.7549170     -2.0977790
   -54.7408630     -2.0730570
   -54.7387440     -2.0715320
   -54.7193830     -2.0804960
