   -52.9183406      4.9931581
   -52.9205419      4.9998786
   -52.9398279      5.0094600
   -52.9532141      5.0147727
   -52.9776112      5.0208925
   -52.9914571      5.0171526
   -53.0272592      5.0175306
   -53.0537848      5.0067343
   -53.0563517      5.0001716
   -53.0537234      4.9899185
   -53.0555441      4.9869022
   -53.0622014      4.9853896
   -53.0760051      4.9888992
   -53.0792547      4.9902721
   -53.0815170      4.9929862
   -53.0848576      5.0031735
   -53.0921131      5.0111875
   -53.0948520      5.0134841
   -53.1052171      5.0156114
   -53.1076587      5.0179632
   -53.1118007      5.0276412
   -53.1255770      5.0391411
   -53.1324864      5.0595859
   -53.1344704      5.0624994
   -53.1376128      5.0640259
   -53.1482843      5.0631769
   -53.1518068      5.0624149
   -53.1573281      5.0581566
   -53.1642202      5.0377208
   -53.1617067      5.0273239
   -53.1626149      5.0239037
   -53.1667876      5.0180770
   -53.1699281      5.0163941
   -53.1947017      5.0141327
   -53.2048034      5.0104194
   -53.2114172      5.0122774
   -53.2178465      5.0208977
   -53.2270057      5.0263627
   -53.2446614      5.0279926
   -53.2445323      5.0350169
   -53.2572326      5.0477822
   -53.2499121      5.0554371
   -53.2527218      5.0728106
   -53.2506043      5.0757017
   -53.2363929      5.0746302
   -53.2091737      5.0659461
   -53.1922238      5.0708854
   -53.1872161      5.0803221
   -53.1847241      5.0979316
   -53.1737726      5.1120894
   -53.1503571      5.1280160
   -53.1480129      5.1307269
   -53.1367931      5.1486283
   -53.1332085      5.1660611
   -53.1334640      5.1696403
   -53.1348096      5.1729626
   -53.1482556      5.1894518
   -53.1443757      5.1993731
   -53.1457738      5.2419300
   -53.1426140      5.2593796
   -53.1321853      5.2583396
   -53.1193041      5.2521004
   -53.1094151      5.2372080
   -53.1006438      5.2138497
   -53.1003866      5.2070068
   -53.0927878      5.1997816
   -53.0718262      5.1956921
   -53.0660028      5.1990924
   -53.0809530      5.2178930
   -53.0787058      5.2283063
   -53.0872205      5.2478148
   -53.0937925      5.2794529
   -53.0811828      5.3167517
   -53.0722294      5.3659360
   -53.0609906      5.3794809
   -53.0690243      5.3944250
   -53.0614064      5.4064389
   -53.0592768      5.4169062
   -53.0699154      5.4309734
   -53.0840141      5.4332122
   -53.0947000      5.4424688
   -53.1294678      5.4605180
   -53.1600189      5.4996340
   -53.1699422      5.5218546
   -53.1331549      5.5080297
   -53.1172703      5.4936218
   -53.0731674      5.4690685
   -53.0170186      5.4566208
   -52.9982362      5.4351206
   -52.9951058      5.4351581
   -52.9942232      5.4383706
   -53.0011934      5.4509146
   -53.0013131      5.4543769
   -52.9992831      5.4570959
   -52.9959209      5.4579931
   -52.9711362      5.4548744
   -52.9609931      5.4514086
   -52.9507125      5.4528344
   -52.9318155      5.4429498
   -52.9251093      5.4307291
   -52.8761897      5.3950147
   -52.8708202      5.3856459
   -52.8552761      5.3767601
   -52.8488503      5.3639764
   -52.8350082      5.3477788
   -52.8316746      5.3340269
   -52.8265358      5.3289696
   -52.8130450      5.3244162
   -52.8069663      5.3156361
   -52.8093960      5.2981145
   -52.8126789      5.2917212
   -52.8258511      5.2863567
   -52.8280890      5.2835833
   -52.8265510      5.2696903
   -52.8407437      5.2588253
   -52.8745297      5.2218161
   -52.8791886      5.2083571
   -52.8861179      5.2001807
   -52.8872914      5.1823560
   -52.8936696      5.1618123
   -52.8959068      5.1590208
   -52.9142917      5.1489657
   -52.9283364      5.1472506
   -52.9489630      5.1274595
   -52.9610409      5.1197555
   -52.9643495      5.1135972
   -52.9639247      5.0925322
   -52.9793106      5.0728927
   -52.9756888      5.0560328
   -52.9691351      5.0564234
   -52.9528370      5.0425309
   -52.9492805      5.0290518
   -52.9398515      5.0296676
   -52.9283148      5.0218357
   -52.9263027      5.0151690
   -52.9171449      5.0098433
   -52.9151316      4.9995870
   -52.9183406      4.9931581
