   -54.9551430     -2.5504930
   -54.9582750     -2.5707040
   -54.8827710     -2.5706360
   -54.8300210     -2.5705860
   -54.8301350     -2.5941270
   -54.8136360     -2.6067920
   -54.8068880     -2.6218390
   -54.8092190     -2.6401490
   -54.7995490     -2.6454100
   -54.8323870     -2.6552370
   -54.8329660     -2.9531700
   -54.8342510     -3.2828700
   -54.8336720     -3.5561480
   -54.8690370     -3.5612390
   -54.8949120     -3.5632500
   -54.9084090     -3.5766460
   -54.9129720     -3.5865060
   -54.9167740     -3.6003830
   -54.9052730     -3.6539820
   -54.9096650     -3.6795770
   -54.9223030     -3.6995740
   -54.9528570     -3.7265090
   -54.9516400     -3.7492160
   -54.9446640     -3.7741270
   -54.9473870     -3.7965530
   -54.9438640     -3.8091660
   -54.9628330     -3.8158920
   -54.9655000     -3.8263050
   -54.9782490     -3.8345010
   -54.9749440     -3.8433030
   -54.9806670     -3.8477290
   -55.0033610     -3.8531280
   -55.0176440     -3.8618370
   -55.0182750     -3.8652710
   -55.0085000     -3.8733670
   -55.0077210     -3.8844980
   -55.0024420     -3.8922180
   -55.0126980     -3.9061870
   -55.0179110     -3.9213610
   -55.0166370     -3.9385530
   -55.0199960     -3.9473180
   -55.0260540     -3.9460190
   -55.0246930     -3.9305570
   -55.0284490     -3.9234830
   -55.0350540     -3.9263500
   -55.0402530     -3.9244080
   -55.0497430     -3.9304370
   -55.0553890     -3.9220830
   -55.0721400     -3.9201010
   -55.0731390     -3.9263480
   -55.0659680     -3.9305320
   -55.0632740     -3.9364330
   -55.0732800     -3.9375590
   -55.0805590     -3.9328200
   -55.0849990     -3.9193140
   -55.0936960     -3.9124930
   -55.0880780     -3.8856450
   -55.0959500     -3.8760200
   -55.0931650     -3.8726920
   -55.1076400     -3.8677370
   -55.1240570     -3.8717190
   -55.1260030     -3.8641110
   -55.1296660     -3.8633750
   -55.1465430     -3.8661010
   -55.1481930     -3.8562260
   -55.1429170     -3.8432210
   -55.1455260     -3.8414890
   -55.1543870     -3.8516700
   -55.1552540     -3.8445150
   -55.1506660     -3.8283450
   -55.1510510     -3.8114270
   -55.1178600     -3.7846270
   -55.1262520     -3.7531930
   -55.1365560     -3.7403860
   -55.1383170     -3.7334260
   -55.1610840     -3.7126670
   -55.1650970     -3.7023500
   -55.1741680     -3.6967730
   -55.1506950     -3.6712850
   -55.1723900     -3.6510850
   -55.1723860     -3.6479220
   -55.1620800     -3.6416400
   -55.1612200     -3.6308830
   -55.1433290     -3.6205700
   -55.1380280     -3.5890200
   -55.1276940     -3.5881650
   -55.1157220     -3.5735740
   -55.1177210     -3.5598100
   -55.1154710     -3.5424550
   -55.0958910     -3.5317880
   -55.1037750     -3.5248710
   -55.0920870     -3.5101820
   -55.0939450     -3.5056510
   -55.1138350     -3.4932280
   -55.1140560     -3.4894150
   -55.1040850     -3.4824180
   -55.1016670     -3.4766330
   -55.1202210     -3.4585920
   -55.1259510     -3.4401190
   -55.1187960     -3.4278260
   -55.0875770     -3.4002250
   -55.0796960     -3.3635220
   -55.0807710     -3.3512600
   -55.0780250     -3.3484680
   -55.0859680     -3.3372390
   -55.0876430     -3.3290520
   -55.0560560     -3.3105230
   -55.0465840     -3.2695710
   -55.0373380     -3.2547620
   -55.0472750     -3.2337980
   -55.0544180     -3.2323810
   -55.1375860     -3.2493900
   -55.1760830     -3.2435710
   -55.2338110     -3.2419420
   -55.2060100     -3.1575020
   -55.1865000     -3.0907090
   -55.1702180     -3.0065000
   -55.1455760     -2.9431060
   -55.1269690     -2.9008420
   -55.1011650     -2.8128920
   -55.0936580     -2.7493270
   -55.0872150     -2.7183240
   -55.0583310     -2.5493580
   -54.9747460     -2.5474870
   -54.9551430     -2.5504930
