  PFT NAME                  HGT_MIN          DBH    BLEAF_MIN    BROOT_MIN BSAPWOOD_MIN   BALIVE_MIN    BDEAD_MIN     BLEAF_BL     BROOT_BL  BSAPWOOD_BL    BALIVE_BL     BDEAD_BL    BLEAF_MAX    BROOT_MAX BSAPWOOD_MAX   BALIVE_MAX    BDEAD_MAX    INIT_DENS MIN_REC_SIZE MIN_COH_SIZE  NEGL_NPLANT          SLA VEG_HCAP_MIN      LAI_MIN      HGT_MAX     DBH_CRIT  ONE_PLANT_C
    1 C4_grass          5.00000E-01  8.94367E-02  3.68607E-04  3.68607E-04  1.07274E-06  7.38287E-04  8.42020E-05  5.68967E-03  5.68967E-03  4.96752E-05  1.14290E-02  4.83677E-03  5.68967E-03  5.68967E-03  4.96752E-05  1.14290E-02  4.28245E-02  1.00000E+00  1.37082E-05  1.37082E-06  4.21114E-06  2.27000E+01  1.34690E+00  1.39456E-03  1.50000E+00  4.97757E-01  8.22489E-04
    2 Early_tropical    5.00000E-01  8.94367E-02  6.67114E-04  6.67114E-04  1.36997E-06  1.33560E-03  2.15118E-04  2.24937E+01  2.24937E+01  3.23349E+00  4.82210E+01  1.25685E+03  2.24937E+01  2.24937E+01  3.23349E+00  4.82210E+01  1.09787E+04  1.00000E+00  2.58453E-05  2.58453E-06  3.90640E-11  1.60179E+01  2.43766E+00  1.78097E-03  3.50000E+01  6.83095E+01  1.55072E-03
    3 Mid_tropical      5.00000E-01  8.94367E-02  7.97069E-04  7.97069E-04  1.18997E-06  1.59533E-03  2.85031E-04  2.56364E+01  2.56364E+01  2.67913E+00  5.39519E+01  1.62373E+03  2.56364E+01  2.56364E+01  2.67913E+00  5.39519E+01  1.41242E+04  1.00000E+00  3.13393E-05  3.13393E-06  3.68399E-11  1.16448E+01  2.91252E+00  1.54696E-03  3.50000E+01  6.83095E+01  1.88036E-03
    4 Late_tropical     5.00000E-01  8.94367E-02  9.20840E-04  9.20840E-04  1.14083E-06  1.84282E-03  3.58105E-04  2.85048E+01  2.85048E+01  2.47203E+00  5.94817E+01  1.99859E+03  2.85048E+01  2.85048E+01  2.47203E+00  5.94817E+01  1.73261E+04  1.00000E+00  3.66821E-05  3.66821E-06  3.51652E-11  9.66342E+00  3.36478E+00  1.48308E-03  3.50000E+01  6.83095E+01  2.20093E-03
    5 C3_grass          1.50000E-01  5.02385E-01  2.00954E-02  2.00954E-02  1.70038E-05  4.02078E-02  2.51192E-06  1.59772E-01  1.59772E-01  4.09100E-04  3.19954E-01  1.99715E-05  1.59772E-01  1.59772E-01  4.09100E-04  3.19954E-01  5.99146E-05  1.00000E-01  6.70172E-04  6.70172E-05  3.49033E-05  2.20000E+01  9.16551E+00  7.36831E-03  4.53910E-01  3.99431E+00  4.02103E-02
    6 North_pine        1.50000E+00  1.90435E-01  5.14543E-04  1.78186E-04  1.18741E-06  6.93917E-04  1.79623E-03  4.66791E+01  1.61650E+01  1.94708E+00  6.47912E+01  1.25051E+03  4.66791E+01  1.61650E+01  1.94708E+00  6.47912E+01  1.46179E+04  1.00000E-01  4.15025E-05  4.15025E-06  4.71105E-11  6.00000E+00  2.34683E-01  5.14543E-05  2.71129E+01  7.77030E+01  2.49015E-03
    7 South_pine        1.50000E+00  1.90435E-01  5.14543E-04  1.78186E-04  1.78111E-06  6.94510E-04  1.79623E-03  4.66791E+01  1.61650E+01  2.92062E+00  6.57647E+01  1.25051E+03  4.66791E+01  1.61650E+01  2.92062E+00  6.57647E+01  1.46179E+04  1.00000E-01  4.15124E-05  4.15124E-06  4.71186E-11  9.00000E+00  2.34683E-01  7.71815E-05  2.71129E+01  7.77030E+01  2.49074E-03
    8 Late_conifer      1.50000E+00  1.98302E-01  1.49106E-03  5.16355E-04  5.73486E-06  2.01315E-03  2.47971E-03  2.48945E+01  8.62096E+00  1.45328E+00  3.49687E+01  6.28137E+02  2.48945E+01  8.62096E+00  1.45328E+00  3.49687E+01  6.69241E+03  1.00000E-01  7.48811E-05  7.48811E-06  1.85513E-10  1.00000E+01  6.80074E-01  2.48511E-04  2.27672E+01  6.40401E+01  4.49287E-03
    9 Early_hardwood    1.50000E+00  1.35560E-01  1.96240E-04  2.21241E-04  2.26430E-06  4.19745E-04  3.57601E-05  4.71001E+00  5.31006E+00  8.20890E-01  1.08410E+01  9.35082E+02  4.71001E+00  5.31006E+00  8.20890E-01  1.08410E+01  2.41495E+04  1.00000E-01  7.59175E-06  7.59175E-07  5.23705E-12  3.00000E+01  8.95049E-02  9.81199E-05  2.26572E+01  4.34928E+01  4.55505E-04
   10 Mid_hardwood      1.50000E+00  1.60647E-01  1.67786E-03  1.89162E-03  1.56170E-05  3.58509E-03  9.04376E-04  9.12407E+00  1.02865E+01  1.42417E+00  2.08347E+01  1.83966E+03  9.12407E+00  1.02865E+01  1.42417E+00  2.08347E+01  2.73603E+04  1.00000E-01  7.48245E-05  7.48245E-06  4.55450E-11  2.42000E+01  7.65271E-01  6.76736E-04  2.51548E+01  5.93171E+01  4.48947E-03
   11 Late_hardwood     1.50000E+00  1.58926E-01  3.52118E-04  3.96978E-04  8.12580E-06  7.57222E-04  1.86763E-03  8.24530E+00  9.29575E+00  2.96374E+00  2.05048E+01  9.02506E+02  8.24530E+00  9.29575E+00  2.96374E+00  2.05048E+01  1.07110E+04  1.00000E-01  4.37475E-05  4.37475E-06  6.79422E-11  6.00000E+01  1.60601E-01  3.52118E-04  2.33640E+01  5.31459E+01  2.62485E-03
   12 C3_pasture        1.50000E-01  5.02385E-01  2.00954E-02  2.00954E-02  1.70038E-05  4.02078E-02  2.51192E-06  1.59772E-01  1.59772E-01  4.09100E-04  3.19954E-01  1.99715E-05  1.59772E-01  1.59772E-01  4.09100E-04  3.19954E-01  5.99146E-05  1.00000E-01  6.70172E-04  6.70172E-05  3.49033E-05  2.20000E+01  9.16551E+00  7.36831E-03  4.53910E-01  3.99431E+00  4.02103E-02
   13 C3_crop           1.50000E-01  5.02385E-01  2.00954E-02  2.00954E-02  1.70038E-05  4.02078E-02  2.51192E-06  1.59772E-01  1.59772E-01  4.09100E-04  3.19954E-01  1.99715E-05  1.59772E-01  1.59772E-01  4.09100E-04  3.19954E-01  5.99146E-05  1.00000E-01  6.70172E-04  6.70172E-05  3.49033E-05  2.20000E+01  9.16551E+00  7.36831E-03  4.53910E-01  3.99431E+00  4.02103E-02
   14 C4_pasture        5.00000E-01  8.94367E-02  3.68607E-04  3.68607E-04  1.07274E-06  7.38287E-04  8.42020E-05  5.68967E-03  5.68967E-03  4.96752E-05  1.14290E-02  4.83677E-03  5.68967E-03  5.68967E-03  4.96752E-05  1.14290E-02  4.28245E-02  1.00000E-01  1.37082E-05  1.37082E-06  4.21114E-06  2.27000E+01  1.34690E-01  1.39456E-04  1.50000E+00  4.97757E-01  8.22489E-04
   15 C4_crop           5.00000E-01  8.94367E-02  3.68607E-04  3.68607E-04  1.07274E-06  7.38287E-04  8.42020E-05  5.68967E-03  5.68967E-03  4.96752E-05  1.14290E-02  4.83677E-03  5.68967E-03  5.68967E-03  4.96752E-05  1.14290E-02  4.28245E-02  1.00000E-01  1.37082E-05  1.37082E-06  4.21114E-06  2.27000E+01  1.34690E-01  1.39456E-04  1.50000E+00  4.97757E-01  8.22489E-04
   16 Subtrop_C3_grass  5.00000E-01  8.94367E-02  3.68607E-04  3.68607E-04  1.07274E-06  7.38287E-04  8.42020E-05  5.68967E-03  5.68967E-03  4.96752E-05  1.14290E-02  4.83677E-03  5.68967E-03  5.68967E-03  4.96752E-05  1.14290E-02  4.28245E-02  1.00000E+00  1.37082E-05  1.37082E-06  4.21114E-06  2.27000E+01  1.34690E+00  1.39456E-03  1.50000E+00  4.97757E-01  8.22489E-04
   17 Araucaria         5.00000E-01  8.94367E-02  6.74748E-04  6.74748E-04  8.65061E-07  1.35036E-03  2.19023E-04  2.26826E+01  2.26826E+01  2.03562E+00  4.74008E+01  1.27759E+03  2.26826E+01  2.26826E+01  2.03562E+00  4.74008E+01  1.11569E+04  1.00000E+00  2.61564E-05  2.61564E-06  3.89082E-11  1.00000E+01  2.46555E+00  1.12458E-03  3.50000E+01  6.83095E+01  1.56938E-03
